-7.922227907718055739e-01
4.267331994596377243e-01
9.753751646845247592e-02
-2.171099826053462523e-01
9.836160400494899925e-01
-7.349742150820052222e-01
1.156727547915556986e+00
-2.340511961162888288e-01
7.821706280176827786e-01
-9.714302692306587828e-01
9.803859155279754933e-01
-7.282401211788234185e-01
-5.813242590597524906e-01
6.984766065067285479e-02
2.181955197128858936e-01
6.934228573284353381e-01
6.414621645644298376e-01
3.631488300059252938e-01
4.155399193391695611e-03
4.900152860111008923e-01
7.422323632386504944e-01
-6.763200755880658388e-01
6.835225328987013516e-01
6.691615946687055061e-01
6.125825670775091325e-01
5.331070272208422445e-01
-8.365303575306282102e-01
1.450921853750246848e+00
-7.496065824062823901e-02
-6.698140947044166627e-01
-1.149261397537065132e+00
3.031643954994088785e-01
-1.426974041003331362e+00
9.351798016312998230e-02
-9.484245979290406581e-01
4.771027066680573747e-01
8.510927181524950980e-01
-6.589865934459369079e-01
-2.647838965751777018e-01
-1.007927301444507595e+00
4.634550407174361508e-01
5.802680900748461434e-01
-5.955725717985816958e-01
8.198586517743138291e-01
5.299554955754532948e-01
-4.062906747719419176e-01
4.126304382910016000e-01
-4.643399225664951446e-01
-1.173833996121549927e-01
4.662092972980709793e-01
-4.197785362684100519e-02
6.765084500884641638e-01
6.749373657277417671e-01
-7.185873940702925955e-01
2.634033934900359419e-01
1.215508977162601256e-01
-4.010500308307804462e-02
3.892323600048808174e-02
-1.250238157927894278e-01
-3.348457480995137292e-01
-8.581432756437399334e-01
-1.179570823562043458e+00
4.163811078906821117e-01
-1.485254843983728201e-01
-1.168823707552271829e+00
4.591527772796907270e-01
-5.121953645165400193e-02
-5.425326896068080051e-01
-3.415704261220946503e-01
-8.700957206226016538e-01
-1.311830816234867525e+00
1.359454144019914157e+00
-2.992975046917456527e-02
1.215202541585292728e+00
4.270131566965551517e-02
-6.098997885428997234e-01
-9.971031108101229279e-01
-4.143901321680168448e-01
1.099429910203289840e+00
4.227088851077221432e-01
4.453916826386304928e-01
-2.586251118354604417e-02
9.399720251081035149e-01
-8.559586530646698943e-01
1.170276130818963534e-01
-2.914803383834303485e-01
8.747091020791635252e-01
-1.245032008482594432e-01
-9.253578925218093609e-02
-1.057904607568411981e+00
1.422877972832327753e+00
8.035120717470897178e-01
-1.243704299912232525e+00
2.859808518114695941e-01
5.019950483980015199e-02
-1.382670249510680405e+00
4.335570626179520159e-01
1.984201189802992094e-02
3.180122102764827985e-01
-7.457767167715595447e-02
3.691513467078438859e-01
2.125298302044321463e+00
2.543348003327145501e-01
7.060292054366532621e-01
7.820596270341955147e-01
-6.268336324085890254e-01
-3.838299225573903461e-01
3.307269324682915457e-01
-1.584423821222487483e+00
-1.196710807221410100e+00
1.143054418939307038e+00
-2.111106503888379726e-01
-4.945902983583099766e-01
2.574399924168696563e-01
1.165873783827103161e+00
-1.703373972873312603e+00
-1.055847820225401357e+00
8.027050886155626674e-01
1.693252713529101450e-01
-7.768848089054442019e-02
-1.842376847536235651e-01
-9.751880953482469083e-01
-1.197114369401706790e+00
3.758251524965144919e-02
-1.167968489556170386e+00
-6.691726192230847969e-01
-4.276171479077736093e-01
6.414762555970746627e-01
-9.052737030037529831e-01
1.948714417523570441e-01
-9.510198836694727653e-01
2.131634344069774922e-01
-7.818694489717563645e-01
-7.577150234115548333e-02
-1.032038986445349860e+00
-9.463063324195493120e-01
-1.958026745508938404e-01
2.812419428065042748e-01
1.819286929814061538e-01
-3.584881234614675782e-02
-2.231060804309596413e-01
-1.839022031369217658e-01
-1.209975283929231926e+00
-5.616692944100474261e-01
6.602620781570109898e-01
-3.834714695160612585e-01
1.991119022984915166e-01
7.722491238667505975e-01
-5.242436252658050355e-01
1.178139582516819939e+00
3.277910666272447759e-01
-1.646521789386608814e-01
8.825999881775385969e-01
3.307269866791852642e-01
-7.847072956114401476e-01
-3.653446320798550695e-02
5.218396978132477937e-02
-3.060221576018116174e-01
-6.463327393828683931e-01
1.083198309412837013e+00
1.189731898385579800e+00
2.933075455928035868e-01
-4.580480485694122805e-01
-1.774229153583107399e+00
1.208726372868695886e+00
-1.137679717646429500e+00
7.559396755301979187e-01
-9.094463986438037217e-01
-6.243774561006474322e-01
8.675335946276911958e-01
-5.808501035553062519e-02
-8.195253287732442438e-01
-3.937862147246555811e-01
-1.526166231643730220e-01
-4.504447825583873799e-02
-6.986540212464916744e-01
4.154516623822374077e-01
3.961765438079467017e-01
8.169186636288672254e-01
1.302836615804773002e-01
-4.994890645120900197e-01
-3.182018952449640614e-01
-2.741268671853290262e-01
-3.078741449937744123e-01
1.003699095628538540e+00
2.726192033497645273e-01
-6.766000631811612820e-01
-6.719308064525804092e-01
-3.183931855275896616e-01
-5.757177616932745989e-02
-5.866318235072816023e-01
-9.815349529568458964e-01
1.191517297217359328e-01
6.377419634593844977e-02
5.373283615168467087e-01
-1.858287832611417167e-01
6.457624016996960092e-02
-3.903125281143941527e-01
1.157150303222235888e+00
4.408334679285737523e-01
-1.564596461562972385e+00
1.355021591813816983e-01
-1.107959157581090981e-01
6.943319151368241293e-01
1.781044729894066536e-01
2.823146214834243439e-02
-2.688320787323895678e-01
4.632933130977143210e-01
-9.215846511581444744e-01
-1.163063285733624719e+00
-3.808751818956983559e-01
-7.795386688755686633e-01
5.367857569055332068e-01
1.200887289332017716e+00
1.154885054380508924e+00
-8.634631821824694242e-01
-7.284615986941830323e-01
-1.824861696043172665e-01
8.330894167628219993e-01
-5.717190539838667984e-02
1.089206627392266258e+00
6.950259495525035192e-02
-4.722883021554344363e-02
-5.549677934735663953e-02
-1.175579453558029730e+00
1.193752789610880161e-01
1.538245134145552306e+00
-3.789314902294447784e-01
-1.170558859932815388e+00
-3.867993451814774053e-01
-5.323186307715388477e-03
-5.464319969134170396e-01
-3.403082233115301003e-01
4.358108773323474683e-01
-1.686082222431630750e-01
-1.342684701468755293e+00
9.164514475096057211e-01
3.582276601716744002e-01
2.410401726242265841e-01
5.516487173918924736e-01
-1.425536059688542190e-01
-4.240534000934507164e-01
-3.226016523473620445e-01
2.234122014775054010e-01
7.911930272261071817e-01
-9.324188939447408675e-01
-1.067373873792109462e+00
-9.922078531154638892e-01
9.564806917997017432e-01
1.285129651298994313e-01
-1.502959204348604194e+00
5.227204881337976783e-01
4.028701964223663223e-01
5.645611078096975932e-01
-1.261337768462203801e+00
3.557353756561069114e-01
-7.015735819833568421e-01
7.864450485136644797e-01
3.783366730277584744e-01
2.143994056396050785e-01
-2.579171192073204111e-01
-1.103800644958356503e-01
1.208975408836677756e+00
2.106038719219881505e-01
3.919060283624283270e-01
