3.440801065980975126e-02
-7.391763176949055492e-01
5.260368413276835797e-01
4.079047719098066738e-01
-9.190226516025229442e-02
-4.454434926519490467e-01
-3.208830322669431467e-02
-2.801480743819428909e-02
-5.105048833617029658e-01
-5.436552113129122787e-02
-7.570917162050823102e-01
-8.364504852761791565e-01
4.030644122627994319e-01
-9.927156552851248428e-01
-7.258281720411344784e-01
-2.454092813868224976e-01
-1.254776153264308469e+00
5.431736662723651854e-01
-1.787414325155777806e-01
1.093344304832947200e+00
1.184947379247411003e+00
-1.120605419702427108e+00
5.211226232005747860e-01
4.378970697393692602e-01
-3.863317375842214574e-01
8.989353402961788864e-02
-1.151273471272124871e+00
-3.825700903414329113e-01
3.740306754263973410e-01
1.156344843981989001e-01
-5.633267577303251450e-01
6.828089341966065984e-01
-4.506911579183110472e-01
4.980752071650056956e-01
1.602117076048538813e+00
6.574639660719454604e-01
5.702542557318288630e-01
-2.429161623358928879e-01
-4.338305950028715774e-01
6.171246473283860112e-01
1.584426466319461269e-01
-9.792000222575054647e-01
-4.797398033931710160e-02
2.686881604111745481e-01
-9.301378839013856314e-01
6.488574549479222409e-01
-1.896291238665770429e-02
-3.245208464930338099e-01
-1.725342560056864205e-01
2.593193761933015873e-01
-6.911232381369715183e-01
1.437596789063837477e-01
2.841400495929703451e-01
5.438677079307212558e-01
-6.587486424018322850e-01
-3.574266505575978137e-01
9.075621751225718681e-01
-4.851633302725457120e-01
4.929391654210069640e-01
-1.990680135968311837e-01
-1.668518453623316633e-01
1.586468998640794270e-01
-2.503227602439297428e-01
1.116028273897171852e+00
-5.641171069580670494e-01
1.528837336713514850e+00
-2.449831454209553394e-01
-3.372259671142443516e-01
1.427735239111545429e+00
2.768599226504290800e-01
-9.656514550872052904e-01
3.902661994248957100e-01
2.974262292229451488e-02
7.527542132313272960e-01
-5.692315942519694527e-01
2.423737049809244759e-01
9.052791737964034358e-01
-6.836067934988192540e-01
-1.123514626374539915e-01
-5.787286740378561056e-01
5.689423476293901105e-01
-3.307912426693330743e-01
-8.582708689445102124e-01
-3.841467583032855959e-01
5.179643327437594147e-02
-1.630700383100073814e-01
-9.616438536423295158e-01
1.465379959719113057e-01
1.138085633229251936e+00
-7.209295925306178354e-01
3.768319240094002431e-01
-1.283712490722918931e+00
-1.314120083331086875e+00
6.385609821237301365e-01
-9.538332610568722725e-01
-7.395217617109891561e-01
-4.889908388270723383e-01
6.333118491044221754e-01
-1.645607564204951134e-01
4.006377570145231992e-01
-9.478736040988255951e-02
-3.641918836849959984e-01
7.390574219293917224e-01
6.207870346014625618e-01
-1.005784689978841406e+00
3.861937890818537000e-01
-3.810650173029418997e-01
4.011013209342094710e-01
3.068687377921384685e-01
-9.333740373047738625e-01
-5.488433088223816370e-01
6.683864064539690730e-01
9.069409430234434688e-02
1.713069937699607248e-02
8.084671427963757706e-01
-5.774671272600011562e-01
-1.067453053339608160e-01
-7.019180446551669394e-01
-9.396275816200552189e-01
8.819329567149980509e-02
-2.388580490691646907e-01
3.855803609418311795e-01
4.863699040218719682e-01
3.691842126890114706e-01
3.381587122595563488e-01
6.445615808941441705e-01
-8.933281918482088857e-02
1.388316047196820335e-01
-6.592504472107402202e-01
4.558672004864384730e-01
1.533972883383352692e-01
-5.807555415093089701e-01
4.159223020579922991e-01
-8.397895562770339994e-01
-4.622210612800021767e-01
-5.849125333378352165e-01
-5.314061952523621013e-01
-7.166767933076290120e-01
5.716446236786929536e-01
-1.410179951940970788e-02
-4.087801742263541538e-01
-2.856396444558586545e-01
-1.272309707667446332e+00
4.378224900578761014e-01
-1.408111554910494445e-01
-2.907951363486767637e-01
1.229389683387856813e+00
-7.734224712964450354e-01
-8.507124916970918438e-01
2.374296642635907173e-01
-9.488133526382820371e-01
-7.398071852443324214e-01
-4.814800590868674179e-01
-2.802657676066292458e-01
1.569871374234323991e-01
5.865918198032891162e-01
1.035738377288695000e+00
1.773395152378269557e-01
8.578520264763536129e-01
5.818551126827893327e-01
1.093944989130028134e+00
8.956256342315211949e-01
1.230805076594406466e-01
-3.178736248576551349e-01
-7.621005831818628007e-01
-2.758074147986580016e-01
4.081475228091061003e-01
8.106398450755099017e-01
-8.889742037263304031e-02
4.345740549586535328e-01
-3.056536050243396918e-01
4.117032355044320524e-01
1.916599420844866675e-01
-6.078691386389845075e-01
-8.277638915946066156e-01
-7.039623411442508250e-01
8.965675875603755784e-01
4.499825716810156306e-01
-4.783079650308157404e-01
-5.833597331206974435e-01
-7.399442118383753320e-01
-4.674645259450398438e-01
8.739220464865393723e-02
-1.003447583466018922e-01
7.057169036060544354e-01
-4.403056694925157610e-01
3.248527111557371061e-01
9.280036302879692833e-01
4.559275613385883608e-01
-9.176008380237854478e-01
-1.038292358864186582e+00
-5.588338190562800456e-01
-7.024927916113721249e-01
6.077869836239904178e-01
-1.067588797718778793e+00
-4.692906499824111011e-01
-2.448867893547188868e-01
1.289114618209563856e+00
5.702564740582343195e-01
8.177806769247177865e-01
-1.124471009967269008e+00
-4.595973220639187895e-02
-7.644222447175879065e-01
-8.818967139150830636e-01
-9.186739511212405063e-01
-7.132097509157242499e-02
1.011434517893238239e+00
6.227140955189270910e-01
4.891316537268084463e-01
1.012116074165749335e+00
-9.740682252436866362e-01
-1.040714529674657274e-01
6.385749537665126319e-01
5.127116568019796095e-01
-1.283953009372328369e-01
5.147401526001322836e-01
-2.606052310485791335e-01
2.347557494117649135e-01
5.203836397357941568e-01
-9.327050548708328837e-01
-7.633836739646543412e-02
-9.241590186965848996e-01
1.478004898059329941e-01
-1.402433470802312732e+00
9.348454949856597196e-01
-8.194263070795355652e-01
-5.509441583840446466e-01
3.785714088674111966e-01
8.054670366950364979e-01
-4.697117830193959787e-01
1.232006349830128134e-01
-4.668423857470941352e-01
1.098566157454466508e+00
4.719873510430974139e-01
-5.120687567697377318e-01
-4.818817009538834406e-01
-9.452460349109068627e-01
-5.879850408457056865e-01
2.437755768266027800e-01
-5.006396047150007966e-02
7.885113009017292729e-01
-4.391447085429911468e-02
-5.639465163539864045e-02
6.893448338127214914e-01
-5.656279022748263996e-01
-2.784409462546233449e-02
9.115362904277940492e-01
7.009239048520617965e-01
-1.155618969065965507e+00
-3.767526985846630927e-01
4.808140876791259233e-01
-1.287116651233320308e+00
4.974085004603014393e-01
9.611680539540057300e-01
-2.350803188764069573e-02
-6.945692988349353447e-01
-1.289855346702945882e+00
-1.229328118916433121e+00
8.313006603425260321e-01
7.012745354227334360e-02
-4.647045768494596496e-01
1.191767792355614031e+00
-8.226878872975238455e-01
8.018246180392314404e-01
5.315547490364324057e-01
