3.915662859936956397e-01
3.535570886747307906e-01
8.379902300029828943e-01
7.720892081904626725e-01
-8.641797458742355165e-01
4.978848440287845789e-01
-8.119183366166226046e-01
-6.935130007359411319e-01
6.458915986526555519e-01
7.832202398366867602e-01
-4.445359288161803146e-01
7.346500291900517343e-01
1.232837787203434843e+00
2.425130826141916884e-01
-3.796860029183855012e-01
-1.170806034399999307e-01
5.382747774961365028e-01
-2.492278775657179590e-01
-7.218431938686482585e-01
-2.546442877418355066e-01
-1.820716726649281303e-01
9.019674146582055130e-01
-8.015856374440069043e-01
-1.204907163343901022e+00
-5.799554735760970026e-02
9.766444780161676054e-01
-4.494166457033827444e-01
-1.097790858494569255e+00
-7.359476526265953389e-01
-7.851703781864536325e-01
4.033313951087895699e-01
-4.330310667322638252e-01
-2.841604843682121184e-01
-8.979327969142734123e-01
4.644007683218273064e-01
8.888255348197227068e-02
-7.726398491734770557e-01
5.113639823759998926e-01
6.833642658961986971e-01
5.266600547885120776e-01
1.635970493115073698e-01
6.908582918296288788e-01
8.814144629730474856e-01
-2.620483514529039493e-01
1.633963121234810467e-01
1.031510764367820521e+00
-3.349796522949802791e-01
-9.194275288184212691e-01
3.067314883460821040e-01
-1.165744342445265147e+00
7.859488745796721076e-01
-4.340723533394960088e-01
-1.158463073943961419e+00
1.671655608557544581e-01
3.338559198078179246e-01
6.105647078000427941e-01
-3.061729580569422793e-01
8.248981059826623330e-01
-7.467894651819134699e-02
4.382511455162854674e-01
-3.712584495694029041e-01
-5.553167705583339497e-03
-2.954411676293067224e-04
-7.149908105898734600e-01
-4.683828170113797373e-01
3.873060126095606570e-02
-5.366012286635666317e-01
7.843935498116489935e-01
4.690564927851517685e-01
1.144537194516985545e+00
-2.196714073888771379e-01
-5.724474100859107129e-01
-1.053899497813987729e+00
3.213599020113966365e-01
-4.078977146682608024e-01
3.994091659815103834e-01
-4.577095932208572471e-01
2.941959843912762551e-01
2.431024910275570439e-01
1.563648995878940684e-01
7.929966579660467918e-01
7.251611818728664893e-01
-1.671265748832555520e-01
3.057308584272000473e-02
1.047426637658178672e+00
-9.966962526970648550e-01
-2.602679283069919136e-01
-1.984782257622555446e-01
-3.310383850979119469e-01
-2.316603590708010696e-01
-3.870548548600276639e-01
-3.594625465789873520e-01
-9.244964858359572268e-01
6.149205439100309256e-01
2.054561435820744242e-01
7.947256057883412828e-01
-8.715331133695870536e-01
3.127598271178698708e-01
-3.501052424716311062e-02
-6.946745028259473376e-01
-7.094113073773540279e-01
2.497386772499190499e-01
-6.277895953159664533e-01
-8.204570696095265792e-01
5.198658158553740583e-01
-8.219317123203035980e-01
-2.899759061355338119e-01
-6.857397071890625195e-02
6.586125173414814071e-02
6.933723537939342485e-01
-8.711991195149192402e-01
-5.663266598617084924e-01
-3.880459091199978117e-01
8.263796322384133752e-01
-1.035724906048900440e+00
2.218735227396100296e-01
5.312789045740218263e-01
-3.415680992912568659e-01
6.235542096988273553e-01
-4.966307815300781137e-01
-5.234479495114778835e-01
-2.539088263019353975e-01
-7.471546457792335172e-01
-1.094561805640836161e+00
-8.262230380025248344e-02
1.042583683364320279e+00
6.493212129367063046e-01
3.807805078008099642e-01
5.459368446636287953e-01
-3.543013198019597798e-01
9.603198165373498796e-01
7.564279957295183543e-01
4.932370608794571787e-01
-9.395183174909371715e-01
1.657544591226821629e-01
-3.769134385439213975e-01
-4.166859446891936214e-01
-3.755571201589091856e-03
1.311909436529757222e+00
-3.135023708046807411e-01
8.388865283398010408e-01
-9.478912656726445896e-01
-3.538948778976296339e-01
-7.226136660089554908e-02
5.458334499720600697e-01
4.853920405901399060e-01
-2.877217226608371758e-01
-1.869271166402105555e-01
-9.224909092679189904e-02
8.566578778528652904e-01
-1.339022328344513735e+00
5.955431472511119040e-01
-1.193353617047604454e-01
4.719370028355784896e-01
-7.604407082161175335e-01
-5.747144286625527343e-02
-1.157795778219262162e-01
-4.693659808295920222e-01
3.431315511985267852e-01
-2.630082329611030945e-01
-6.901363287316299999e-01
1.279187379429634341e-01
-7.522640030472202977e-01
8.891169015224174021e-01
-6.590411087605615448e-01
-4.731961496281122947e-02
6.168380330405685008e-01
6.237978917475992535e-01
7.254053250370049444e-01
-6.972022630683167854e-01
-1.645197784517055117e-01
1.170587932953005339e+00
2.536318540592192305e-01
5.523644256391500029e-01
4.807011009556616532e-02
1.130062483078596802e+00
-4.170065517873755567e-01
-2.236657634792278970e-01
-1.572659023836852632e-01
-7.104457465552771467e-03
1.188108701481030982e-01
2.870183003717334813e-01
6.163849341708682594e-01
6.772888394953930913e-01
1.341580464051557731e-01
3.336175900787711757e-01
-4.367558891680777267e-01
5.424213953922167875e-01
-7.509526796824392836e-01
7.330785920305840087e-01
4.344767068437782598e-01
-2.505785073895590020e-01
-3.653298054179681120e-01
-5.542748238093379021e-01
-7.448956345973992699e-01
-4.371614994919670316e-02
6.736098461398372095e-01
5.869310573871477921e-01
9.282511579040669814e-02
-4.116580430666139101e-01
-6.432121765515718126e-01
2.760383628477278695e-01
7.482698107154792666e-01
-1.554376771424620385e-02
-5.306803566952507101e-01
-3.954966554306549309e-02
-8.527810450412012244e-01
9.787576452924333648e-01
-5.120619406839930221e-01
5.616991281643950451e-01
-2.176928891100499697e-01
-5.050405540310107799e-01
2.553044026966962976e-01
-3.338052196654101578e-01
-1.579837338163114779e-02
-4.749909549400503916e-01
-2.807279772596755207e-01
-4.213239127027674780e-01
2.644022266378498465e-01
3.117746816409173727e-01
2.894552615432682829e-01
4.445503124030978359e-01
-1.057800309418639229e+00
5.019748070701149922e-01
-7.802643052140398883e-01
3.168572991947384843e-01
2.029487515333598946e-01
-2.527625635172336960e-01
1.505395463163405889e-01
-9.236986743998776284e-01
-2.595690448119012395e-01
-9.958642353006006420e-01
1.163212074373520255e-01
1.011133456596535751e-05
7.016233752372047494e-01
-2.541337902495786616e-01
-4.964016573310675584e-01
4.944318152202171190e-01
5.631222871698500221e-01
3.086968277161467045e-02
-8.156169307564725690e-01
-6.325286393752271863e-02
5.135485535277017899e-02
1.603613421790634819e+00
7.585926967764525797e-01
9.481316211291807017e-02
-8.489873309448932037e-01
-4.917563262361504539e-01
-4.236861304617742796e-01
-6.391188499709341553e-01
-2.942238375696681896e-03
4.187712926155862103e-02
6.754531184291856505e-01
5.346204801720360056e-01
1.095495124065628989e+00
-2.129482185257054461e-01
5.317593160787619233e-01
9.004667950435167878e-01
8.700022542967271733e-01
7.995786888123973535e-02
-2.874521916660248699e-01
-3.551970290483574821e-02
-9.853173200552434174e-02
-1.089054099082109595e-01
7.297104445845439269e-01
