-1.829407204413487087e-02
-3.728215452536767227e-01
-2.430379468414895494e-01
-3.393029906164135578e-01
1.656449723080693215e-01
9.818808248013621842e-03
6.054809536981247131e-01
-5.186235672706362987e-01
3.029317451016421692e-01
-3.587427341307945494e-01
3.729218787909357458e-01
5.076212326675596520e-01
7.244613768900386441e-01
4.376187419823553970e-01
-2.635221921964543412e-01
-8.631689716392959566e-02
-2.431451774082580009e-01
-7.674279497364273617e-01
8.614696555346959550e-02
-5.003131970596553790e-01
-3.339684436696137571e-01
-4.254395616437275374e-01
3.637773750641822845e-01
-6.172315143198998655e-01
3.025051015594310000e-01
2.313182637172325196e-01
-1.358757517852114682e-02
4.682057182702476505e-01
-1.089532112789325102e-02
-2.570512357941978077e-01
-8.337431358133424730e-01
5.212068854500327697e-02
-4.129801249681257502e-01
-2.220672434855633370e-01
1.193101666336972289e-01
-9.029066288638176729e-02
-6.826368394656948668e-01
-4.533865084332374673e-01
-3.302530099633417260e-01
-3.511718181037594144e-01
-2.386579429257537910e-01
1.151136890542809321e-01
-4.464705880211204958e-01
9.983932819643821510e-01
-2.631296847628512570e-01
4.482623695857476109e-01
-5.796528256011164171e-01
5.320401116991197998e-01
5.665781494111301608e-01
-2.069206944414619942e-04
-3.733450493648849400e-01
2.906085377905143208e-02
-2.600733187337581076e-01
-7.999089900494951166e-01
2.734263810550691121e-01
5.321241227744796243e-01
4.068791218456764280e-01
6.064869704485391644e-01
2.614581649736508195e-01
-3.669228872316094292e-01
-2.156418458443469244e-01
4.903954497180398331e-01
5.999266508594256475e-01
1.866771684292097833e-01
-2.916727659272912998e-01
-2.894380513557523460e-02
-7.757976809899516657e-02
-3.829559843627683424e-02
-1.487104672535154853e-02
-4.770670567126309436e-01
-2.994888173251685631e-02
-1.107112566096595391e-01
-1.153308133017345860e-01
1.342386491470354964e-02
4.812927469469151509e-01
1.175859741485454080e-01
6.674303777545466110e-01
-3.765250787818656963e-01
1.910241373469198645e-01
6.594497648091584008e-01
-4.110333056639509097e-01
1.903229558671390431e-02
-3.925501115591496504e-01
-5.281950338633695230e-02
6.413383005083983512e-01
3.138777911807515419e-01
-5.640879865268366711e-01
5.709361324027624474e-02
5.693506935602541397e-01
-1.999843265158967043e-01
5.677004375052118190e-01
-2.100135792727821915e-01
1.911134736859751437e-02
-4.872653209993145218e-01
-1.402131683653198568e-01
-1.109289291322796411e-01
-2.526017191282790009e-01
3.180010711701333204e-01
-9.558008552699785998e-01
1.300959578013181905e-01
-3.333557662465269633e-01
-1.878846565728052587e-01
-6.273274376348971781e-01
9.037016899372445344e-01
3.431151701711846469e-01
2.084498687641629100e-01
3.325003668635397869e-01
-1.542878582739167226e-01
4.032503336629132962e-01
-4.004844869398921370e-01
-1.335336342901652373e-01
4.036098535432376400e-01
-9.405312935546519815e-02
4.146835013772555700e-01
-5.166893366001419352e-01
2.495786155901440484e-01
-3.189834918540572772e-01
3.128282522796015375e-01
1.301672373927742488e-01
-1.204508709451759252e-01
-4.213904680652337253e-01
4.328217314267915894e-01
-2.486361871082947150e-01
-5.069997334571600955e-01
9.420974393180070461e-03
1.546767739938625652e-01
-9.946624684281736573e-02
-5.107757781171275990e-01
5.477822308612256830e-01
-2.096325566290795916e-01
-3.390861707443422746e-01
-9.511242011870044144e-02
3.753370942501444985e-01
3.747412083421811091e-02
3.660081544361990513e-01
1.430208346044151146e-01
-3.777221761388508958e-01
9.243945591580562948e-02
7.692341162469318316e-01
-7.202843791633237736e-01
1.856041233058489670e-01
-5.101087811479603218e-01
-3.850903545498440828e-01
1.514136376609435258e-02
-3.396437476931565280e-01
-1.556705943999349140e-01
-5.884829549935040038e-01
-2.387879112662615044e-01
-1.899811521538487813e-01
2.745224729031305877e-01
6.842342157247896517e-02
8.535171131007274203e-02
-5.302635534585611321e-01
5.873373628949244557e-02
-3.812637062842444968e-01
-2.464763602504848328e-01
7.343657596159504364e-02
3.891519152620785960e-01
6.020081007218394675e-02
-1.490675298836177387e-01
-3.699142940564825732e-01
5.153464303840001870e-01
-3.440399702094046885e-01
-6.280662241661720824e-01
1.715933628086637741e-01
-4.599203756513837171e-01
-1.080855035087566612e-01
2.252943254119618433e-01
1.272045814222736992e-01
3.040567071869394455e-01
2.352871366009332554e-01
6.403127288849901344e-01
4.651368118546667096e-02
5.159220812338234374e-01
-4.624884113411951159e-01
7.771578819274510552e-02
-1.346472969768140460e-01
5.224422525565557418e-01
-3.888243375800598534e-02
-1.850864271418975193e-01
2.201167553993758907e-02
5.106961452096279164e-01
-2.967087576198643717e-01
3.101951010167831591e-01
-1.980692754086287310e-01
4.250074808750843869e-01
-3.340966908788592926e-01
6.069849806215508181e-01
4.383242196234559684e-01
3.520693662607429775e-02
-4.373754438502710506e-01
2.327582619383390394e-01
4.359844238083130374e-01
1.508842552365357581e-01
-2.673733117421458472e-01
2.576760907192876537e-01
-5.862341227079231887e-01
5.786400281396386625e-01
4.170418475471348030e-01
-4.078014445470246052e-01
-1.372115404036674258e-01
-6.119659971154777639e-02
3.467542514323252445e-01
-9.187568997449074848e-02
-4.159621738380717137e-02
-1.839752829719979443e-01
6.282610263741508216e-01
-5.481228596080699456e-01
4.141963720205119742e-03
1.031150326794899597e-02
-5.295114388299441144e-01
-3.125612375382922359e-01
5.868110157165058460e-01
4.084138024561269342e-02
1.181738839299388555e-01
8.669249126519643078e-02
2.714887854935094103e-02
-2.723508073708705290e-01
2.635676676766547932e-01
-4.906878260233142608e-02
-5.254633605562736287e-01
4.417422573104634598e-01
-6.512288738441295022e-02
7.009917658201078594e-02
-4.581060465022231964e-01
3.692942800347478460e-01
2.297959399878705122e-01
-5.478613943640565226e-03
-2.465957837355623461e-01
-3.011250616224030452e-01
1.127608704438526899e-01
4.542502247039773011e-01
-4.184271384128680493e-01
-1.140630295356069857e-01
8.714795225422081182e-02
-6.219644567338920016e-01
-2.961634996236093276e-01
-5.893603328849987832e-01
-1.267804909348410891e-01
-2.688678604257696003e-01
-9.798003510374325709e-03
2.307187125271766281e-01
1.859648204123094950e-01
2.689183879902778962e-01
4.631180989775671719e-01
4.646708279728420932e-01
-5.185621950781736933e-01
-2.799752222049492478e-01
4.886061463122310933e-01
-2.439324294457902720e-01
3.321887572042943049e-01
-4.929798660393872600e-01
-3.170756823440888938e-01
-1.509953985556932721e-01
3.032707761803241642e-01
-1.834085554026028686e-01
1.815213510114893625e-01
2.395935715711786096e-01
7.046192773807502530e-01
4.666375839548084214e-01
-2.787024419021009308e-02
-3.598678798946390867e-01
-2.568000688787138719e-01
3.828321913477708005e-01
3.986068465292432750e-01
