-4.783579337497873007e-02
-3.500861770785544946e-01
-3.102839752542809193e-01
-1.282519119050613554e-01
1.765422821541570708e-01
1.035580228947860781e-01
6.521851943232598314e-01
-5.584539592544630615e-01
3.479477948853875180e-01
-5.162622222301816999e-01
1.842062003774929124e-01
4.540872404612099622e-01
6.749892586006511763e-01
1.332096309094457920e-01
-1.664049766987036327e-01
4.776471888800350868e-02
-3.874125417902543056e-01
-6.826095779997913837e-01
-1.835285088840769574e-01
-4.418568827935345222e-01
-2.063735511610633733e-01
-2.528060138538872903e-01
3.540693163521478892e-01
-5.901714312734218648e-01
2.394021934985196554e-01
1.955982216204246726e-01
-5.108450130802247302e-02
2.926076625653093455e-01
-1.475125789672745644e-02
-2.151304291015988246e-01
-7.987376360378828366e-01
1.010587345026128792e-01
-3.097358656725143211e-01
-2.064722784893168739e-01
2.215081597961862381e-01
-2.775844856221477697e-01
-4.446526254957431368e-01
-2.822820856635443465e-01
-1.515706247789712635e-01
-1.484155955212949629e-01
-4.415282431099821769e-01
9.929372145806211747e-02
-4.585885796401780734e-01
6.945252791259481917e-01
-2.936092093201647657e-01
3.983907546429584778e-01
-6.020074907488339733e-01
3.800015448322427991e-01
4.063359254682498145e-01
-6.428184346652457415e-02
-4.092625040537408165e-01
2.699418998121311253e-02
-2.299147860672715038e-01
-6.960067536382519293e-01
1.735591650262543473e-01
4.607151666639041632e-01
3.510045169552721278e-01
4.592669995816546225e-01
4.318182916018182826e-01
-9.990739542847362764e-02
-2.411844248777529343e-01
4.527930078083286514e-01
4.070184517236909993e-01
2.502588888474129858e-01
-3.554351445322772585e-01
-1.385725069500996220e-01
2.436115771556005838e-01
-2.127805091135020477e-01
9.703976755439619462e-02
-3.311828322108066880e-01
-3.794768943851584142e-03
-1.358825499950754301e-01
-2.881930309945573976e-02
3.161338125978688240e-02
4.275755360632014224e-01
1.495650192133560208e-01
3.519384599331881747e-01
-3.902560298994097732e-01
2.778890489206840009e-01
6.593727199676977513e-01
-5.609742446681151851e-01
-3.924618279634398132e-02
-3.503577324067558285e-01
-1.058364500740978653e-01
4.886313605350346978e-01
3.397465843431215493e-01
-5.026100165331830461e-01
8.582198109817149034e-02
4.563319000713915718e-01
-5.469036680935020212e-02
5.961702976107000618e-01
-2.052236867008950527e-01
-8.162895508262957289e-02
-4.799548047767357439e-01
1.143433871297192400e-01
-3.020573949763480925e-01
-2.095171347973070475e-01
3.985235045149360111e-01
-6.007168299419139990e-01
1.239726862686347103e-01
-1.858975628106954714e-01
-1.627895053980162043e-01
-5.893755176254605876e-01
6.351271802807356703e-01
3.273087813043270011e-01
1.578258326227093278e-01
3.662541177995318198e-01
-5.456941006264678928e-02
4.881011897178202386e-01
-2.756728822394602374e-01
-7.329712418160627685e-02
6.032765906275165679e-02
-1.330794346195306455e-01
2.393302081269334525e-01
-3.785965712108571024e-01
2.697291167667144607e-01
-4.233450950024046922e-01
3.015551602145114529e-01
-1.157761498579160976e-02
-1.945939286555382064e-01
-7.106569085982905598e-01
7.072931146934925417e-01
-1.734979054767468998e-01
-3.524112380930315425e-01
-7.849184188029097176e-02
2.162401190267141948e-01
-1.122833816910856208e-01
-2.593761325915225346e-01
4.264134364511409370e-01
-7.151055011928245109e-02
-2.178850353396527550e-01
-1.153890497345114868e-01
3.451903246921141921e-01
5.862353416374559145e-02
2.003989187814846917e-01
1.328940844702535540e-01
-2.702939986060667876e-01
1.289537129523999903e-01
5.520847318006877336e-01
-4.796594426183935500e-01
2.997001006601815454e-01
-4.787760857352083566e-01
-3.142068917396318994e-01
-6.375980012442182543e-02
-3.613294012315545478e-01
-1.156069415330895772e-01
-6.043550588086635811e-01
-1.963573182083896418e-01
-1.271687512617916405e-01
4.113137539036123558e-01
1.330824703020019872e-01
2.664834662451188302e-02
-4.316986663993994111e-01
1.477618866752497262e-01
-4.278690214198276331e-01
-2.025943528601893973e-01
2.397719153086105143e-02
4.450400886923111532e-01
1.026471689712774304e-01
-2.216162341231603383e-01
-3.430127120489249171e-01
3.670336158515773994e-01
-2.687534344422303767e-01
-7.746880851135932167e-01
7.588053267741749763e-02
-3.423495421346720580e-01
-7.250464673995217491e-02
3.285741308851767295e-01
1.700172618062500418e-01
1.262248269338241413e-01
1.683918897068064635e-01
5.464073895956245153e-01
-1.146832151879581263e-01
4.804748613919791467e-01
-1.753101701143665592e-01
1.037953796091469622e-01
-1.182778243673958812e-01
4.254605465841682643e-01
4.800888899805005883e-02
-7.190276803708278708e-02
5.495912004395287626e-02
3.759027439842607121e-01
5.368488020835654462e-02
2.827932958218811743e-01
-1.087919484572611450e-01
4.665836079009960669e-01
-4.109975658288290701e-01
5.030883114949196155e-01
1.878643454117689404e-01
-3.201626092950225072e-02
-3.632310779939703083e-01
1.543810482817600804e-01
4.341989823441692042e-01
7.720341003597416818e-02
-1.786380623175261584e-01
1.518421341028725613e-01
-4.920445410860249114e-01
4.412553616881639829e-01
4.122889964482949754e-01
-2.098107074783072123e-01
-2.642017487674995155e-02
-1.092983168068528271e-01
1.432977698512196418e-01
-2.439391532557039777e-01
-4.383527062246755368e-01
-2.185249481042531861e-01
4.697353253533660400e-01
-5.947087985524408538e-01
1.211648452350680694e-01
-1.581826343274111146e-01
-5.650336482980605757e-01
-2.955266144482640023e-01
4.787251384429195289e-01
1.878151885930089415e-01
1.306477379186331000e-01
9.997788111364741548e-02
1.119241848037818565e-01
-1.566173633723266234e-01
4.174579253499463571e-01
-1.865665973335867700e-01
-4.698912927107071758e-01
4.032567456258564498e-01
5.024139491329436824e-01
2.328892796626200745e-01
-3.142800220479893269e-01
3.138288644300643027e-01
1.840214561040315333e-01
3.094500098925077880e-02
-9.348864955185343106e-02
-2.755811841424871123e-01
1.387919957910614954e-01
3.858696946729124333e-01
-4.628608020421325353e-01
-1.084313318865569170e-01
2.340736003352280603e-01
-5.533804782599784922e-01
-1.884848947666302177e-01
-4.835163334615419917e-01
-9.641673596288891090e-02
-4.837786908249755435e-02
-1.982283511755888322e-02
1.436767878759607209e-01
-1.477607720249801693e-01
2.498986458032022573e-01
7.737105218003468288e-01
5.395742347162142405e-01
-3.660525647574202623e-01
-1.987690295584492728e-01
4.758126262866747003e-01
-8.196527007133178055e-03
2.289046681254248428e-01
-4.680019039205294273e-01
-4.791468355036896387e-01
1.667586512344890193e-02
1.484466026329383515e-01
-1.276520938124253435e-01
2.385518228749614611e-01
2.829802625126470739e-01
7.662444498232859891e-01
3.899650086438014585e-01
4.541771906971089207e-02
-1.046623484744404475e-01
-1.880770279379959664e-01
2.710726851941787086e-01
3.175013589210294862e-01
