-6.718596253464276247e-02
-2.250742088707595456e-01
-2.186097311876246951e-01
-2.627324399638303332e-01
2.054035969805960427e-01
2.243902055160995057e-01
6.003107319995685254e-01
-4.569688679420707000e-01
3.165802320693959504e-01
-3.467304935841037938e-01
1.721379198396562615e-01
3.275942231101569013e-01
6.147212631722134279e-01
2.073150283921022796e-01
-1.596338201093190912e-01
-3.752506311506073611e-03
-4.296311806239048181e-01
-7.767729645186258747e-01
2.244736299410977076e-01
-5.530707223858526422e-01
-1.741681468812603661e-01
-2.335762196493376130e-01
2.426134817236360874e-01
-5.660747552391771631e-01
1.905641235161958935e-01
2.359893697883400920e-01
1.227477366486570687e-02
3.255901908567017111e-01
-1.779399873753093331e-01
-2.031965611852992459e-01
-7.162063838862964271e-01
1.120147384626830889e-01
-1.774920273660721692e-01
-2.157653946173380966e-01
3.005760181179216728e-01
4.690267471979259195e-03
-2.919738277635408608e-01
-2.310087747223329713e-01
-5.254528764889937476e-02
-1.653521684976935191e-01
-8.801909333302532223e-02
-6.003581138101349302e-02
-4.405386836973419484e-01
6.400335036665387722e-01
-2.245038984000548021e-01
3.194173646271398770e-01
-6.999615064402255893e-01
3.683545488504084142e-01
3.281261340197036414e-01
-1.620899278053665737e-01
-2.450836488336567420e-01
6.741988624981609668e-02
-3.298878319975326323e-01
-7.047577995389318062e-01
2.412388403341456933e-01
5.127063432610646787e-01
3.404622023169241452e-01
4.759498347473496427e-01
3.183923428440705861e-01
4.186679814830332469e-02
-2.626688751837714664e-01
2.606398062053271181e-01
5.182815355158265636e-01
2.502275814729365555e-01
-1.770809314031979720e-01
-1.751835346428839701e-01
-4.510834658434370592e-02
-3.453913867648179536e-01
2.814263403642677797e-02
-2.851478849475044264e-01
5.211639036970884542e-02
-2.019679766996109460e-01
-7.060628719845085666e-03
-1.154750936599592548e-02
2.965009031408987750e-01
2.891906933869253238e-01
2.571320295962621350e-01
-2.978046948529844973e-01
2.043217403010472721e-01
6.591830325929588508e-01
-4.617610370026528077e-01
-6.742680722593535902e-02
-3.697442442023973763e-01
-5.653417845411121134e-02
3.556004877324938640e-01
2.074498613282495241e-01
-4.054722934192483974e-01
1.077188358685458452e-01
4.649466389475230832e-01
1.781799829934422597e-01
5.710889707138423477e-01
-2.201573877172072202e-01
-1.718419912754495793e-01
-4.342832144224317847e-01
3.210511662941899214e-02
-1.552129175080050050e-01
-2.378011439715503050e-01
2.872706247954670555e-01
-5.558110279850174695e-01
3.184670542221608447e-03
-2.915151869754640246e-01
-9.775408433712967637e-02
-6.336144048040561749e-01
5.212291047355810392e-01
3.799350174163000915e-01
5.410856715123146116e-02
4.102030252158332946e-01
3.466423607435473175e-02
3.678409975799331044e-01
-2.208134369828247956e-01
-9.289839426727991567e-02
2.089146800151134992e-02
-2.485648010861533641e-01
1.097963217821996962e-01
-3.447740495249698722e-01
2.974166778580087933e-01
-4.450229783086632751e-01
3.439444975020519157e-01
-2.807250604097082103e-03
-6.288441932254046352e-02
-4.318506205853371860e-01
6.917026614122741002e-01
-2.694785836242445942e-01
-4.120362719994178913e-01
-1.710470774071478073e-01
1.940553866313206588e-01
-2.159050761867200297e-01
-1.522055200493000748e-01
4.416270601883309777e-01
-1.750032587389330208e-01
-1.841299641342126758e-01
-1.098392669454858750e-01
4.439138719584172499e-01
8.310943643457005536e-02
4.208532828983101437e-01
1.378134122831365382e-01
-2.552679470575968668e-01
7.434772076168102983e-02
7.304033566412598821e-01
-5.003192712725854641e-01
3.500957380699848409e-01
-4.259099791353581077e-01
-2.436188853983052571e-01
-9.104279735197295942e-02
-1.801825004495419824e-01
-1.494876171906482087e-01
-5.057983672209490633e-01
-2.226158824469249287e-01
-1.527258661464953038e-01
2.469200957189100487e-01
1.827590033497039912e-01
-2.638960670553364141e-02
-4.359802095037733083e-01
5.741418003990444996e-02
-2.618181785903352932e-01
-6.995652962299973854e-02
-1.992305450368317410e-02
4.280494969523253590e-01
1.850126592570476847e-01
-2.691888875839255624e-01
-3.957002306743332420e-01
3.194658982975476236e-01
-3.386252653440966487e-01
-6.452594536930793545e-01
-5.634942304881708497e-02
-3.907989006043200986e-01
-2.015911287166905763e-01
3.559425619738854074e-01
1.604125793708380820e-01
1.402113397635880165e-01
1.642022301952604790e-01
5.186351832812776674e-01
-1.067018783221438116e-01
4.497014370436784869e-01
-2.290446030996967086e-01
8.931536751015040076e-02
-1.748223897828385942e-01
3.079893324610564753e-01
-2.832483680264656911e-01
6.183268741508281957e-02
1.618927724601555707e-01
3.977622290444770004e-01
-2.374745987269028802e-01
3.457955138357038938e-01
-1.086947300403357936e-01
2.743417217617396542e-01
-1.739148595323936064e-01
4.270918226464230361e-01
2.893797338044225009e-01
-6.255286501655449305e-02
-2.995882331266688237e-01
1.144233741667413651e-01
3.034616005346035816e-01
-3.051723732525326443e-02
-2.167492719235952214e-01
9.169886256997293594e-02
-4.235099540060110468e-01
4.145350068084107109e-01
4.118902593106965604e-01
-3.804879608485779441e-01
-1.301709148397235671e-01
-1.991014829592533952e-01
1.999406775244502721e-01
-1.097741697452825071e-01
-2.622434841791726479e-01
-2.626972371179802646e-01
4.523605821208208644e-01
-4.637350080275223774e-01
2.722237999237065581e-02
-2.836385094373060634e-01
-5.546690229278685713e-01
-3.035510339131190505e-01
3.856817743088165606e-01
2.353739242180442892e-01
1.490295356681443084e-01
5.752885599518921950e-02
5.740460056697010982e-02
-4.167100584078217013e-02
5.612700282547955499e-01
-1.869270767449812687e-01
-4.825017004393112319e-01
3.949773226116576330e-01
5.829088199491051087e-02
3.159248125273155239e-01
-3.262434886244962584e-01
4.035119506662042665e-01
7.480053548255942431e-02
6.042912353856632474e-02
-1.163481954671310159e-01
-2.566898482223877176e-01
1.342015570547021031e-01
3.080477986322552875e-01
-1.919244621182105148e-01
-1.841113871246614631e-01
3.266398331924280085e-01
-6.184044737790614921e-01
-1.867152055055893711e-01
-4.808640620841719837e-01
1.668860004071735098e-02
-3.116700149952639221e-02
-2.947282264419383291e-02
1.405297864669111940e-01
1.852424415178930694e-01
2.436802766355246341e-01
6.468634457841246910e-01
4.794860870084871607e-01
-2.880981478977989174e-01
-1.519050564099784228e-01
3.981427067600897818e-01
8.962541712091270929e-02
1.228444953030127518e-01
-4.470656074482651232e-01
-5.191744037029213388e-01
-1.791718730671464643e-01
5.986873637430122075e-02
-2.731298315037459234e-01
3.680464729269091184e-01
3.688625569986307973e-01
6.922027587391033077e-01
3.751559077339261528e-01
2.932300871949643228e-02
-1.894509966378654653e-01
-1.107307947926716163e-01
2.098823426058418762e-01
3.348726791960752180e-01
