3.059781844637302073e-02
-5.205688816365938720e-01
-2.674661624953543759e-01
-4.158735412689967270e-01
3.090386380958605184e-01
3.889463134325429339e-01
6.106511753966807898e-01
-1.512717128381381448e-01
6.387283386277078367e-01
-3.707549746774853050e-01
6.187508341731147166e-01
6.876482422249624582e-01
8.342014906078638603e-01
6.679224555726085422e-01
-3.674105642835895913e-01
-1.688812880163531316e-01
-5.665917419261116972e-02
-7.580829349542289597e-01
-1.380571441496503127e-03
-4.475556717334580603e-01
-4.937687404579671480e-01
-6.173029036381174617e-01
4.849412684047285094e-01
-6.683882734006226789e-01
1.510018623762803269e-01
2.266471576461249471e-01
-3.944992402190800052e-02
6.108212456837935900e-01
1.561493451195228310e-01
-3.109059104030963971e-01
-7.865495880914243898e-01
-7.773361372676534931e-03
-6.484682225701793312e-01
-5.141246007876548729e-01
2.216833422676458831e-01
3.357632761620962802e-01
-6.685883420317793036e-01
-6.757642421441419911e-01
-6.079607322777840217e-01
-4.094250951839751296e-01
-3.892967925184822597e-01
2.902631894895753573e-01
-4.524024923448990432e-01
8.658837509369197161e-01
-3.017554711256477673e-01
5.771073745443553449e-01
-4.593441447620071894e-01
6.957256745478310744e-01
8.050301648025567358e-01
1.616760864164836498e-01
-5.016064498961131379e-01
-9.298178691713232524e-03
-1.902588054699836106e-01
-8.950601805600584271e-01
3.056139217759925031e-01
5.515419022878945698e-01
4.732960413744287664e-01
4.748247138005315393e-01
2.045239871032310530e-01
-7.757125726115221553e-01
-2.892343838352649521e-01
7.201510932307525481e-01
6.815717662030248425e-01
1.231267553854829971e-01
-4.062646004513845721e-01
1.172959243717335009e-01
1.006017181251706166e-01
2.688001898922642852e-01
-5.788472748712987503e-02
-6.689862284777574608e-01
-1.120141538347425580e-01
-1.945453651970813214e-02
3.626655164329611880e-01
3.839523919540302477e-02
6.660845907529314713e-01
7.813277807563072386e-02
5.036169132836230133e-01
-4.552454627107468954e-01
1.777265343927924568e-01
6.597164970253580618e-01
-3.603055743252489562e-01
1.054913983993631676e-01
-4.153559789159018689e-01
-4.717511876277153404e-01
9.270761132843029495e-01
4.203057210332535876e-01
-7.227036796344250558e-01
6.468390612006644225e-03
6.737547481729853072e-01
-1.902886004211406523e-01
5.643119042965812904e-01
-1.998697708283571628e-01
2.100646860126446080e-01
-5.402474275761972589e-01
-3.125314533600587197e-01
-6.664494075655429117e-02
-2.674022942850077245e-01
6.359935990902253478e-01
-8.515767648023713221e-01
2.570072450604147796e-01
-3.751963455175898465e-01
-2.780152288084808410e-01
-6.210404704657381814e-01
7.643366794718171597e-01
3.062953229260692578e-01
3.627911703770943519e-01
2.547977085112462792e-01
-3.432399526221882047e-01
4.386596697458934879e-01
-5.801555368969595339e-01
-1.741688743130505590e-01
4.562284612917043569e-01
6.045854237522296781e-02
7.195706809723114716e-01
-7.466494714192957183e-01
2.017405533222793035e-01
-1.929440053994512794e-01
2.817120070571511037e-01
2.631417253896455866e-01
-4.300868415708575809e-01
-4.109303155451303202e-01
4.718087824634965566e-01
-2.277937905923448636e-01
-6.019631949149022443e-01
1.898890261935079482e-01
1.152981613564044716e-01
1.697258250108529820e-02
-8.693460361849552065e-01
6.539374015341204993e-01
-2.442618545192261625e-01
-4.940423773544718733e-01
-8.038557329191500789e-02
3.067603165418717470e-01
-8.161194766133833545e-03
4.508459855041728470e-02
1.482282569256937188e-01
2.827769214025226130e-02
1.105311910699302153e-01
6.359743346110329210e-01
-5.220596911561569131e-01
2.111250854171310698e-02
-5.943075831605626469e-01
-5.265618237013829361e-01
1.213255248841616646e-01
-4.991049949367710736e-01
-1.618535716092215915e-01
-6.711675427660589444e-01
-2.549599400855980802e-01
-2.272364381612022588e-01
6.824152998787122448e-02
-4.591216020474607473e-02
1.970930293256791255e-01
-6.245468974133489004e-01
6.005329253908044118e-02
-5.007092339781537005e-01
-4.229961908779699131e-01
1.667962064268732614e-01
3.502543335718318884e-01
-6.461103911267979116e-02
-2.894617218330992892e-02
-3.441283574386319599e-01
7.112269624704528059e-01
-3.494546750747127284e-01
-6.108729946392648102e-01
3.995361486661446193e-01
-5.290418506984473357e-01
-1.457987830082274616e-02
4.580459635146172381e-01
9.399658347370928868e-02
-1.272069064696240703e-02
3.063720430066060318e-01
7.619902744887026014e-01
1.997292406930771536e-01
5.821427254239683879e-01
-6.959322195826934676e-01
6.611620887533979640e-02
-9.447220417078951160e-02
4.385544798876146455e-01
2.054835005104537204e-01
-4.320055416988778374e-01
-1.178694213802803925e-01
6.236300613747788324e-01
-3.559429165128258354e-01
2.745946881978624798e-01
-2.874438207769216547e-01
5.756732399884291196e-01
-4.942785222253250343e-01
7.868781385966786557e-01
5.872687054424894360e-01
1.329667382687030885e-01
-5.751626545738732776e-01
3.510931497099367138e-01
5.685072470820224932e-01
3.322857477983247598e-01
-4.999208927832245464e-01
4.236533188686023577e-01
-7.489582914098353861e-01
7.427450494708666140e-01
4.221934357835731011e-01
-4.351149282454712108e-01
-1.442521659676112844e-01
7.670828353615784245e-02
4.935678253402002169e-01
-7.397721020369898981e-02
1.790510494115583051e-01
-1.052533288260156241e-01
8.041614706274807789e-01
-6.325107111886174582e-01
-1.893845255196041633e-02
3.042615159732040553e-01
-5.043538547320196574e-01
-3.215714411634654768e-01
7.879402571241951314e-01
-1.536911637268189024e-01
8.731823219173341644e-02
1.158561265352036490e-01
4.992394874530502458e-01
-5.030306089009588533e-01
-3.413469290148600510e-02
8.878951154031841653e-02
-5.684250206732359700e-01
4.885071920092693420e-01
-1.885366567637364044e-01
1.043581763121793071e-01
-5.899686043799501345e-01
3.350766094032914255e-01
3.847913444931815863e-01
-7.138635142584745519e-02
-3.768433720039936485e-01
-3.455602750224183173e-01
9.132018383300327669e-02
6.004526507756993148e-01
-6.449298147075255283e-01
-4.401467194655250825e-02
-1.523439286839863849e-01
-3.268470737933713011e-01
-4.056117937416293118e-01
-6.978566036858256938e-01
-2.702495819103995500e-01
5.670032001667912880e-02
9.876815623445181491e-03
3.209076385874420900e-01
1.866871993067259206e-01
3.988256371690236390e-01
7.351452751801699215e-01
4.498555689371970256e-01
-4.569634156752498400e-01
-4.080453879999200728e-01
5.790695858643724048e-01
-4.317405193492838966e-02
5.415330191055758302e-01
-5.388941246305094523e-01
-1.149769609852565044e-01
-1.228189240442400798e-01
-1.445123114860925873e-03
-9.368727930145984151e-02
-5.003770903930379599e-03
1.103245861437263942e-01
7.170357960223971983e-01
5.581192601756906901e-01
-8.506349709991661845e-02
-5.302847631514127080e-01
-4.028693429647561830e-01
5.557820400896996693e-01
4.623410138624113319e-01
