-1.894748418013385560e-01
6.377782438823126343e-01
2.351377890020204253e-01
-2.722918746097870990e-01
-1.171678490696700381e-01
-3.267402341885735639e-01
-9.574846164540573579e-02
-4.097800894254667314e-01
-1.494397643533594833e-01
-9.252071868522158127e-01
-5.165348500321685909e-01
-8.052821547664084090e-01
3.992117439154729830e-01
3.471019772727854669e-01
-3.237814355424065704e-01
-7.916084444857636182e-01
-5.495278323186379987e-01
-7.392401209181943544e-01
7.866623429217453056e-01
-3.707581099870750352e-01
3.455690714682065900e-01
-1.315439336434933715e-01
-4.531855130193219727e-01
-6.007251955959075351e-01
-1.493386314695935857e-01
8.010562758182626641e-01
4.902911316254880969e-01
-9.949773273749351610e-02
6.692509239351001060e-01
8.027039198106231677e-01
-5.881620565399674483e-01
7.204689843987993614e-01
2.956563865968439009e-01
-6.989870873427823650e-01
-4.479218353893988924e-01
8.973852514703639649e-02
2.063180396488838442e-01
-4.216164383219361822e-01
-2.426638300498318301e-02
-4.269131870902687087e-02
-5.335767747940800554e-02
2.386020431378494955e-01
-3.518627441510596698e-01
7.941727183193791895e-02
2.582348734681125801e-01
-2.602061197522947955e-01
6.093974938251746076e-01
5.831191194396068145e-01
-2.687172226764942273e-01
-1.928058057245449763e-01
6.228951182044135670e-01
-2.006827626600958814e-01
2.519010991530502563e-01
4.528397578388765332e-02
5.154026448631320312e-01
6.711441493295903227e-01
1.390870186365957828e-01
1.246934838923130506e-02
3.753850095008484100e-01
8.595570594425551159e-01
-1.192896348472010093e-01
-1.169204760661147757e-01
-1.069560802327088611e-01
8.510447786503605450e-02
7.775551280050005953e-01
4.545757605935851764e-02
-7.038256820292354554e-02
-6.043579848082369921e-01
-4.567289325056922422e-01
-1.769980067914723731e-01
6.496934727006902222e-01
-1.641522608579373266e-01
-6.776287349396487025e-01
-5.807101717654619133e-01
-4.841943499126941663e-01
4.267741077682718487e-01
1.584594667742300622e-02
6.025123333120874225e-01
4.627424147251932851e-01
7.331706416173910945e-02
1.026144310479715216e-01
-3.262363043125036111e-01
-5.888375325900154778e-01
1.372428648900370085e-02
-5.581255157658949750e-01
-1.612554073300690449e-01
-8.037569567247904168e-02
8.758442549067039229e-01
3.882549059708969574e-01
6.862996556694077599e-01
5.656732313976586823e-01
6.419714881050152533e-01
-8.973970042509504808e-02
4.171049028943275561e-01
-8.480099638544992269e-01
1.677933175559777612e-01
-1.668663021231683308e-01
1.598751656901028495e-01
-5.814356899697059600e-01
-3.075378233353783797e-01
-1.302465486160274688e-01
-3.465136500639182104e-01
-5.232500856398639710e-01
-4.954612464029064522e-01
3.437872716242562632e-01
2.988895445505548309e-01
-1.185000853706530410e-01
3.119911540555536655e-01
-2.520225733184635608e-01
-3.455187011464122548e-02
-1.857533999454104023e-01
-1.044720894917353649e-01
-2.219330568440813778e-03
-6.926973300794266875e-01
2.574498621298350054e-01
-1.988094032155184321e-01
2.046471321525262788e-01
7.330489761054355125e-01
2.549498030758418077e-01
-8.074373247886315053e-01
-1.779510959864225583e-01
3.961120521229661851e-01
-4.019365368562227703e-01
-6.774526939830451955e-01
-4.607829294360579198e-01
6.026716846534152516e-02
-1.517385252892152758e-01
3.453180392322782732e-01
-2.995241057856571354e-01
-7.043160029359096796e-01
6.837345785600690284e-03
9.010115825074382911e-03
-8.617392476500120857e-01
3.434955058458428745e-01
-1.340775917782688342e-02
2.140153045003642118e-01
2.352061965797622722e-01
-4.503092346477130525e-02
1.415392960271245615e-01
-5.504399740759712278e-01
-1.278966636711805771e-01
3.422135559223874468e-01
-2.498400727326471893e-01
-1.256060234342530890e-01
3.816199409966887224e-01
-3.538478582102736469e-01
7.198332007551936362e-01
-3.058841501371821758e-01
-1.734008664248863907e-01
7.563139980585948940e-01
-1.229916022781498697e-01
-5.855107258907772394e-01
2.566328396863762906e-01
-2.564183849748465915e-01
2.091195423222966809e-01
2.312455777374217147e-01
-6.936654143358803593e-01
-1.165099358125538109e-01
-9.968878370793632371e-02
1.344590272266623643e-01
-2.327453108070132171e-01
-3.852874500868807006e-01
-4.940559763266699767e-01
2.217662748661264338e-02
-3.404894671174895082e-01
2.168260306385257907e-01
-6.820361345007830423e-01
5.519167513169320749e-02
-1.916897492053604157e-02
9.157672706652737471e-01
-5.266374139549554467e-01
6.065337783353194068e-01
7.852199629675540304e-01
5.270821409934741686e-01
-1.659839070119624171e-01
-3.606990989845354489e-01
4.573864274752035275e-01
-4.833766974506862324e-01
-3.612934611897500314e-02
3.930330552685044054e-01
1.041253256109307967e-01
4.193579390505752791e-01
1.226135471290000778e-01
4.866812148008092809e-01
2.581608448932097843e-01
-9.805326703484357198e-02
3.031582523992835676e-01
-2.113760363446293145e-01
5.775709841025364888e-01
6.990351802125271963e-02
-4.120008895714033503e-02
5.007770843591516918e-01
-6.082518685099185252e-01
-4.217760240212592437e-01
2.967602562852212911e-01
9.530218189496055814e-01
-3.128271694014324034e-01
-3.040269685284580636e-01
-2.683007229742329081e-01
5.711809628211961254e-02
1.187439943719081903e-01
-1.418915941334636388e-01
4.710841079610366133e-01
-1.352975430511781374e-01
-5.907367984666344052e-01
-1.321044505030499749e-01
3.308438269990480185e-01
-2.477953762633698931e-01
-3.574685542388998938e-01
3.134808187352738917e-01
-7.005829800648258887e-01
1.639354249742416281e-01
-3.399102026850261415e-01
3.195208850531426892e-01
2.009785790343754375e-02
2.162412327560203629e-02
2.463574247347469770e-01
9.463785071615637978e-01
5.430696724125478880e-01
6.711605293202744793e-01
-4.906671861742951668e-01
6.697744613301293004e-02
-2.817943722476342616e-01
2.804601390119632054e-01
2.480902309061889799e-01
2.865960975720386328e-01
7.375893553713290807e-01
1.850389728005513712e-01
-5.595702149547292503e-01
1.813464251240825553e-01
-4.664011911297846202e-01
-1.515430413874300219e-01
-2.899306211416651791e-01
4.673469262474759800e-01
-1.088567318310310617e-01
-1.498568487819891271e-01
-2.745762541213599972e-01
3.794275837581884137e-02
6.043949814466836878e-01
-3.402126357831659620e-01
-3.098850545613396346e-02
-4.647498504510562123e-01
4.893428686348655354e-02
5.722128790078627736e-01
1.480648038250071963e-01
-1.533511902050391784e-01
2.961132187985874298e-01
-1.331862078413519890e-01
1.683652691199962192e-01
1.760846257359435230e-01
-3.107266187328885376e-01
2.568952273948296172e-01
-4.516658959958276265e-01
-4.045810934977356332e-02
3.750923269508494862e-01
-4.066151419885498663e-01
-1.781687104361528995e-02
9.722180321777382783e-01
-2.521558349217478123e-01
-1.222650201097408296e-01
-6.565008346814940055e-01
-5.936657634592411581e-01
3.949328046820310689e-01
-6.184986150433535723e-01
7.375553573867177359e-02
