1.224178436564500871e-01
1.998995219978081939e-01
1.240287688487965445e-01
-1.000861057324360925e-01
7.964323531960962321e-02
-9.210469010798916223e-03
-6.716987076498202869e-02
2.810627889797215895e-01
1.394352194134555190e-01
4.960133707523138313e-01
5.822420787191449065e-01
5.059923473760697954e-01
-3.312977506663798977e-01
2.835189116371459872e-01
2.026082474657417698e-01
-2.814255927101641519e-02
7.096698174650335755e-02
-7.857657231705970080e-01
4.496888960077399799e-01
3.841854908187378737e-01
6.571932043140549240e-01
-3.126257720670659601e-02
2.336789936053929595e-01
3.495213996752490893e-01
1.388803675975734675e-01
4.348618415388438158e-02
3.864456994110659904e-01
-2.116990436174610579e-01
6.106967704111165851e-02
-6.647564217729153013e-02
1.081964359477967791e-01
-1.489285125473656934e-01
-4.731364624181895739e-01
5.169770740764083605e-01
-3.384733283576064067e-01
-7.877043641001720831e-01
4.941260658451682164e-01
6.700893574144307641e-01
1.500101868061761989e-01
7.633261161987692223e-02
2.836212531171719009e-01
-6.766031784206681943e-01
3.150908438508825404e-01
-2.765288427754678535e-01
-5.816828756399833322e-02
-1.958733624668603790e-01
-3.500164479608428580e-01
1.956001312461869146e-01
6.681578240416458092e-02
4.751159739693691653e-02
5.107121564486060139e-01
5.619301567911019757e-02
-1.367354508713747863e-01
2.762645326748638386e-01
-5.848094745718246390e-02
-7.101293350168146057e-03
1.994247654543175596e-02
7.292561379312190173e-02
1.409535739422690392e-01
-2.075439148846941473e-01
-1.426133944285603583e-01
-3.631156426154540928e-01
-3.881168284590545969e-01
-5.412267455651734727e-01
-4.769289908819233648e-01
-6.434681292857676038e-02
4.760076203257763983e-02
2.478506104468700399e-01
-2.772143471369744594e-01
-2.248370272875521714e-01
2.488619336676172467e-01
4.423324799480186087e-01
1.400479359368266841e-01
1.696645538653659968e-01
4.182072138213337176e-02
3.813612431399691083e-01
-6.660942526354449722e-01
-2.432961847306364112e-01
-5.433285484980943103e-01
9.322408225827685455e-03
-2.984076251545411118e-01
-5.011135355588587359e-01
-1.534235146159538821e-01
-1.471254831285701524e-02
-3.424177545131649181e-01
-5.283529837656177897e-01
-3.410675485577611132e-01
-1.692830165011143528e-01
2.065557225093810900e-01
-1.892729515180207045e-01
2.450899859768596589e-01
-1.140304227707754914e-01
2.345154132746192777e-01
-3.773819717018843667e-01
2.356743768357019708e-01
-3.157749153491362648e-01
5.277282747225693349e-01
1.152517033901469534e-01
-4.194073850514984936e-01
3.029228079441860233e-01
3.049066950941981685e-02
4.612690041025898080e-01
1.235473494954220930e-01
2.214147909146234328e-02
2.232634064250860195e-01
-1.153276802406817819e-01
1.445069574692632308e-01
5.988474352585846511e-03
5.065666276423768100e-01
1.818406915753570385e-01
-1.246205280428442641e-01
-2.588663213703696897e-01
5.529844374501133863e-01
7.044735727969267391e-02
4.540366629687032640e-01
-3.905165023180536821e-01
-1.016758951543782555e-02
2.088060784826284988e-01
2.552524986587176858e-01
2.323480024999191595e-01
-2.983016508937562650e-01
-2.697782186515441105e-01
3.973363211759110003e-01
-6.219820784647839967e-02
5.642294556607105882e-01
-1.577290092361291196e-01
-9.564624128593757213e-02
1.824238779183310899e-01
-3.272177864550330773e-01
-5.668894336523525590e-01
7.855722820980530485e-02
-2.273985927450369871e-02
2.705901792653878646e-01
5.336558531797515048e-01
3.186298695364400135e-01
5.279217848819415387e-02
-3.113836666440530365e-01
5.068518526315404227e-01
-3.640561276376330091e-01
-1.612487690267420115e-01
1.093710891700478555e-01
-2.315623382263394259e-01
1.413121519946679561e-01
-6.493096702450833480e-01
-6.351145049781259377e-01
-1.266446807779052774e-01
1.707640721623941427e-01
9.530554550470130004e-02
4.211497082022561816e-02
-1.077833043797391671e-01
2.381314804729582624e-01
3.987648317884761040e-01
-3.415224043809183541e-01
-1.311161475177181623e-01
1.126131243105730484e-01
-7.716292292922341534e-02
-7.690440532144979802e-01
-3.295786278648393797e-02
-1.474964225558223277e-02
-5.877433194827185181e-01
3.367532010210441129e-01
-2.256363906355682292e-01
-5.285564373444837649e-01
-3.685905568514322717e-01
1.328044320330819816e-01
2.548180907677394247e-01
-3.287746758608087738e-01
2.194159550915728285e-01
-8.534460667040351389e-02
3.951243806641800971e-01
5.299467665588246668e-01
-4.156850114977771182e-02
2.016258195271185549e-01
-6.788614478287398057e-01
-6.125949763865032316e-02
-4.097429957005659373e-01
7.086902090478995886e-01
-4.028251976374400689e-01
1.685487363362155044e-01
-3.207738251338725366e-01
4.530531649641902914e-02
2.507791130838955551e-01
1.922283414326395323e-01
-5.028713268473542636e-02
-1.004330369562453223e-01
-7.588419288213981151e-01
-4.776041382627401743e-01
-1.686027032880135432e-02
2.924729561750828433e-01
5.320270199328884786e-01
-4.044597430067974758e-03
3.304618533007053771e-01
4.069319013639757232e-01
3.034175157775659271e-01
1.201215658287072829e-01
-2.073947883838583583e-01
-5.968192058640877512e-03
3.752031810434771075e-01
1.746618822550778383e-01
4.204577818595993388e-02
-2.410615840808280064e-01
-5.296960343873346327e-02
-1.017967966391774004e-01
1.700447329415869790e-01
-1.107216799718162697e-01
-2.233836239843611515e-01
1.723571565069016431e-01
7.357320319524376928e-02
-3.932380598944824890e-02
-1.598413756758172988e-01
2.120561405962021473e-01
1.844542061700362445e-01
4.933650360596687490e-01
9.068659503500793306e-01
3.619250171468483268e-01
-2.476079416692570367e-01
-2.352657264832682532e-02
7.181865448424473719e-02
-3.640055605382394033e-01
-5.556677751208392024e-01
-6.943614689570054566e-02
-3.653607369800183635e-01
2.524878141675706011e-01
2.669497601417273325e-01
4.006814699789213591e-03
-1.016707440397575379e-01
4.135245419058125038e-01
6.169998504097686798e-01
4.541788846840048577e-01
-1.027360073628561243e-01
1.168076746577298569e-01
4.159751430416639417e-01
-2.140276004210076299e-01
-5.380559052533973041e-01
-4.068068817885702598e-02
7.893929691730039444e-02
-4.574168030843653865e-01
3.087361154794456275e-01
4.688207568946267667e-02
6.606060072197375010e-01
2.561630347262818796e-01
-3.982840408319102132e-01
-1.694149775417002138e-02
3.430342910808379386e-01
-3.403514357682433378e-01
1.342537072376457641e-01
1.760867956015523539e-01
4.138682011662765947e-01
-2.108850009069408449e-01
-2.291044756555753459e-01
-3.749917049192237339e-01
-2.806358364388272242e-01
3.446557863204927630e-01
4.701387190357453894e-01
4.415733433382196815e-01
-3.239699112237700573e-01
-2.709690508263602471e-01
-9.922006779164191381e-02
-2.400755383336053983e-01
8.572529258946617881e-02
-3.335777612812260706e-01
2.212730195955947554e-01
-1.815388197861582953e-01
1.240450894440746077e-01
3.212166383657399371e-01
