-4.513668005981727460e-03
-3.906955246750953847e-01
-2.249995129747928146e-01
-1.912922288361657563e-01
1.726608114386652404e-01
4.231266956741460555e-02
6.315202914850450711e-01
-5.784995265004441167e-01
3.012085874565632038e-01
-3.377489910416182073e-01
4.446719628602315844e-01
4.670862356162809870e-01
6.623135723246544870e-01
2.188222977771681066e-01
-1.923268650933080970e-01
-1.569873054682982549e-02
-3.152952765470684038e-01
-7.526541036197984536e-01
5.712918634092906123e-02
-4.946450503294895218e-01
-2.386442610141865373e-01
-2.936670470362134910e-01
3.640990465409359444e-01
-6.117124207881690090e-01
2.903382142748255901e-01
2.063039357031768439e-01
-4.457065604746163895e-02
3.357257778558072614e-01
-2.044091712571068087e-02
-2.385860837567070902e-01
-8.175101662636236055e-01
1.399919075310000760e-02
-3.452110608664040181e-01
-2.052584726176374108e-01
1.791902393496480339e-01
-8.034758062408027535e-02
-5.559970271581261558e-01
-3.412881536011723727e-01
-2.791254101493509943e-01
-1.613814831485387846e-01
-3.034939124638780239e-01
1.152868740648996249e-02
-4.509794937452817898e-01
8.608730308049956648e-01
-2.778150786293709373e-01
4.254525209792550111e-01
-6.004406313316726918e-01
4.365668728309481939e-01
6.979206269557214348e-01
-3.450903933898495646e-02
-3.809176183386274728e-01
4.671518749743869270e-02
-3.153153668803966303e-01
-7.559388357033518524e-01
2.715741097510128155e-01
4.950228589237520294e-01
3.922201722445189942e-01
5.439832590685313995e-01
2.813574735905098878e-01
-2.546289484128243519e-01
-2.129314335545641756e-01
4.593581481369353181e-01
5.235026127747988145e-01
2.253725646511240410e-01
-2.761185147048181854e-01
-1.051692660075698449e-01
4.559304946281286797e-02
-1.222631781053320210e-01
4.344451901971189967e-02
-3.843466678140319837e-01
-6.584594284569496303e-02
-1.412318606603475968e-01
-1.072483694904280971e-01
2.216023782688735788e-01
4.509492602580920106e-01
1.452289039448424746e-01
4.956194387325500439e-01
-3.847371852437978523e-01
2.046799907504172622e-01
6.853069292725846307e-01
-4.557855527958324937e-01
-1.351419074422341993e-01
-3.452096686690098171e-01
-6.206881631941703337e-02
5.965912220210590755e-01
3.176910014193645715e-01
-5.271842877586747633e-01
-1.994928522490161116e-01
4.937011757812148627e-01
-1.304566296554469096e-01
4.354857470852263601e-01
-1.252515924030696004e-01
-4.795736153658109596e-02
-4.548053943340383265e-01
2.150923743619508055e-02
-1.574953945555408741e-01
-2.474984197591140744e-01
3.580654423896438288e-01
-7.733760903809051568e-01
1.934464585945561699e-01
-2.319258146307806301e-01
-1.818356482427618270e-01
-6.085653343566846951e-01
7.580863467336744765e-01
3.596711862967179596e-01
1.816370509509170617e-01
3.697885271019325515e-01
-8.724335846652239712e-02
4.540827971750481251e-01
-3.227005745847303930e-01
-9.974650707168988828e-02
2.301185111954454632e-01
-1.794354761692282807e-01
1.505329574004328763e-01
-4.272748570316929895e-01
2.139947373413900178e-01
-3.868774898063474521e-01
2.964264640651398386e-01
4.713991131715572491e-02
-1.834635184232984717e-01
-4.343253248723250581e-01
5.145227377609076225e-01
-2.889915075205468087e-02
-3.996014814536235082e-01
-5.725400497450338494e-02
1.605451069729896263e-01
1.324956985431630097e-02
-3.666801340786843832e-01
5.241082433246943006e-01
-1.848946134944771391e-01
-2.685366777272360506e-01
-1.215663723565729853e-01
4.343426671874229816e-01
4.690632902089181266e-02
3.308984079725554861e-01
1.483746550438573841e-01
-3.716198456423647767e-01
9.909780301376366896e-02
6.998769549389084466e-01
-6.044775234063775038e-01
2.460674320845819274e-01
-4.651036998984781068e-01
-3.125007196575830815e-01
-2.358603785836119182e-03
-3.133081089733535940e-01
-2.875382296657033043e-01
-6.006330308890290848e-01
-2.357714947954722695e-01
-1.584305855000723573e-01
2.661574097386893434e-01
1.227015401714642850e-01
5.456808790376697915e-02
-4.875059217608679885e-01
7.926276613582267094e-02
-4.038119389137836412e-01
-1.702074164465710304e-01
3.565316196000251070e-02
4.028994053370905104e-01
9.393108112233754248e-02
-1.978688786952913781e-01
-3.392976040566330620e-01
4.355774317689401487e-01
-3.140408326821918505e-01
-5.728828638901877213e-01
-1.710134678807541941e-01
-3.988212106751941599e-01
7.545333422720137961e-02
2.162790398492315247e-01
1.227792023192744719e-02
2.449694957680643159e-01
2.193910094173649461e-01
6.101533148986231225e-01
-5.127280690732261004e-02
4.878412639207145851e-01
-3.625027244752830891e-01
9.074762923933785141e-02
-5.283927351892828833e-02
4.749376788511096015e-01
-3.323196819863669105e-02
-1.204525638417299344e-01
4.469460403477858862e-02
4.271849504404379716e-01
-2.780447209547630694e-01
4.552620795024250877e-01
-1.339376398581379468e-01
4.666506871583195326e-01
-3.157542880541785446e-01
5.421056282231414558e-01
4.274214177411091997e-01
-9.730795970878641787e-03
-3.962508775037502651e-01
2.323247106460270550e-01
4.284944563578376164e-01
1.227196587440477910e-01
-2.183583755136599414e-01
2.149636749888111098e-01
-2.410786939532960083e-01
5.386493982203570674e-01
7.274610108489607541e-01
-3.511574647422149864e-01
-8.470008555589528254e-02
-1.005464200431240157e-01
2.803513726945275897e-01
-1.218678641776297922e-01
6.521081664172534431e-04
-2.387920787283875079e-01
5.487230199516052176e-01
-5.401329386725239878e-01
6.659386704348538299e-02
-7.646724087590130170e-02
-5.270549867996336957e-01
-3.015756386196298822e-01
5.216363924911336936e-01
1.858465564156493166e-01
1.283193559067382639e-01
9.808912930394224350e-02
7.458508086184764685e-02
-2.128692925873856834e-01
3.495779769195661579e-01
-1.368371252341267497e-01
-4.918450518859516785e-01
4.057316656146221501e-01
2.251262607475851968e-02
1.269559977599062084e-01
-3.684843966459044329e-01
3.815868353698341209e-01
2.010313771797317406e-01
-1.436884579317076506e-02
-1.534841786832584209e-01
-2.491631509218135698e-01
1.379738852392713433e-01
4.090044356088574640e-01
-3.013923442791966445e-01
-1.605589424552399114e-01
2.105182777034059205e-01
-5.790391306430691110e-01
-2.147358578354296998e-01
-5.360536262913967454e-01
-4.012402472055058844e-01
5.269244265662748061e-02
-2.674121382299613631e-03
1.798608353133202276e-01
1.644653130857352541e-01
2.471569370167250312e-01
5.234260041479239511e-01
5.487367115252139715e-01
-3.892522101036172133e-01
-2.366336896005199752e-01
4.648824587204301584e-01
-1.500074301007651711e-01
2.428905043156675270e-01
-4.836054727898995154e-01
-3.861681584195671424e-01
-1.205923322039258172e-01
2.376897996115167888e-01
-2.048184943004087710e-01
2.048540527394557553e-01
2.487460535224277625e-01
6.609148457827895840e-01
4.269767217910885870e-01
1.212965100075140759e-02
-2.491592949475297525e-01
-1.736450341547771670e-01
3.519727355780494227e-01
3.660287737088732118e-01
