-6.361872455279629635e-02
-2.010326123828713452e-01
-2.698704043227373450e-01
-2.846339900705620596e-01
1.929561358642131741e-01
2.181489994283736245e-01
5.706413198805596609e-01
-4.364772956847018937e-01
5.600583803605032607e-01
-3.989474969518118641e-01
7.069198323247544158e-02
3.363917280738641935e-01
6.516874625563718881e-01
2.374366356638284714e-01
-1.684243506500311682e-01
-1.134216742162015568e-02
-3.764380328679970411e-01
-6.427333053184269840e-01
2.173440351241715529e-01
-4.750068280715841196e-01
-1.866175864098373050e-01
-2.371083047800147670e-01
2.421865146051754847e-01
-4.944946176384212855e-01
6.691591776586672258e-02
2.806007379274576552e-01
-1.908608419088866914e-02
3.337307576634577222e-01
-1.046451886921339197e-01
-1.275558588141758876e-01
-5.994168476287374814e-01
2.298890175696620131e-01
-2.831716874660802907e-01
-2.533471193246368269e-01
2.518878251240456168e-01
1.810402423639344976e-03
-3.560249018367684926e-01
-2.462242288056140926e-01
-1.559955437152630298e-01
-2.159461970528838703e-01
-1.418551388360671239e-01
-5.794769242553297894e-02
-3.428525986864405795e-01
6.444558537381688268e-01
-1.313781369210360594e-01
3.437829222954412733e-01
-6.209469674703015363e-01
3.792209437328352140e-01
5.283758926491654018e-01
-1.450804070292913694e-01
-3.194044373735646092e-01
3.414724270233002873e-02
-1.966155942543035273e-01
-7.904731486614483549e-01
2.422697847719156861e-01
4.855968580705387616e-01
3.796223444645012157e-01
5.909523494245976227e-01
2.752979883796526916e-01
-5.596655398791861025e-02
-2.174599822389026993e-01
3.897590760078635808e-01
2.408267952038241067e-01
1.511278241395646593e-01
-1.715466674161443827e-01
-1.471543390408857899e-01
1.606239708880857764e-01
-2.800554799399471162e-01
1.204338095897436040e-01
-3.092135080733269814e-01
2.742191748979288732e-02
-1.153261953003732465e-01
-9.709660567299445433e-02
-1.008050881191530357e-01
9.543729429684061349e-02
-2.119660323601990637e-02
3.362441107705129717e-01
-2.706466176906412446e-01
1.903361954043100435e-01
7.448229851487752073e-01
-4.415649126636140842e-01
-5.814844630479014398e-02
-3.605034227077724696e-01
-2.105264624789666417e-01
4.532637513494565118e-01
3.342533605951992781e-01
-4.725666252162739611e-01
1.039478091514511870e-01
4.815250179682910581e-01
1.151444603673852929e-01
5.471767333082953044e-01
-2.188891783019971116e-01
2.778795851943999251e-02
-4.219362692470591814e-01
-6.464321233511904907e-02
-1.291775010237868893e-01
-3.088233705710288768e-01
2.609811191408722975e-01
-5.834793911104267927e-01
2.184560001259021333e-02
-5.249176528460154367e-01
-1.309277982768177195e-01
-6.594364060368973490e-01
5.555010915186352483e-01
3.691216792966193205e-01
8.711530282921702006e-02
3.648031890923981724e-01
-6.700811899942114847e-02
3.934669749134939165e-01
-2.000420960807472448e-02
-1.151685774378207738e-01
5.063264987634951558e-02
-2.497420430205868347e-01
1.378228547813786786e-01
-3.684028809565447760e-01
2.882225692660278504e-01
-4.352856734162835473e-01
3.792761322290326698e-01
-1.979729488425838874e-02
-6.750408039391453396e-02
-3.917188489896828441e-01
6.595706993417861375e-01
-3.705758430542724358e-01
-4.205077145993773580e-01
-1.038753219998605481e-01
1.875556307462083738e-01
-1.736709118258462081e-01
-2.198246694944094581e-01
4.400555161036165952e-01
-1.910473381753148292e-01
-2.008343441468449508e-01
-7.418786515719202890e-02
1.370821775745096893e-01
1.160862643157943852e-01
2.973235593039815772e-01
1.400769835186173873e-01
-2.249941094860936075e-01
9.170773553882856366e-02
3.609122578394461378e-01
-5.666002932067506492e-01
1.914151660930063503e-02
-4.163898191078198030e-01
-2.895794313937085640e-01
-7.955838249279865992e-02
-5.354459817676923694e-02
-1.452031147502523545e-01
-5.887808696785731266e-01
-2.305006527867556332e-01
-1.565063910480393172e-01
2.089060124480494052e-01
1.077803072735920575e-01
-3.653015913464301156e-02
-4.033199851229909427e-01
1.829537415368657216e-01
-3.478674531362951905e-01
-9.596574199561555552e-02
5.516805689053445871e-02
3.679668374898674710e-01
4.030691527646411143e-01
-2.190574210944846167e-01
-2.921827443417200354e-01
3.410917025214597609e-01
-3.475503954029455222e-01
-6.683412035548912389e-01
-2.753891006414380116e-02
-3.856967511593831222e-01
-4.023283962497714028e-01
2.298619794639242819e-01
1.632794669825629319e-01
1.098498612681173964e-01
8.510969064630798109e-02
4.844469843872936665e-01
-1.078824296068080918e-02
4.499503088277049256e-01
-2.601368671272025201e-01
1.651093273586300425e-01
-1.077959241687457825e-01
4.919668459923839388e-01
-2.100759053015336109e-01
-1.981889478219339695e-04
1.288097865656920304e-01
3.150944343492055877e-01
-2.334470959361014120e-01
3.231524778745408222e-01
-8.493219480240465913e-02
3.170653405568090166e-01
-1.581807200592084683e-01
4.790049860254207981e-01
3.031687015044322031e-01
-1.016191671184621670e-01
-5.741976574496765462e-01
1.002931175653672402e-01
3.380842485599507286e-01
-1.210273861227182876e-02
-1.790208077318966029e-01
5.156695081922882395e-02
-4.970879215756316971e-01
4.391732722735899874e-01
4.136642046675641504e-01
-3.646287782476479444e-01
-4.512174415709458569e-02
-1.634778330362487431e-01
2.090924163490998078e-01
-1.034453350603243421e-01
-3.854176381206664281e-01
-1.897803458847165670e-01
4.770320849888345927e-01
-4.284060647896357210e-01
1.006693013045553697e-03
-1.970466854958589642e-01
-5.781189766476833025e-01
-2.242837858764745451e-01
4.184419041637045811e-01
2.116397639259210983e-01
2.885070692094627853e-01
5.732042751399189090e-02
1.152852195591656803e-01
-1.180769534280746713e-01
4.849827583168430101e-01
-1.410371571500685095e-01
-4.734448749317172189e-01
3.500468736427363448e-01
-6.948417473835299951e-02
1.895270127046781161e-01
-3.385459988779300766e-01
3.360140699968607869e-01
1.239851004398721812e-01
7.683672742437154535e-02
-5.400475151899121473e-02
-2.202509056288212697e-01
7.896797239630165555e-02
2.811951115972516346e-01
-1.331559091686501106e-01
-1.142029228482120684e-01
3.172492733083078220e-01
-5.659528708027091737e-01
-1.708448993639820057e-01
-4.685738869011907282e-01
-1.617857447345311117e-02
-1.194605936712843722e-02
-4.210203354074707610e-02
1.492837921792980471e-01
1.471298515083634129e-01
2.397994634440938633e-01
4.876686508500904793e-01
4.081107831634697702e-01
-3.035376722267662530e-01
-1.191930821886773018e-01
4.142809807506098729e-01
8.286366803303776840e-02
1.413744083364935622e-01
-4.378093687416252378e-01
-4.400820996202049473e-01
-1.500741591558992227e-01
1.096162882787141690e-01
-2.369218618051850411e-01
2.590500743170229825e-01
3.236557616061557230e-01
6.642797330835699121e-01
4.264848857385755698e-01
-2.948002680980221224e-01
-2.112433010379346499e-01
-1.161140889424174122e-01
2.117461544038337085e-01
2.639306412497554599e-01
