2.650264415540588489e-02
-3.404592700838875441e-01
-2.751655187685807524e-01
-1.818604644982898810e-01
1.763747364037273890e-01
1.704183921205202346e-01
5.844352983702703064e-01
-5.200788151372586210e-01
3.904088435990030748e-01
-3.509427896277341197e-01
1.774503546379389007e-01
3.970629408663727822e-01
6.069962498269487750e-01
1.598128080162091458e-01
-2.225422160501633051e-01
5.161638567723755150e-02
-4.226527243129552525e-01
-7.429120185703023127e-01
1.710264109503551733e-01
-6.622074285224399670e-01
-1.213456058285855566e-01
-2.887976834666157178e-01
3.474950828105980438e-01
-5.723055251350237516e-01
2.491690541135374304e-01
1.706434938421200198e-01
-1.836211291762072928e-01
3.127666113708535978e-01
3.148226144411003097e-02
-2.323614953773930902e-01
-8.055944198508484533e-01
-4.145828333163759094e-02
-2.391028964559588910e-01
-2.321517874397643344e-01
1.141840353062289065e-01
-6.525486367655872200e-02
-4.257090324825031358e-01
-4.980710482202513889e-01
-2.383082502245498779e-01
-1.371363327013103706e-01
-3.448209983569819892e-01
-9.488549321960023514e-03
-3.454238642041778107e-01
7.704930628425311623e-01
-2.842793467917766881e-01
3.851911402201702028e-01
-6.032549838884784243e-01
3.322017262443340835e-01
4.173167430108179476e-01
-9.270520682485210162e-02
-6.015571234791199373e-01
5.469975428916102472e-02
-2.681207770827087056e-01
-9.085013662055186900e-01
4.508691284472653993e-01
4.823296351421774153e-01
3.234866856726160700e-01
5.219783309552330497e-01
3.600945720372215608e-01
-1.036206525528608480e-01
-2.032737877203832921e-01
4.156109037333642897e-01
4.594571053589282528e-01
2.457501411591163920e-01
-2.683830299424324606e-01
-1.768576784298253601e-01
2.389729617843197249e-02
-1.944638267324421965e-01
1.776024163332955985e-01
-3.563867726678237591e-01
-2.845772683794162497e-02
-1.534052722215906162e-02
-8.672512459656185613e-02
-2.593965101664377423e-02
3.889740015822484853e-01
1.860964267565132224e-01
3.001276078305168404e-01
-3.570111915261942603e-01
2.265716784715416932e-01
6.741144321519796367e-01
-4.084931229823026699e-01
-1.425180297727106637e-01
-4.152255636889976564e-01
-1.186145016263326912e-01
4.866032223847390759e-01
3.429700448636878729e-01
-3.320247212896301203e-01
1.854527449906036574e-01
6.106086092071247862e-01
-4.882473485365892985e-02
5.158468418352922802e-01
-2.452540407468499772e-01
-1.243085888140501860e-01
-4.568752580234226590e-01
1.148372506901074452e-01
-1.550154993100532341e-01
-1.518698822258378878e-01
3.463103364309070287e-01
-7.449849641703388814e-01
-2.876489624995357680e-02
-3.040512154387404742e-01
-1.644098286257685559e-01
-6.077688192923045296e-01
3.356995269990015740e-01
3.166050956696221386e-01
-1.071349349338245882e-01
3.623669054132753198e-01
-1.177520642903043813e-01
4.156333957820805836e-01
-2.504727802943115256e-01
-6.726475714592027033e-02
9.256629269708295527e-02
-2.237832902362646426e-01
1.789171732226743916e-01
-4.783822802841239397e-01
3.655491025108047465e-01
-4.484745217356948532e-01
3.402243419914235956e-01
8.644369487311769074e-02
-1.703887568124403118e-01
-4.456848922695906268e-01
6.356292949985009599e-01
-1.080498688984604660e-01
-1.391871780929456182e-01
-8.623712723637255717e-02
1.562124853557661786e-01
-1.447375694021820480e-01
-3.679332327012082571e-01
4.988090271170080303e-01
-8.461265463695331890e-02
-4.006086131836787967e-01
-1.284781390621295150e-01
4.089553426641533984e-01
6.053419111364833488e-02
2.296441106662983900e-01
1.369540304582496648e-01
-3.297705593583883932e-01
-5.028754991622785830e-02
4.791542778501694522e-01
-5.125530823449070406e-01
2.680886279843019415e-01
-4.488915392025836226e-01
-2.484130035941428671e-01
-8.965156343920667459e-02
-2.356074586713349794e-01
-1.321926791921844424e-01
-5.782370664711022901e-01
-1.354323409934901079e-01
-1.339509207019777826e-01
2.411806466328347831e-01
1.428301235013253734e-01
-1.199406698242889459e-02
-4.581595775181491748e-01
1.535757954682513415e-01
-4.050535329775152293e-01
-2.399509209033849344e-01
6.718660141961216303e-02
4.573427382291416210e-01
1.881866573293316525e-01
-2.241879402949311373e-01
-2.840797273789580357e-01
3.747132882043064939e-01
-2.581665271094465974e-01
-5.871281766175719952e-01
-9.696431009543295121e-02
-3.543143342169801646e-01
-1.026784560926585765e-01
1.035710559543144837e-01
2.417410445072991354e-01
1.448506560139214139e-01
1.472740211808389321e-01
4.702964825191602305e-01
-5.954359693461359210e-02
4.686318148459047706e-01
-1.940415725790171630e-01
1.310494640116564580e-01
-1.349155257673126385e-01
1.760374660156510673e-01
-4.452456850477649886e-02
-2.171658157013476795e-02
-1.131232274283910655e-01
3.677330176712868548e-01
-1.432910521492493094e-01
3.042558185976437235e-01
-1.026388563328133052e-01
4.116620404623780871e-01
-3.289940532258442962e-01
3.883306768910145257e-01
4.076267043677904711e-01
-3.768714698361439602e-02
-4.208672563974921177e-01
1.544737710444676893e-01
4.267551957883786162e-01
6.301319865792030794e-02
-2.266660929385368173e-01
9.679055113625384399e-02
-4.733872811502379263e-01
4.452744594912323439e-01
4.260390911954543003e-01
-1.898346436024656025e-01
-2.358573970295478606e-02
-1.248988843694715245e-01
1.640115840116752322e-01
-2.882991400134984339e-01
-2.269279185487502182e-01
-2.528525266044913122e-01
3.056856567784590473e-01
-5.314618474052881236e-01
9.976415055302423340e-02
-1.827950929249581025e-01
-6.107107357634786737e-01
-1.887039107310937713e-01
3.414580117289810479e-01
2.018809984976170924e-01
2.282883088345807887e-01
9.280416089131662827e-02
4.497792152463479798e-03
-2.987936473301601170e-01
3.983179472735863258e-01
-1.699747021306510786e-01
-4.919875373936768437e-01
1.929052924620732745e-01
2.259531441349140191e-01
2.077010303871848762e-01
-3.257535395205534146e-01
3.451725284503018853e-01
1.703590779769161567e-01
9.582705310739580290e-03
-8.701979469800413813e-02
-3.010839231784705472e-01
1.695515124222043979e-01
3.605509300442821807e-01
-2.246386959480051460e-01
-5.864387390854443327e-02
2.578057993479950794e-01
-5.604551594570007511e-01
-4.335680370323392596e-01
-5.047069889368956952e-01
-1.066945561116348085e-01
-1.091685983027769757e-01
-2.792726673135160348e-02
1.416537678675553469e-01
1.775128704695484172e-01
2.830830437446211767e-01
6.732474450534045030e-01
5.066282225692441132e-01
-3.266058370412384670e-01
-2.566533300280875451e-01
4.585349390761335187e-01
-3.844667428857659330e-02
4.097420248980163104e-02
-2.616615477173701021e-01
-4.636206701038421141e-01
-2.592214621105834449e-01
1.627946873244749404e-01
-2.671264787468227153e-01
2.449059876181186868e-01
2.956176234383879331e-01
7.305795392090568274e-01
4.138427313201782365e-01
8.381946102896969952e-02
-1.994164033951448256e-01
-1.169706389960538662e-01
2.467487383869504391e-01
2.931285573604365258e-01
