9.157887131666402336e-01
-5.001574128509767014e-04
2.372546035937790898e-01
9.385451101697313003e-01
1.507234398698391042e-01
-6.135579525043339810e-01
-8.261960922608742042e-01
1.958383157429178789e-01
1.066477994932201190e+00
7.247231028199279113e-01
3.434760807518781878e-01
3.553521128905506865e-01
1.174513033137396301e+00
8.138743788769635668e-01
-5.721585458849443029e-01
7.748891214784598969e-01
-6.113542740269393150e-01
2.648475197427092587e-01
2.794869648120990591e-01
1.153756474562944945e+00
-4.361279778805121632e-01
-9.181909233990782626e-01
1.337318006944765991e-01
-1.214699527143981994e-01
4.637613572795394878e-01
-4.450041982575992927e-01
2.509275576613829717e-01
-3.051914271287592406e-02
-2.667493543477865714e-01
-7.093922405315722379e-01
-4.672163798492601217e-02
-3.885588103446084851e-01
1.357681952601036190e+00
-5.316424677041331481e-01
-7.199498202189609231e-01
-1.005658836774562026e+00
-1.297022304733974618e-01
-8.704743148426612454e-01
-1.108700819298719331e+00
8.920021333572567546e-01
-8.733928661515439895e-01
-1.223531320444154746e-01
4.430130061747613590e-01
5.920141836123022916e-01
-1.223496727123797978e+00
1.925308229342761468e-01
1.086694676218354028e+00
3.016272935690652024e-01
3.635698245867428624e-01
-8.065255198887426591e-01
-6.132445519934250910e-01
-3.960488433169526701e-01
2.841525537350609310e-01
-9.145780699476151465e-01
-2.429627976980825443e-01
1.837898071352974116e-01
-6.109159307156752927e-01
8.888205572131013810e-01
-4.755334410406036327e-01
6.414219081576333359e-01
-3.634276876910456089e-01
1.746159235400289167e-01
-5.870725198015829260e-01
-8.669879720839823722e-03
3.885570131950837891e-01
-6.585154446695773434e-01
9.245848058363115296e-01
5.838209151710931355e-01
4.136961892823510234e-01
-9.106890196896963996e-01
-1.154297343710890100e+00
5.780807909930854027e-01
-8.910291659302289613e-01
-3.086647461179977681e-01
2.245257457638968335e-01
9.091762557158200586e-01
-2.673947987416171457e-01
-5.704012008695436009e-02
4.789774019134588334e-01
4.435013984801573494e-01
-4.430279251146150288e-01
-2.929501440495085873e-03
-5.603072672503177643e-01
3.823894443687945177e-01
-2.637036868159357006e-01
-6.953203040889570641e-01
-1.388657621141985210e+00
-4.883897046941936271e-01
9.575402299896336178e-01
-2.577085808158738889e-01
1.021947701641511497e+00
-1.527104591447356330e-01
-2.091486793616013529e+00
-5.673030454221894558e-02
-4.434759197361397010e-01
-9.293069882551143746e-01
-5.542388982081789539e-01
2.842592044334144585e-01
3.193179999477834263e-01
3.806211213799189919e-01
8.070927248930266362e-01
-7.345100307854353083e-01
5.477655769987042067e-01
-8.868114529915946953e-01
-6.894829753564839514e-01
-8.500656042872527518e-01
8.625064497078750447e-01
-8.149729841592248114e-01
-1.097856815334171010e+00
4.324622214298518008e-02
-7.306021902961938874e-01
3.262662394059081539e-01
-2.518369589746423109e-01
1.269168240361486122e+00
-4.885332788471545284e-01
-9.620599900440003349e-01
-6.579686256098717934e-01
-5.211556147398481720e-01
6.784297883104662974e-01
4.000744568256212053e-01
-5.386183666536363823e-01
-4.849474240015132498e-01
1.248950421015606604e+00
3.193873603650967397e-01
5.867661366304649517e-01
3.878746216898382726e-01
-4.008263847711006633e-01
8.737714870065433903e-01
-6.122166716267811726e-01
9.716847496196023837e-01
-8.634524862804889844e-01
1.034200564782267850e+00
9.768337383533960416e-01
6.404359074007421881e-01
7.589572519178384713e-01
4.121463843922450465e-01
2.624614479431646163e+00
-1.135646327773997655e+00
2.818925782648837308e-01
2.626218142431124836e-01
-8.852860846119703364e-01
2.788546377652782460e-01
-5.809581082565025145e-01
9.463728598781973034e-01
-4.651614686911003660e-01
-2.063243600148279011e-02
7.872514478368308755e-01
-9.069971051230374393e-02
9.888061017839400169e-01
-1.057756700481500833e-01
4.479241571349903417e-01
-2.765630480470870900e-01
5.269758036019853709e-01
4.470411615455409660e-01
1.255738161731157376e+00
6.032269076344958236e-01
-1.386719975834837193e+00
-5.457681262986799897e-01
1.921855618492783746e+00
1.796516998962723877e-01
2.478807516596357452e-01
4.885084824111297075e-01
-3.715420773893235995e-01
-1.163053451162475160e-01
-1.611291567771894750e-01
8.027770171230044216e-01
-4.461962406920412239e-01
1.008601702775821396e+00
-4.074413705254258389e-01
-9.444771929945886546e-01
-1.467887713561243368e+00
2.396801402393260449e-01
-6.909161607739500166e-02
-7.274964768072258448e-01
4.745103346315745485e-01
8.011551963301144497e-02
-5.936526517594160612e-01
4.467114227373818469e-01
5.292015409485739674e-01
-4.375087256556298154e-01
6.828574072305517717e-01
5.640231807412174891e-01
2.332088428371987820e-01
9.539828767468682136e-01
-1.440852726656146388e+00
4.185642247486439094e-01
-4.784758518962706209e-02
-8.430119938800223478e-01
-1.486960548480052324e+00
4.999505280827727383e-01
7.339777494115589107e-01
-5.758828786590486359e-01
8.865926117695741571e-01
-1.020074430246027397e-01
-7.938528838649294705e-01
8.817303104968410299e-01
-7.848836528233995580e-01
4.508887903882254911e-01
-7.733718947490719753e-02
2.570910955663651687e-01
4.934197298466052040e-01
-3.472748364143969924e-01
2.000350686186386451e+00
-5.989412623075824893e-01
-3.578017145472423000e-01
7.806942157880985000e-01
1.088024112701318158e+00
3.744078392392496957e-02
-6.533671787162544931e-01
-6.007929773987923383e-01
-4.816816378753149275e-01
-2.219794091574964767e-01
9.905465422239283502e-01
1.823291934848490503e-01
-4.913790852835675516e-01
-4.203836263543956342e-01
6.977031733849394790e-01
4.953262879546960207e-01
-2.062779499223800217e-01
-4.317909088171650867e-01
-1.144212024365656166e-01
-4.657385600681275273e-01
-1.961808543702717733e-01
3.903420857752812334e-01
9.982226498061204101e-01
-5.578125047997327668e-01
1.522379591376549435e+00
1.305432762286609094e+00
5.993916986435920968e-02
-4.071422341126477717e-01
-9.441970695982011552e-01
3.397160538777630467e-01
-1.145298552696867977e+00
-7.318793598061487660e-02
4.825674754734336491e-01
3.521733289413740420e-01
-4.901894808805434267e-01
6.344569537542088522e-03
7.493758987653507120e-01
7.840437180039691034e-01
-6.261233011063300768e-01
-1.038883633340776491e+00
-1.949703582154582726e-02
-7.996310939237301074e-01
1.507744311360770806e-01
8.297741357256074313e-01
1.176665171930213472e-01
-1.245828316674314484e-01
-3.438124753088750429e-01
-4.575693825461095710e-01
-4.618370551370727939e-01
-7.816163162283658039e-01
1.499982997688949493e-01
9.109332987918650204e-02
5.040284464240163409e-02
-4.369311852283939701e-01
-4.781848765847464544e-01
4.696221496586140409e-01
3.103434430560491064e-01
7.269011819294078913e-01
-1.530548872619004852e+00
-4.548768861179892653e-01
1.023170205503559638e+00
9.012166983019764821e-02
1.511236371578225324e+00
