4.741278611673917509e-01
4.186536151767586977e-01
1.904078840949475548e+00
-3.249377257140077524e-01
1.040075883357603814e+00
-1.218485409086655258e+00
-2.274375882142359862e-01
-6.682961768661008772e-01
1.246395982327556107e+00
5.290874126339706329e-01
1.126768124135285154e+00
4.665056629258724219e-01
6.432860313029702404e-01
2.661375451399225489e-01
-4.486250836677888598e-01
1.531987643595327242e-01
-1.413808279368089504e-02
-5.683402810700149965e-02
1.002733051377021845e+00
-9.198255252592230091e-02
-6.571903862228025694e-01
1.609007210415466238e-01
-4.009504600690872445e-01
-3.723857746146374548e-01
4.962825401928626645e-01
1.890353424028139440e-01
-3.010158412819520790e-01
8.579031282769018496e-01
3.386187566007711203e-01
-8.997807112162283794e-01
1.094135807982485886e+00
-3.479698959566211447e-01
-1.133742730582627978e+00
4.085425207735476905e-02
-8.039264465023340245e-01
1.740929919738596565e+00
-1.206033178780736348e+00
-4.378787144984565560e-01
1.770217629631778422e-01
2.934261326358252875e-01
4.202855540897387776e-04
-6.194493971998622506e-01
-4.867665150000041185e-01
2.091788050812286026e-01
4.950540070713925211e-01
-4.149508987533283566e-01
8.925341826602865014e-01
1.591427164832874275e-01
-2.255468595615470195e-01
8.308647381129263820e-01
-4.183727324104947187e-01
1.265637027777923418e+00
1.345475551183689111e+00
1.107002196014022166e+00
1.064065116099389696e-01
1.437982264731965998e+00
2.132190605897523739e+00
-3.295089511279690742e-01
1.597648841745324955e-01
-1.445454864326119804e+00
1.300005040756408992e+00
-4.336212060641305155e-01
-7.948439035854211188e-01
7.084382977669375636e-01
1.171953173287904715e+00
1.038917681076431787e+00
1.129658126792068451e+00
-1.456222627864941499e-01
1.303096099546141584e-02
7.359085405937566549e-01
4.617322173550196251e-01
2.244403095852184338e-01
-3.282709281128505796e-01
-7.798202060116907752e-01
2.918326353848824661e-01
4.764491641585715254e-01
1.573708816817675493e-01
-6.806756994340537048e-01
6.147604502923631475e-01
2.376423918356018183e-01
-3.340087598257893142e-01
-1.477138776337533210e+00
-9.561219695055660495e-01
-2.272098718632388215e-01
1.299431541407443103e-01
1.373088512498233049e+00
8.792659135135630910e-01
9.834552901640754019e-01
4.869974050219458284e-01
6.560454306608516362e-01
2.949020975364020636e-01
-1.438983890226399609e-01
-8.108624351893680693e-01
1.072270213774503489e+00
3.444856981532851137e-02
-9.238250126906982773e-01
1.592398681551717154e-01
-2.945662919334606777e-01
5.410528836716448353e-01
9.203902017778051725e-01
6.414042068840275501e-03
-8.628442490403377407e-01
-6.205580490196460630e-01
-5.285873879108372586e-01
-4.648593282273588700e-01
9.641416337908237377e-01
-1.557487333243471550e+00
4.506208784498080266e-01
-2.450429476626925784e-01
6.986630537806215457e-02
2.471186600137892375e-01
-7.208396497369150557e-01
-8.692272610468338989e-01
-7.177596130987740075e-02
9.472863443913435155e-01
7.735707182176800867e-01
-2.881729575519788034e-01
-8.271243019237102256e-01
4.054690326825952096e-01
7.504710581341158537e-01
-1.696666695310631079e+00
-2.687242574539928874e+00
-3.100814108900828425e-01
-6.505641622842937011e-01
5.460558516485549685e-01
6.089099501122861025e-01
5.769754865992531290e-01
1.149817500498666600e+00
-4.105198150258913548e-01
6.824091421418261305e-01
-1.899381290928060517e-01
-9.744259067707115030e-01
1.648780538066234591e-01
5.611664652904274631e-02
-1.668435242564048071e+00
7.215095851736449406e-01
1.208973345126999277e+00
1.249504258455012673e+00
-2.313516125775084142e-01
5.283754600677743607e-01
-1.465857606091307330e+00
-2.214080053230570999e-01
-2.260764124914704243e-01
-7.456503577425277474e-01
3.251572274652078098e-01
2.632850095787043765e-01
-6.167281058780145209e-01
1.313777167404469370e+00
-1.892202319254401077e+00
-5.195635073132451875e-01
-7.912288600494346014e-01
-3.598401423804957755e-01
7.333268555746602635e-01
5.162455470722597806e-01
1.382492009973312008e+00
-1.625913057586936050e+00
-2.355995551058252535e-01
-7.538080652131877724e-01
-1.755984093239035149e+00
1.642137814131889861e-01
7.966998064826185111e-01
-1.585941531948545369e-01
5.391995576741421825e-01
-2.805982712499848208e-01
-3.980338728879412868e-01
4.195521912820879828e-01
-3.622238874398616693e-01
-4.751690295285720955e-01
1.142874996130104126e+00
1.048009943858902560e+00
-1.069667390818613173e+00
1.148674759987367011e-01
-8.126246878797807049e-01
1.067769914642713314e-02
8.330150538669871541e-01
1.195787300565223532e+00
-5.311540778329371104e-01
-7.895757891446746335e-01
-1.844659325484840351e-01
1.607683220419645620e-01
-8.541742150432068970e-02
1.266033811563458622e+00
-1.954945445332791354e-01
-5.545311948542489544e-01
-5.622254843745839725e-01
-1.615854047440437036e-01
3.629100128853869900e-01
-1.855594511990582784e+00
-2.226251006256716902e+00
-3.626891764392271567e-01
-5.893698102716252718e-01
1.604181350439280118e+00
3.575471630282401891e-01
-1.275813144537667698e+00
7.647939265510796947e-01
-6.943488070337135998e-01
-4.917940509250046111e-01
-7.696390636185479472e-02
2.085955530183890017e-01
-5.886950151374158446e-01
-9.164206669646449699e-01
-1.546771967475841336e+00
-4.906909922472648122e-01
8.117406647297797928e-01
-3.414791581776682183e-01
3.573538941798253266e-01
1.569727935151876919e+00
1.490311198333764242e+00
8.816496986274743319e-01
-1.611036328474674484e+00
-8.050149152626407956e-01
4.732245268735472132e-01
1.254030461141062980e-01
1.784055732183994714e+00
-9.947009500569814477e-02
-5.737084738019941899e-01
-1.169179909055775513e+00
-3.940680434127677989e-01
5.147456649592574429e-01
-6.659904600513377737e-02
-1.523527320615754022e-01
-7.943602293634708378e-01
-1.514183044311222304e+00
-1.223131348009065533e+00
1.526429231261116071e-01
-8.955868270473686943e-01
-1.334785493695445968e+00
-3.883710320394960780e-01
1.729107920917907215e-01
-1.608155267152723833e-01
-1.036679471603149993e+00
-1.349939419662053330e+00
-9.453999669351225155e-01
8.512319267023398250e-01
1.129143414444147897e+00
-5.029854781671989628e-01
-6.087906550813743101e-02
9.558014655068372001e-01
-4.945716114783212380e-01
1.325745560367369125e+00
-1.319720708278565025e-01
4.806199871019029013e-02
1.776775775070073005e-01
-2.737470373036334226e-01
-1.458402570590628944e-01
-2.084342875718863675e-01
-1.364573039132773169e-01
-1.634391994567682693e-01
-3.019514791476533566e-01
4.104308764581802160e-01
9.508600627629384405e-01
6.680716756045582683e-01
2.200605361197532917e-01
1.051705641969826743e+00
-1.802919172494240052e-01
3.752225399193592215e-01
4.548145981712831132e-01
5.916752666658204873e-01
3.060808920740571981e-01
-1.048893387424946200e+00
-9.559090639722279681e-01
-5.015329580813649990e-01
1.329982307766977012e+00
-1.230163445656646259e-01
3.456863015986589849e-01
