5.565165874098512155e-01
-5.896581933555918864e-01
3.627293313456371182e-01
-6.669091518645086092e-01
5.636690368769241566e-01
1.035831625986398663e+00
-8.816515300207046213e-01
3.270147101208175644e-01
3.269616551335012833e-01
-6.264113103957014150e-02
-4.864248466153153760e-01
2.934677970151711168e-02
-9.951972111363220908e-01
7.504270110980648667e-03
-9.570117471365063855e-01
-1.278532674822065340e+00
-9.081921434916579994e-01
1.882820647679195880e-01
4.455355854257988524e-01
-5.201121737242551113e-01
5.286577421211452465e-01
-9.188014278006820801e-01
-8.923301827492211569e-01
-4.985963471853953055e-01
-1.217692959124397900e-01
-7.587727146688982849e-01
-6.787864366932798710e-01
5.753246726946747991e-01
-9.269312176035016115e-01
4.126929867973618826e-01
2.037633440732751489e-01
6.159902923116350459e-02
2.046236980205243250e-01
5.215433477122350947e-01
-4.014361179394359547e-01
-5.934078440024344037e-01
-8.551211842601307289e-01
3.714819614702336015e-02
4.255984656603230554e-01
-6.861741635121758609e-01
2.203498184267838056e-02
2.736233353409617264e-01
-1.666487052595166940e+00
4.403890484177289677e-01
2.893956278977864449e-01
-4.588705321753481781e-01
1.284749139440441557e+00
-2.701656254939137081e-01
-9.502711803848657990e-01
1.636855692728081291e+00
8.925712738393865031e-01
-4.196362126992008168e-01
-8.060272672898627366e-02
-2.955876162665294071e-02
1.406017627746476206e+00
-7.285391582466487215e-01
2.737590786065131621e-01
-3.336269367178431589e-01
5.530054892569662428e-01
-5.246641452393218108e-01
-8.910901222271110367e-01
-1.878335563552299137e-01
6.947489490076672602e-01
-5.008883111775042085e-01
4.095359063167836600e-01
5.828271283860985141e-01
-5.660564826525293913e-01
-5.084730368537231371e-01
-1.205905096911295438e+00
1.080094379936395566e+00
-1.096030573806094033e+00
-3.110906145589152905e-01
8.500146187211997661e-01
-4.626107693432122137e-01
9.041553735064127295e-01
6.864580867155452015e-01
4.305278582374599261e-01
-1.228616082255371778e+00
-9.148721053577427709e-01
7.419850660457505409e-01
-4.573299161241277666e-01
-9.799740008408961423e-01
-1.014503501050410206e+00
-1.050852938939432102e+00
-1.031700224757427176e+00
-1.206760550626806650e+00
2.223440261722727795e-01
-2.486456301987644557e-01
3.378431400455783606e-01
1.686220658526947636e-01
4.380118057737414361e-01
6.328648029893457760e-01
2.170819603049635726e-01
-2.028317582031523014e-01
-2.065916148855009571e-01
1.527679854018208494e-01
-4.994405762080036393e-01
-8.987639195072687492e-01
-3.870873579759765426e-01
-1.030378056935477016e-01
2.740175425722907177e-01
-5.745929005065244510e-01
-1.348359947916591306e+00
-8.412863741076144208e-01
-7.406754496735254989e-01
7.312433058895850824e-01
-5.615950160837237526e-01
-3.470599634739780504e-01
-8.038141120181349075e-01
8.363315562489931354e-02
9.166511583325528401e-01
-2.008136471114210231e-01
-3.182048486611017135e-01
6.923567697888849404e-03
-1.085356247160125798e-01
4.255299125647719061e-01
4.763303602055183328e-01
-1.495608670987449429e+00
-7.385664111651962793e-01
-5.840545093482752970e-01
-6.375324433934106416e-01
-5.372579732033772038e-01
2.163891725533689803e-02
9.717769213922753391e-01
-1.507481143298044501e-01
-1.642858229682638838e-01
3.021188484089309956e-02
-2.547081071407547581e-02
4.291316448428131314e-01
1.549117244219643919e+00
-8.576980595910410621e-02
1.573311347336911137e+00
8.412422788933491269e-01
-1.079438579765235051e-01
-9.789253810653986143e-02
-1.002404677818612699e-01
2.015203569665593442e-01
-1.153091278425632416e+00
-8.614795376254785753e-01
-1.964615564943284487e-01
5.730875295867789987e-01
6.056313139533399115e-01
8.319486440239111102e-01
9.861531038006723371e-01
-8.285712256327453229e-01
7.379517766787839772e-01
7.977650177148001842e-02
1.906598676526025105e-01
6.900614483260230081e-01
4.440673738860700936e-02
-8.160313379721803595e-02
3.600080783178133403e-02
-9.411406027566801002e-01
5.209934025225015919e-01
7.813851973915124649e-01
-1.013919215145928199e+00
1.217448614462748768e+00
-2.127271715190959256e-02
-1.614475305101348845e-01
-9.916719916813475644e-01
-4.042368177028754506e-02
1.141327494641730667e-01
-2.599743139229920841e-01
6.433128388771167661e-01
7.491196323020563597e-01
2.419217871579954493e-01
-6.398153053734676465e-01
-4.331403313718872883e-01
-8.711288820719060855e-01
-1.754019692401971309e+00
3.691459376064168962e-01
4.517575039730313269e-01
9.024038835491028365e-01
-4.669468980712725426e-01
-8.130686628319787612e-01
-6.424987512513180565e-02
1.092715058057947219e+00
6.957065901865006063e-02
-6.021666267602510114e-01
6.287496007298898348e-01
3.238734266427722441e-01
-8.473595918533760596e-01
-1.084238429380215862e+00
-7.220379045643679494e-02
1.634628776522950300e-01
6.368647155053520637e-01
-7.693579954541567290e-01
7.806111499259709152e-01
-6.086095621580858150e-01
-5.957816602406789119e-01
-4.309426522535153570e-01
2.389253594394782354e-01
1.363409443691465661e+00
1.426865335970554760e+00
1.115398595398195969e+00
-7.114422095077898023e-01
-1.748549665001897235e-02
1.779771331010325808e-01
1.117579031478594498e+00
-8.622549452642978007e-01
6.635395980662978088e-02
9.296339879894255365e-02
-4.343957234667272238e-01
5.536707255572967945e-01
-3.349563653595807322e-01
2.911745889382677532e-01
-4.759071774529029519e-01
-1.235105979170601831e+00
-8.622238547059145608e-01
9.977770619060671864e-01
-1.020635720225828269e+00
1.681744428567366056e-01
5.366775160195549343e-01
-1.292036517680309471e-01
1.257920050403085188e+00
-6.147210463985335327e-01
-6.152495816557806974e-02
3.436559714931680665e-02
8.579217557391053406e-01
7.859218398674758799e-01
-4.433235352442417287e-01
-5.523394771270936365e-01
-1.755301016370918177e-01
1.360896655567544578e+00
4.504686828860501868e-01
-8.833331817177478840e-01
-9.026353007063010470e-01
1.535647789017472453e+00
1.202842442522818800e+00
-4.736412907193742194e-01
-1.590618965563456388e+00
2.351330847889727127e-01
3.612857631979231599e-01
9.014124118820154852e-01
-6.801889425482851581e-02
3.311086509982783532e-01
-5.341043372091474062e-01
2.793719984031956538e-01
7.499970435926315293e-01
-2.040658140628378581e-01
-1.851153231986715775e-01
-2.087511315086662544e-01
2.397235916853013293e-01
6.932131240648038428e-01
1.126267832608764063e+00
4.316418316232289998e-02
8.032376601008093253e-01
-6.639716219647278095e-01
3.059249944136441801e-01
-4.854654519019472869e-01
1.539031935235926518e+00
-4.483050402063232243e-01
-1.280388667910559608e+00
1.084660008718131508e+00
-2.355243674264309583e-01
5.392118957580516181e-01
-8.025066983642177298e-01
-4.050929184684403106e-01
8.127999552513643922e-01
-2.154692336445417356e-01
-5.399716922761652604e-01
2.956052060117221325e-01
7.058869627887458531e-01
-5.958419439466857703e-01
4.826141951515933171e-01
