2.688783291744607507e-01
-2.405157790939891349e-01
3.851611132355450273e-01
-1.738403927246554015e-01
1.187715419186888832e-01
1.510979109154464151e-01
-3.443623017024212418e-02
9.851206768552833726e-03
4.067743172717789291e-01
4.572243772821958929e-01
6.060442809853916479e-02
-4.560549064970267907e-02
5.550261643193379335e-01
7.331889900753820744e-01
4.815421309120620497e-01
-2.176478181810182488e-01
3.664858131985065937e-02
-1.683547101903203891e-01
-2.383341757852170117e-01
3.544643253350602263e-01
-1.658570232700696256e-01
-3.896745835744949704e-01
-6.935877734332185351e-02
1.146450462924492597e-01
6.360855381954018117e-01
3.981558132485668589e-02
-5.001700806995892368e-01
4.958775945508944183e-01
-1.516363387573169130e-02
-2.157316991217168856e-02
5.429677913279147283e-01
2.163922656291928925e-01
-1.164174850542283868e-01
2.393518088988313974e-02
-5.874377738381784120e-01
-7.040440940585341867e-01
3.124120432396408908e-01
2.063815540756092914e-01
-2.800558272475316413e-01
2.708430886385957415e-01
-6.158578309731953249e-02
-1.168969557751714516e-02
1.988430206328593852e-02
-3.144353508128813757e-01
-2.455226590671494291e-01
-5.262843087838413592e-01
2.665684157294261336e-01
5.212276367581598624e-01
3.949489549046154568e-01
-1.356476273009036004e-01
3.301783038154795236e-01
-2.478489189322624908e-01
7.299022972947400989e-01
-2.958076562619386118e-01
4.463802343495071878e-01
-5.672651070457447597e-02
5.012696165811880711e-02
-5.496120833385362836e-01
3.891233994726661649e-02
4.931718432182422007e-02
2.551849661250530366e-01
-4.603398834197094946e-03
7.419773521601753519e-01
-4.380416128832437250e-01
-9.076828838837930347e-02
-3.607926753134823583e-01
-1.288541133939608840e-01
3.181272577552768377e-01
1.349568726718912981e-01
-4.276356717975355881e-01
-3.076979286129138402e-01
6.001407415695447778e-01
8.220032046764595701e-02
1.404555028943091921e-01
-1.534086731796659997e-01
1.609606029519239367e-01
-4.573902150441402359e-01
6.058705518780005406e-01
-1.290381340125665577e-01
-2.770207509689036063e-01
-4.808315424908268798e-01
4.679370585884361500e-01
-3.818715210995157761e-02
-1.503700736824376272e-01
-2.576451690856971233e-01
3.212617236472699034e-01
1.954203655187377320e-01
-3.140312681330349742e-02
9.254948202726914763e-02
-3.733403070454457962e-03
-5.832889006042787372e-01
-3.182703578905851094e-01
-4.423698604098787179e-02
-2.783479277213911085e-01
-6.297725793693456087e-01
-3.792799000403619392e-01
4.057613193874789470e-01
-8.408462180076026193e-02
3.762569864339893044e-01
-5.623393182845157767e-01
6.421040883231878826e-01
-2.848124339627611801e-01
-3.726831933828935739e-01
-4.036166398155293100e-01
3.915098953344614552e-02
-4.886834563033903289e-01
5.576191089195762229e-01
6.774523353111298885e-02
-8.059155354105126956e-02
-3.882655259845199658e-02
-1.246090836373046629e-01
3.179315738565425820e-01
-7.038446626386083427e-01
1.815774385332533103e-01
2.448790808372727501e-01
1.490525502054140805e-02
3.654644987850553806e-01
3.368764161644610122e-01
-2.233177945190980007e-01
-4.160962059188845763e-01
-2.683101842246889968e-01
-6.095388475814977891e-04
2.006623813038438953e-01
2.535952907316402771e-01
5.214178567094918115e-01
-4.976086762245822692e-01
-8.155122725646857251e-02
4.185204970643230382e-01
-1.582926495892256757e-01
-2.259238869856385890e-01
-1.483306834979702948e-01
4.003536983167737540e-01
3.498106338277268135e-01
-2.063753156027886837e-01
-2.906540560736090018e-01
-3.659670358618314356e-01
4.690062388706637275e-01
2.935035437259554403e-01
-9.485006103818278966e-02
2.913332932843930023e-01
4.086694962883359317e-01
-2.632218794479614932e-01
2.463203036838169102e-01
-5.651951439719763437e-01
4.055846679833012836e-01
2.972770513072856002e-01
-2.819496529814078389e-01
-9.230866491821045072e-02
4.811638871297926334e-01
-7.974372508082294697e-02
2.929530691865490921e-02
-2.343942993682680831e-02
1.252386973745475141e-01
1.415873055920940371e-01
4.046759518499848385e-01
-7.860169297692716217e-01
3.856142109048533995e-02
-5.027112246259465289e-01
2.897821742927556010e-01
-2.155362937086680863e-01
-3.667163047126030806e-01
-6.296288757544190595e-01
2.335030560855297366e-01
-6.872423964884857295e-01
9.317213087537103144e-02
-9.090465157906933713e-02
3.055949098208815551e-02
-7.384590932348124026e-01
-3.194248830702529907e-02
-9.283509531888965716e-02
4.849661234414380795e-01
-3.159937724941039305e-01
-7.428564352877511934e-02
9.638565971612166050e-02
-8.890921081527111136e-01
-1.518113252568875637e-01
-4.598073808329009582e-01
1.351440810006972748e-01
3.046835257001253572e-01
-3.088257683548557564e-01
-3.773489149551075839e-01
-2.648220926555416299e-01
1.621754196046023555e-01
-5.551988730810918371e-01
5.885928812894880569e-02
-1.425809955487672975e-01
1.938567008685517512e-01
3.509895359229131540e-03
-1.198202704808894875e-01
-6.949704172688523363e-01
-2.912810479352082038e-01
-1.932521588639367904e-01
-4.984241614967649947e-01
-5.346121572603463878e-01
-1.631825368661397324e-01
1.846628932964429204e-01
4.808010287644159941e-01
8.620325717788737685e-02
-7.321221578865227952e-02
6.704313577785681044e-02
5.309193770423752401e-01
-4.733704567893657900e-01
-9.139512831015628169e-02
9.187632242740911837e-03
-2.072233244330489721e-01
-4.895168215170930259e-01
4.053903129616018841e-01
4.364872791725434853e-01
-1.224255286774417473e-01
-3.370962169150611143e-02
1.281436095738553993e-01
3.028198539853276250e-01
4.998266094716825036e-01
4.827663033554900895e-01
3.456265491688490510e-01
4.873256103188993715e-01
4.774818792073649010e-01
-2.307365339113502667e-02
-5.970568267098991244e-02
-5.387555395635507116e-01
-4.517984674026052083e-01
5.004927655329447500e-01
-3.820905199522301454e-01
-6.552916058966445911e-02
-4.419417581426776653e-02
-5.328646881193066509e-01
3.733502690463046947e-01
4.753173234560579274e-01
6.634538246271592943e-01
-1.283303768295782632e-01
2.555424706994781081e-01
-1.152782043216147717e-01
2.292413764204034865e-01
4.043560942028268101e-01
-2.832585005463270078e-02
7.853867550042141488e-02
-1.209199940523409400e-01
5.217050558236121516e-01
-1.131760452829320418e-01
4.989194149441008586e-01
2.609252979547593831e-01
2.999158244518437266e-01
4.681538602680954675e-01
2.589783230029132910e-01
-1.279055517131831576e-01
-2.932780010580217644e-01
-5.863992360139669291e-01
6.708485758538468291e-03
2.386734337796889704e-01
-3.033056565085122669e-01
4.623467547189890059e-01
-3.094046613426900683e-01
9.830846967178093199e-02
-5.411319386445891944e-01
-7.080130671643924956e-03
-5.052632875930017642e-01
3.877623706206281828e-02
-2.535675372976702313e-01
2.433757851852837162e-01
8.440670792028359681e-02
6.370112292215101002e-01
4.757554635125895715e-01
-6.767449900524031836e-01
-2.468744595159851063e-02
2.027406415276076790e-01
