3.247782174509379338e-01
-2.698002321601437048e-01
3.299350937443931708e-01
-1.789178044791092381e-01
1.751275241612153533e-01
3.208029963506411342e-01
4.686770291145969138e-03
1.213234157589858780e-01
8.477238856261495870e-02
3.828356072211382966e-01
3.210825533022547695e-01
1.885061243463735936e-01
3.799026865307811862e-01
5.820691583758046406e-01
5.000289293737499863e-01
-3.406728002577049663e-01
2.104803859018677392e-01
-1.374705652561332703e-01
-2.655911183793113750e-01
2.293820144486122814e-01
-2.971209441674416141e-01
-1.777286503815712071e-01
-2.136633283975059028e-01
-6.107399095328255867e-02
7.145876191112435771e-01
-3.464809911944816134e-01
-5.250267902633447559e-01
3.156558335283187189e-01
-1.372175306329730671e-01
9.866532908908499933e-02
7.289500243093623988e-01
3.016850992380217811e-01
9.464838918234494414e-02
-4.534271714369501188e-02
-5.600150043813518774e-01
-6.334838646465279499e-01
4.719129289429841445e-01
1.690439894752639449e-01
-1.418971508208505608e-02
1.343809865720456131e-01
1.358146114628001055e-01
6.340426573531934840e-02
6.140466556816929176e-03
-2.864049651695975696e-01
-1.103220102122672019e-01
-5.986399010448417712e-01
3.929601087841007034e-01
5.092372435359143745e-01
3.440458052080933582e-01
3.733168156785004466e-01
1.798357631970328718e-01
-2.933441648532131296e-01
5.898671130296416765e-01
-2.209248946165351113e-01
2.954823069856892803e-01
1.078765723897681661e-01
2.163182747468073847e-02
-4.922398656962376218e-01
1.525758752552443809e-01
1.807351058838367885e-01
3.019495335911852596e-01
3.511193989317908798e-02
7.190284337013056470e-01
-2.063052919810150210e-01
-8.383058598239689907e-02
-3.052548364271021608e-01
-9.412664321888462859e-02
2.773988340898297933e-01
-4.739530509696561478e-02
-4.117277466461436441e-01
-3.021561119588912492e-01
5.473733340108979384e-01
-1.162999864003145395e-01
8.119498707386482717e-02
-1.819140194515795339e-01
-1.022956973403962161e-02
-4.270988883613614506e-01
4.988300392317737142e-01
-4.896399279957208694e-02
-1.689225541807581332e-01
-3.716267648300511373e-01
5.839056265989726047e-01
1.111000997893699105e-01
-1.729501087541674420e-01
-1.866950115651518638e-01
2.332285902238055986e-01
2.099932619112790944e-01
3.359009944109104806e-01
3.068635617090817447e-01
-4.977302128324398445e-02
-4.466593640036940482e-01
-1.988324535249792191e-01
-1.089236302190578487e-01
-1.565808491242950962e-01
-5.045628649136494337e-01
-4.568654757418674772e-01
6.143880989944544568e-01
-6.143707586808695720e-02
3.303925185027664635e-01
-4.308127982686109636e-01
5.740306753095952841e-01
-7.202279629029635644e-02
-3.567779224877156707e-01
-5.448784007353335568e-01
-2.757345996329639559e-02
-6.285816213810710984e-01
2.546243751448896697e-01
2.755616223867035988e-02
-1.066692050445766926e-01
1.867994818257183720e-01
-1.679584359046125408e-01
1.449016512322223726e-01
-6.622455156187968539e-01
-5.285614368727598045e-02
2.282177282671519203e-01
-1.796684367784698311e-01
3.258091788869731942e-01
3.521659933640127749e-01
-3.007955830487476501e-01
-5.234022824944446484e-01
-1.618201257297766094e-01
7.799697720883163460e-03
3.579599132965274877e-01
2.197974881814818149e-01
4.252199539252971006e-01
-5.194706395298561707e-01
-1.492392467433440173e-01
2.864033756564164923e-01
-5.442149949285092492e-02
-3.282812579211764614e-01
-5.572682021729136181e-02
6.408577853178849537e-01
2.228391704924621575e-01
-1.759193874172700067e-01
-2.520375896485882450e-01
-1.526607209896302941e-01
3.550592226309576827e-01
1.410208212922533511e-01
-1.097549829214543027e-01
3.901376871341535324e-01
1.767772496659563430e-01
-3.538302373381918553e-01
1.744841682514755576e-01
-2.712746387011360505e-01
4.569489417648737728e-01
1.731491223125266599e-01
-1.931187830945148010e-01
-1.501035010619160004e-01
5.531924700709888176e-01
-9.487941675083819137e-02
-1.205138393350153186e-01
5.992724558088605158e-02
3.841342681468342124e-01
6.257304012278405714e-02
8.846438099293577051e-02
-7.908353325542485379e-01
4.186532177552999834e-03
-2.539616255578786008e-01
3.162377333395546275e-01
-4.417899391769994910e-01
-2.720178150129534123e-01
-5.078717980367167817e-01
9.419231340002731656e-02
-3.936866352337781705e-01
1.764426324697460635e-01
-6.498327627251485050e-02
2.004976759753746840e-01
-6.666730748860476563e-01
-2.344987584131661418e-01
-1.565358465693386381e-01
5.136632144515577147e-01
-3.505093781225628868e-01
3.365162538624433958e-02
8.009477713598062154e-02
-7.624129576739406833e-01
-1.188099387727357403e-01
-3.180925954050510818e-01
2.817251333682214282e-02
2.737978319693247786e-01
-4.757534610869561531e-01
-2.107615906745290979e-01
-3.626164884682576695e-01
1.090459334921680540e-01
-5.569202586457958626e-01
5.146824612768494678e-01
-2.016191363651980151e-01
2.362434417155547528e-01
2.968377174353109202e-02
-9.933526665651282173e-02
-5.502365555464133751e-01
-4.315985413294215478e-01
-3.968280427939958055e-01
-4.639049642839646603e-01
-5.415806790335129239e-01
-2.921537098294950674e-01
9.416940782204441529e-02
3.373043626961375052e-01
-1.443442243371068634e-01
-2.126369533564034797e-01
7.467921125504239921e-02
1.660397044639932151e-01
-3.774816570695034845e-01
-4.362165083400539878e-01
-1.616317679695329357e-01
-5.782238086883844108e-01
-5.202634539159801674e-01
3.920154888359837497e-01
5.850849256300605372e-01
-1.496550844631108212e-01
-1.001015352650780205e-01
4.619664648443853883e-02
1.969802309197100920e-01
4.328330683661423817e-01
5.327941229210717555e-01
6.070591478179673262e-01
4.098764314866237268e-01
5.540665548734921009e-01
6.489935698710254386e-02
-3.847296275221445683e-02
-3.986653113195500753e-01
-2.246238968949846870e-01
4.672058463296712150e-01
-3.588882246573567025e-01
-8.570646191378795964e-02
-1.666501640353316160e-01
-5.771954377006706105e-01
5.052560179230171089e-01
5.125063657829269648e-01
5.640346324451916971e-01
8.952329645972842420e-02
3.826434832724676660e-01
-3.037307629650098928e-02
-1.944629127977086092e-01
4.539662433124774799e-01
-3.502086393824462712e-02
9.893957487128612893e-02
-1.824898648267881673e-01
2.098212010656099746e-01
-1.292551909978613689e-01
3.944392631441432373e-01
3.113620287762138839e-01
3.218777150526920816e-01
7.512651338533080647e-01
4.284623424406344694e-01
-3.187270213475814074e-01
-3.941384457274892394e-01
-6.415157835652979257e-01
-2.483613796890836445e-02
3.062349236574588018e-01
-1.578448613158416336e-01
2.835788660654565696e-01
-2.510052293654795319e-01
-3.071340078694670059e-02
-5.003951339277099564e-01
4.050541468271453560e-01
-3.866065505066146324e-01
4.742686408929935871e-02
-4.319719419067796773e-01
1.473759088676488416e-01
1.878487036155760403e-01
6.536013934154696337e-01
3.656874064549052172e-01
-5.420702288097128951e-01
-7.338729409623621913e-02
1.812165409526633186e-01
