2.953467856787492796e-01
-1.841194502732642069e-01
2.821410760804660134e-01
-2.252777294866981639e-01
1.130089214675542297e-01
4.319462984050136400e-01
-1.876700498801978784e-02
1.496036714149926450e-01
3.101273087514158644e-01
4.194011340032189894e-01
1.217501230061465989e-01
1.157989195150820327e-01
5.680376689896555753e-01
6.795403941639430734e-01
5.234811912862753491e-01
-1.836320487534564283e-01
1.300891867629471732e-01
-2.540172979671396769e-01
-2.604092845601266304e-01
2.654648262230464018e-01
-2.428861149568726785e-01
-3.489840244162839000e-01
-3.964825887826656237e-02
6.331487577644545617e-02
6.367003497260536049e-01
8.599629044362011587e-03
-4.990276659951168314e-01
5.199695930783618802e-01
1.505192774318894061e-02
-7.814598611137774792e-03
7.405303048189426640e-01
2.159362286225492700e-01
-8.737475129414352948e-02
2.654232796761830243e-02
-6.147149876562797433e-01
-7.226473209616498528e-01
4.993555541418325805e-01
1.144863044602070223e-01
-1.863120513269834744e-01
2.905619003752185625e-01
7.680570979138576920e-03
3.279331741032303488e-02
-1.387794260133007676e-02
-3.869078391425773700e-01
-1.778461897362337840e-01
-5.266347239932660518e-01
1.014874663791125176e-01
5.019321383929152836e-01
3.331474569551722831e-01
5.782852187306724429e-02
3.186713579165152410e-01
-2.276474417054964450e-01
6.348273245358702077e-01
-2.786634824804112842e-01
3.062363147869042734e-01
-3.521946225996885893e-02
8.358249021051719629e-02
-5.570729375685844476e-01
-2.086620911065793782e-02
-6.515878831939925231e-02
2.790585132590944761e-01
1.246558272647596902e-02
6.839965012600989214e-01
-3.869606693589333624e-01
-1.380063172606015298e-01
-3.918106444971097835e-01
-5.100962736250356372e-02
3.491319473001111562e-01
-3.444797818465704375e-02
-3.644495488514427062e-01
-3.246729118577754702e-01
8.066428267216965153e-01
-1.872129656732872405e-01
1.463730160052484075e-01
-1.183781923951883752e-01
1.417970676434083532e-01
-4.548787865617066606e-01
5.740944229646636199e-01
-1.111025420491301707e-01
-2.762785139648693544e-01
-3.808943980328993728e-01
5.779252336223391628e-01
-4.910135487067488619e-02
-9.778764574444287483e-02
-2.278192034638344410e-01
2.791244516438059486e-01
1.590855848570569275e-01
-1.332568784896425163e-01
2.074950210617822477e-01
-4.332560727548936258e-02
-5.087867601102461501e-01
-3.334433130976416360e-01
-7.565118607765865255e-02
-2.319462150040721427e-01
-6.207458730941105562e-01
-3.587330915452549007e-01
2.346248885619379165e-01
8.739267078779894282e-03
4.290766696571073346e-01
-5.804244923695589531e-01
6.772496128826083206e-01
-2.130098538272796327e-01
-2.371470854474009571e-01
-3.658411359249396644e-01
6.467355078302050586e-02
-4.684824379252825466e-01
4.758846528474006687e-01
-3.837116097705506323e-02
-4.666631722871977805e-01
-2.259828841860092585e-02
-2.546478645020949783e-01
1.849339191120799031e-01
-7.134462905833031110e-01
1.853300219288263606e-01
2.385157069363144644e-01
-6.055204226444149684e-02
3.057858131003153290e-01
6.278979287080227456e-02
-2.143775132498190183e-01
-4.902458035703626260e-01
-2.588671326322883881e-01
-5.123919724984682400e-02
3.191910587468206328e-01
2.515848734193963931e-01
2.779986437056787829e-01
-4.340824863171421910e-01
1.175195667119510387e-02
3.922071385467760241e-01
-1.420183867760980156e-01
-1.635522796140629342e-01
4.932393114922997701e-02
4.986713466865087541e-01
2.033811442564490424e-01
-4.446699577473912646e-01
-3.587329587360582606e-01
-3.603537935594680608e-01
5.365084875832172306e-01
2.443182667709965505e-01
-1.598668294303941251e-01
2.496599129278392337e-01
1.633476351289276651e-01
-2.939305750108961446e-01
2.812450265019647011e-01
-5.887611962908558816e-01
4.792947753624238194e-01
3.719440348322808898e-01
-2.944545173758248979e-01
-1.958690929618510101e-01
5.568632153035983912e-01
-2.522199208647116775e-01
1.043821943472635419e-02
2.282203155574659414e-01
1.754834571592514825e-01
4.121085767634274366e-01
2.502001506665518793e-01
-7.797752911423310174e-01
2.728724294160674371e-02
-4.047569351030197993e-01
2.624135466894833013e-01
-1.903141330023171429e-01
-3.647181087979255998e-01
-5.802138640088685406e-01
9.332993775296605232e-02
-3.574890152447535163e-01
7.427444906108729428e-02
-4.878442045344486000e-02
2.515906753346057803e-02
-6.701117103603134728e-01
-6.637538124788144867e-02
-6.883844818626652651e-02
5.593800200133385303e-01
-3.638138237563384725e-01
-1.896499177281920911e-01
1.214266629193105906e-01
-8.823919879357267071e-01
-6.296454307374027559e-02
-3.884164407890469128e-01
2.302022589089711690e-01
2.515212138042725032e-01
-3.116785731539371551e-01
-3.782200031621511527e-01
-2.650333458425536692e-01
2.080880616508265224e-01
-6.030383823020603051e-01
1.921560143373136631e-01
-8.409846599052996086e-02
2.489401252143328414e-01
1.280692181320867984e-03
-1.318849307313453914e-02
-6.596917497427773336e-01
-2.711197556239509088e-01
-1.929557158385687421e-01
-5.737272711445683404e-01
-5.856737618860679007e-01
-1.290757476096759948e-01
2.354411405979499883e-01
4.821059839398927904e-01
9.025709135426787655e-02
-8.739336629580655991e-02
-9.578756501225248188e-02
4.818563766811251314e-01
-4.863649994474654736e-01
-2.347865490275840017e-01
7.171694333678566013e-02
-5.398292654087122333e-01
-4.718860509070107456e-01
5.064847816732369612e-01
5.403935897297781343e-01
-1.366851754801559071e-01
1.381095867314931225e-01
1.955435765736969478e-01
1.818861169275874379e-01
5.910721996562928737e-01
6.034323629643801867e-01
2.790010986929306602e-01
4.338843187038182725e-01
3.785508211070082174e-01
-1.231747934459645130e-02
-1.096159698336963972e-02
-5.190405880305845043e-01
-3.834672874363145856e-01
4.825427510781263862e-01
-7.833305657995476290e-02
-5.886649156198005273e-02
-6.746776547728208784e-02
-5.763503447463738105e-01
4.081146488058957078e-01
4.187472291521719958e-01
6.645414606253321477e-01
-1.327792033993440146e-01
3.973192607914456387e-01
-3.721063266831181604e-01
2.002082881872343026e-02
3.356054323975403153e-01
1.282737786538658276e-02
-5.104897882096576939e-03
-1.788894348514339372e-01
4.750984992610305380e-01
-2.589407036421693953e-03
4.638398348232776747e-01
2.327010344969499822e-01
3.806668262953759041e-01
4.323257706252797150e-01
2.501607633785052909e-01
-1.062878160246590042e-01
-3.052805770971572796e-01
-6.120778743116463971e-01
-4.790694517283248383e-02
2.024671486065049986e-01
-3.503065059816761195e-01
3.481649991195896465e-01
-2.996086294434476827e-01
1.145902132038109228e-01
-5.431295944145876353e-01
1.724991950063648749e-01
-5.212251132296987777e-01
-1.314727357708246058e-01
-2.272341255317262276e-01
2.167043148403540731e-01
-2.629756055159543360e-02
6.286384308340848825e-01
4.043621933964416382e-01
-5.809722022528791552e-01
-4.540376935368451577e-02
2.072449898276676472e-01
