3.262707313921781038e-01
-3.495792936518363203e-01
5.458038748388235328e-01
-1.865916072098918188e-01
7.171738365552671191e-02
1.681730193318894673e-01
9.777325013062582171e-03
2.973114514151756205e-01
-2.072534464332917437e-02
4.333025533849685917e-01
-1.987826223446614859e-02
9.366458149036888114e-03
8.234529535334031980e-01
6.653725590667503020e-01
7.076826639937416896e-01
-3.473228801200885507e-01
9.851764615774609435e-02
-1.610145185689272895e-01
-2.923792327175986916e-01
1.641731801943789315e-01
-1.800117818414634363e-02
-2.433641733314980959e-01
2.031639468183150388e-01
6.800679455308861199e-02
6.317613560631676339e-01
1.275302892581837155e-01
-5.223681624204814522e-01
5.750646175302298602e-01
-5.077088055458078841e-02
9.307232458531253250e-02
5.354543603228952842e-01
2.068177702471569734e-01
8.093662636146192746e-02
-1.613268250890099176e-01
-5.864801008261951720e-01
-9.139003280272308682e-01
3.768470219948718003e-01
2.019132902171675292e-01
-1.518866639432422672e-01
3.266097074477783968e-01
2.980316921632222837e-02
3.011041632203860507e-02
-3.638265765710674282e-02
-3.817316931108902800e-01
-1.319208058943809880e-01
-6.843818064330126072e-01
4.050682591741553984e-01
5.090825637761136058e-01
5.012608607226094470e-01
2.240297835965561479e-01
2.045613941483263309e-01
-8.951268789543737059e-02
5.912547092207247612e-01
-3.612879898465181094e-01
4.223629939548038670e-01
-2.821830702098011845e-02
7.706396979946673886e-02
-5.822049177446170232e-01
2.169557118446502342e-02
6.122845039192253980e-02
4.275850092111697642e-01
1.529643387344044314e-01
7.721321277206649736e-01
-3.326037054545321059e-01
-5.572794402610437015e-03
-4.327559063307836462e-01
-1.923838495899204692e-01
4.416016481142674976e-01
1.549437986563959035e-02
-4.934376337437235138e-01
-4.826702491509523574e-01
6.135035711854355256e-01
-2.838306467777210185e-01
6.465027086344617147e-02
-2.990738425216992735e-01
1.146682099435073349e-01
-5.852765281600741387e-01
5.976705882417461257e-01
-1.097102563125800512e-01
-1.332914100148506753e-01
-5.446833340821520819e-01
6.871743405084235201e-01
4.395196950440666273e-02
-2.254195968012830398e-01
-2.816594840041132253e-01
3.599351885684795027e-01
2.899701885865160200e-01
1.505239033164437745e-02
1.653116393872778311e-01
4.054590430845900206e-02
-5.571272411489358589e-01
-3.268714272776577223e-01
-5.994658473078434691e-02
-2.293695660850973983e-01
-5.824757733468576282e-01
-4.958889227672266808e-01
4.795211111317136399e-01
-1.471862850954065438e-01
4.257830906014377081e-01
-6.650298592269162645e-01
6.234834010097841661e-01
-2.275143263260099302e-01
-1.240675660533023250e-01
-4.535458881379660911e-01
1.135647984160169377e-01
-4.369962920565260145e-01
5.323744474773642876e-01
8.333368603379806561e-02
-9.813678257791411119e-02
1.813602703760910095e-01
-1.485725016275171173e-01
2.766510092282165045e-01
-8.146351939146030396e-01
1.226132832692820585e-01
2.862135279424494749e-01
-6.554276088993216121e-02
3.690014767691530695e-01
2.618780038823842471e-01
-2.749446061434751565e-01
-5.028661227897022190e-01
-2.308746085099168399e-01
-1.832811157850527256e-02
4.755590779635056053e-01
2.263435818926489151e-01
4.736356841645158466e-01
-7.746877633404185559e-01
4.130584849958499061e-02
3.592286768347264792e-01
-1.155732895112580177e-01
-2.240790787848465082e-01
-2.181403010789205454e-02
5.586581361033483573e-01
1.970888378751525227e-01
-3.419834640205056120e-01
-4.334237250276689046e-01
-1.444985175037625802e-01
4.692203445080002644e-01
1.405438093358868379e-01
-1.639713820474912043e-01
1.110860491135742117e-01
2.442418736914525046e-01
-3.394739232883858815e-01
2.358491700797354929e-01
-5.772437600768767219e-01
4.582347776729084332e-01
3.844811836054510268e-01
-3.100391242454091367e-01
-1.267294350660382873e-01
5.710513519820529238e-01
-8.596792130138243559e-02
-5.239390777194806448e-02
5.374856831413862834e-02
-7.467037422980138395e-02
1.269775740074804704e-01
1.429559794953294549e-03
-5.226456712178073616e-01
-7.107005030770455201e-03
-5.806121863020827778e-01
3.374904643202760735e-01
-2.967601785148296090e-01
-3.505435179574109550e-01
-5.797521412138816332e-01
2.199904517363938383e-01
-5.333322515542689990e-01
1.188741883135515098e-01
-1.801012894801532482e-01
-1.517227402648169132e-02
-7.412449880524175638e-01
-1.196396261892975765e-01
-3.240005874539999553e-01
6.069030374517758730e-01
-4.676786920477938869e-01
-2.852610070266185793e-02
2.826479086047443134e-01
-8.964382414695779566e-01
-3.959335342220851595e-02
-4.816803096823128461e-01
1.013846871775753444e-01
3.739581745870494967e-01
-2.301334331768377095e-01
-3.759105562762558028e-01
-3.561873865712447684e-01
1.458498299285085342e-01
-6.019085495796736573e-01
3.322907546729107486e-01
-2.000381572550368747e-01
-6.361968576369780859e-02
-3.590286271315900474e-02
-2.341243968906745188e-01
-6.337068223108417442e-01
-3.235340515196488687e-01
-2.504244999716050968e-01
-5.714803647711841350e-01
-5.351709226983036860e-01
-1.610939242720080544e-01
3.696343532753507133e-02
4.913215618377539951e-01
4.609459005083171856e-02
-3.452525525464871237e-01
1.425750047363229245e-01
2.133320517828281027e-01
-3.808745227277967049e-01
-1.576480460708677422e-01
-8.356065024063261126e-02
-5.427661537435127803e-01
-6.577981891806483628e-01
4.935044708313514050e-01
6.951147520695655224e-01
5.850629228865866782e-03
-2.606578944246852603e-02
3.635336979958991854e-02
1.962594032432242730e-01
7.946522405721825333e-01
5.802286121091443372e-01
3.916097566309882372e-01
5.536456033325174442e-01
6.235601124169347642e-01
1.028294289734647260e-01
-5.691790813872309174e-02
-5.670053348292332096e-01
-2.978475790161840275e-01
4.365976668359252688e-01
-4.946933937850591101e-01
-1.169112322156992678e-02
3.645049018494914694e-01
-5.568660442286355039e-01
3.791292442582526179e-01
5.884796903353592956e-01
7.174399399180751979e-01
-5.535137891990549175e-02
4.058650869440894038e-01
-4.605452386650142615e-02
-1.833392131341785025e-01
4.329189313324166011e-01
-3.379518001480649736e-02
1.853094916512082746e-01
-2.134487245858046611e-01
3.888895895435072747e-01
-7.615003141989001856e-02
5.185355638524662414e-01
3.755813510839556280e-01
3.941947178857319045e-01
4.732206172463098159e-01
3.076011654876693591e-01
-1.862626025109788142e-01
-3.114473930442432925e-01
-7.320345417760083517e-01
-2.768325782008565494e-02
4.693871676494421052e-01
-6.253949417378779074e-01
2.137259148009644782e-01
-2.733927820120677366e-01
2.975310460429772541e-02
-5.402019853909119096e-01
3.958696010260058795e-01
-4.706832047890902038e-01
-7.795262755558879375e-02
-4.279685175842153910e-01
2.304044324796547527e-01
1.158391312149854857e-01
6.100353831766964774e-01
4.966542569359378989e-01
-5.299354635963051674e-01
-1.177705889138865036e-02
3.103862132153729636e-01
