3.943867830265067598e-01
-1.331612675638471632e-01
3.403217689090495823e-01
-2.874531843706073508e-01
-9.518246214759451540e-02
2.013231368654745945e-01
-3.381411911605725074e-02
3.366784983874983039e-01
1.905103844797274570e-01
4.748002478452799657e-01
2.325911395734280296e-01
-1.989797167421786250e-02
9.028160836414080848e-01
7.546229242263724490e-01
6.473922576984524335e-01
-1.264999865217296682e-01
-6.845020738794971304e-02
-1.568507084771839644e-01
-1.896268207894432622e-01
2.172365689411471235e-01
-2.725334191945075757e-01
-5.125446601024957749e-01
8.030075991175777972e-02
3.014528503037405827e-01
6.690618581486573735e-01
1.400101203634357416e-01
-5.457827171853073533e-01
6.291992117279611163e-01
2.222798642252797885e-01
-8.366413952766249551e-02
6.174784579883719760e-01
1.614772242978390615e-01
-2.088768322849061665e-01
3.082615649409647940e-02
-6.762832626316157558e-01
-8.711205045686155612e-01
1.393326159833291333e-01
1.329810443789907204e-01
-2.555143717796234948e-01
3.614876842238011756e-01
-1.456274354288153994e-01
6.322795742080544734e-02
-1.124145833566175812e-01
-4.624160886199893961e-01
-1.956467833944794954e-01
-5.461004714153780970e-01
1.246292286534049776e-01
4.496578225403415896e-01
3.254196763041059537e-01
3.484435744315694805e-02
4.568978595459532999e-01
-2.307920531507495765e-01
6.404604970001819275e-01
-3.655895134731493856e-01
3.084487413506166176e-01
-1.705789883263346685e-01
1.871268345813745793e-01
-6.538317446898000984e-01
-1.408752511359162574e-01
-2.015163337642075225e-01
3.067566317501464468e-01
1.342038674472980642e-01
8.975242282030928553e-01
-5.245260627713260737e-01
2.852955868524289507e-01
-5.458895063922412083e-01
-2.952475109280117138e-02
3.191046270871100154e-01
2.205992831015962663e-01
-3.332231713378848159e-01
-3.371999000550857106e-01
8.266078142057241562e-01
-2.591414197111496787e-02
2.025520404779433958e-01
-1.526822247239445485e-02
2.712042412857493812e-01
-5.562861302996486845e-01
6.823766001145085136e-01
-1.774829455154900426e-01
-3.782168098972621406e-01
-3.184057207517906329e-01
5.890861838637939663e-01
-1.061850007345288560e-01
1.515015360208260553e-03
-2.355003561478178353e-01
3.232824113710615066e-01
1.792571665885986376e-01
-2.026576945952085484e-01
7.446463134483383151e-03
-3.227592261354106373e-02
-5.382874906751869970e-01
-5.173308727414467345e-01
-1.075125379008476934e-01
-2.639643503469466523e-01
-7.171159893374188243e-01
-2.968127654094013801e-01
3.821491243310072283e-01
-1.022506577531686611e-01
5.198722213750530674e-01
-7.267682992622412907e-01
9.164796506657838515e-01
-4.298943488450973627e-01
-4.594158112236879088e-02
-3.914470741200736237e-01
2.458915891767669004e-01
-6.144766739978224646e-01
6.104741654676557605e-01
-7.576057751766396287e-02
-1.263377830746380548e-01
5.672390559985573955e-02
-9.633403167311904713e-02
1.386520690825657209e-01
-8.523719011183901184e-01
4.092658509887895368e-01
2.830395601291386676e-01
-1.036495224218680899e-02
5.636878120867673259e-01
4.158852323566610831e-01
-1.828950506344340088e-01
-1.994406976846003765e-01
-3.488814711937266999e-01
-1.599845914779178813e-01
3.901147120659449463e-01
2.551064207527702354e-01
5.839651818160948027e-01
-7.057852086227484056e-01
1.959067132498177877e-01
4.739245135730678626e-01
-2.098558232975661353e-01
6.489450959366249716e-02
-1.910383094900524048e-01
7.452977788522094915e-01
2.854938847627929155e-01
-7.724229405633542545e-02
-6.062253769501928513e-01
-2.850617100346283239e-01
5.895855659765292245e-01
3.290065959275658702e-01
-3.151117748894315396e-01
4.050405287438360036e-01
3.311067895943307082e-01
-1.831692939041474899e-01
4.676092883807596579e-01
-7.377270579088237579e-01
5.698278663465113913e-01
3.872096729191579767e-01
-4.188455814332859850e-01
-1.096764557418483665e-01
6.777100004855456383e-01
-2.544703421554964651e-01
1.224891673133822190e-01
-5.228040725291127622e-02
-3.647549461548404981e-02
2.103609402265016470e-01
1.714835342830284270e-01
-8.517940279395975756e-01
2.075526106099001566e-02
-7.070383491522972408e-01
2.677378534194527759e-01
-2.084641606249154622e-02
-4.602206408108612257e-01
-6.426385775176598480e-01
1.811654210410239552e-01
-5.918090011734440381e-01
-2.108904379506493232e-02
2.891259187269068498e-02
-1.504974046502077778e-01
-7.666094533289792290e-01
4.561570950191473628e-02
-1.711774229549978266e-02
6.978612064035591978e-01
-4.378765420794833441e-01
-2.054987881194849653e-01
2.257017757841451866e-01
-9.499410380199635462e-01
-2.412826743800697837e-01
-4.369467709229780672e-01
2.828181050116528317e-01
2.325793423100295243e-01
-1.582225997846161691e-01
-5.053667255693198301e-01
-1.956294694794521449e-01
3.379494926580791647e-01
-7.425924619379010716e-01
1.716386601524378941e-01
6.605758219142243703e-02
1.023818227440715933e-01
-4.372477925459361536e-02
-2.242131351550724627e-02
-6.063736030794429910e-01
1.363834861274515475e-02
6.992780529381631416e-02
-5.695168057725651378e-01
-6.827408250498487874e-01
-1.435146734323062834e-01
4.112943026633483212e-01
7.408576661452703771e-01
2.174623968936829632e-01
1.204033149217551557e-01
-1.715134886012380511e-01
2.627709338656645244e-01
-6.210874219509413541e-01
1.824325584001286749e-01
9.433721277731110799e-02
-6.299421556858573190e-01
-4.404021524489293293e-01
6.875245878101290398e-01
7.587341861627715511e-01
-1.123510466874265701e-01
1.249134273894345615e-01
1.728568918286998990e-01
1.004409069398145560e-01
7.249816516523279741e-01
7.118616377440885046e-01
9.369139942132853616e-02
4.668096457267366661e-01
6.897371281213705574e-01
-1.221360742049342196e-01
-1.711571611169517837e-01
-6.790771119513577814e-01
-5.304627872682474710e-01
4.631255398670640622e-01
-4.500181611499204370e-01
-4.655053545804599402e-02
1.155429643006179452e-01
-6.220642640343186924e-01
2.616078586910702830e-01
3.199002527743708413e-01
8.735443710950794305e-01
-2.415471625324513427e-01
4.054979368701134845e-01
-2.595874442197055876e-01
1.769102575224301699e-02
1.733139955460563097e-01
8.708687708434659225e-02
-3.100448057418225822e-02
-2.737557432699663229e-01
5.749780631413351495e-01
2.033016984710609432e-01
6.234708129018597944e-01
1.496472294123148972e-01
3.988629552979596760e-01
3.807388553207589066e-01
6.379600639157989583e-03
-2.402060110964724382e-01
-2.094534690312862546e-01
-6.602708561025210088e-01
-1.557992226616699005e-01
9.928631826073552880e-02
-4.143479105145727592e-01
2.501153157640523261e-01
-3.450406768070072294e-01
2.531152535797145386e-01
-6.494274231895220684e-01
1.657760720824075218e-01
-4.114019607287333624e-01
-4.208963877670369724e-01
-4.443513656650055488e-02
2.991828096707224161e-01
-1.381378387263482166e-01
6.313311317190357652e-01
5.916952126388842492e-01
-5.275914896223463657e-01
6.801360467117056885e-02
2.867200209539971789e-01
