-5.209621875537777669e-01
1.820797688294318872e-01
4.081996091122944148e-01
-4.963971847918144942e-01
3.977760452491920229e-01
1.380955855556356138e-01
9.769193733791586842e-01
-1.176540831332722803e+00
-7.018476960370707562e-01
4.077479848571541332e-04
-3.660451891420912762e-01
-1.515397076771483609e-01
9.731199416746831865e-01
7.573303057973640451e-02
-1.277332572767740038e+00
-8.790253665173475284e-02
-8.637999977108984373e-01
-6.251082553237954365e-01
1.113326654940200999e-01
-4.097721992223654075e-01
-5.803231695306224625e-01
9.506797186152343704e-01
6.302781654563649472e-01
6.188311089205500437e-01
-2.777145440122477105e-01
-8.960557676893980972e-01
2.217875468076640488e-01
5.644301185324465120e-01
1.085757397388666945e-01
6.700571829580516114e-01
-6.780501838430113004e-01
-2.113680404750462039e-01
-4.624777438126244089e-01
1.096322604201484863e+00
-5.493949885567521729e-01
-6.867432855516386603e-02
6.570208548622513689e-02
-5.299067294282397977e-01
-1.324372196142256097e-01
2.415712371816144399e-01
-9.360898784496178848e-01
-1.529850875176418934e-01
2.746208337546036660e-01
-9.916693890351402363e-01
2.318419566922757524e-01
1.131002022665339224e+00
-2.324094027308081234e-01
-1.268216821714098774e+00
-3.935419305936784795e-01
1.356524857030378728e+00
-6.836387530920003952e-01
-5.024814932468639750e-01
6.283433847057406929e-01
3.145241720143299169e-02
-1.124061026968955934e+00
7.538490009596040542e-01
-8.782644733277840121e-01
1.165187218603257246e+00
1.769531851564862812e+00
7.374100255021209804e-01
7.911130798966430344e-01
-7.590907228631135206e-01
-1.333084712659617033e+00
8.986230652896654014e-01
9.822799521783789345e-01
1.608322376022650602e-01
-4.916375582235232855e-02
3.941724145746818286e-01
1.270717782778991722e-01
-4.873688263701627110e-01
-3.414430711911484728e-01
6.830922969399977340e-02
-4.858445454840860656e-01
5.351793660472690117e-01
-4.188140265398927475e-01
-4.276731933578198364e-01
-3.208514884535212941e-01
-2.425610308467853748e-01
9.185604541022669434e-01
-7.568115615967090370e-01
-1.310342200197275098e+00
8.008298376998729262e-01
-2.091652951986957554e-01
-1.619469680219594032e-01
2.272222823103478562e-01
3.903851946940579132e-01
-1.478672236218292468e-02
3.309317773609556368e-01
2.688983537507199095e-01
-1.107626275457080922e+00
8.562984044796833061e-01
5.309093657574847080e-01
4.895735441399260424e-01
5.303998254856223671e-03
-1.888597280621291397e-01
-3.265006379854876739e-01
6.829337683914060708e-01
7.855637972804307978e-03
5.277515862203824293e-02
-1.034062339204457448e+00
-6.811773404247634112e-02
1.106054900720463197e+00
1.965552754670096824e-02
2.406333035025413625e-01
-4.472342305901928494e-01
-5.572199830602797554e-01
-5.525817763780251912e-01
6.644275448130332329e-02
-4.830250443360998291e-01
-1.727316902980039481e-01
2.799673666443178721e-01
9.347211267793146261e-01
-1.253932144471772148e+00
-7.947904651225905504e-01
7.068660138738005472e-01
-7.415044693067601722e-01
2.663307995236796621e-02
2.847911481381268928e-01
-6.240466152048023130e-01
-3.505123215431310557e-01
-2.137349389843357095e-01
8.889474529985050832e-01
1.102359659978503270e+00
-5.310159828982322638e-01
1.126945529771907761e-01
-2.344194234259899812e-01
8.307012064524017525e-01
2.656269293626037920e-01
3.610445828131252366e-01
8.394063171159285019e-01
3.354928528985758884e-01
7.059954936589738494e-01
2.041021829473430027e-01
1.580285575989457403e-01
1.002158234252245261e+00
3.563502289300694015e-01
6.539113757041177255e-01
4.869611324360206828e-02
6.031618513032360740e-01
9.388177576600147400e-01
-3.614455032177220639e-01
-3.987097815605957773e-01
-1.200967108718470344e+00
-4.124666189530248328e-01
1.028561265245615530e-01
-2.306401125230856941e-01
1.080666130705965511e+00
-4.324438967571362369e-01
-7.651380620596363036e-01
7.202296062054187598e-01
9.619769944735110379e-01
-1.464247964574837635e+00
-2.927602046668286162e-01
7.970337077706315387e-01
1.697380453143268353e+00
2.427893390088811110e-01
7.510489432729223758e-01
-5.355864478519443139e-01
9.506757809007870819e-02
9.155814904607295635e-02
7.880706221016480217e-01
-3.982031010590455500e-01
4.441835672276406299e-02
9.053663209902514941e-01
1.917106838867609353e-01
1.931121991751028055e-01
5.766229752826469435e-01
-6.831136246075764085e-01
4.784805282315409691e-01
-4.240345796958298052e-01
9.879874707541673740e-01
5.934378072891801637e-01
7.278584831054020210e-01
3.322381779948944125e-01
3.343551989973087002e-01
-8.477959708177082998e-01
8.042066706859571923e-01
-3.201730295084934674e-01
3.492679886117781574e-01
-2.622624793891005779e-01
3.313845643067726554e-01
1.233640802511461576e+00
5.837499107024348710e-01
-7.076539841948077392e-01
-2.115830105833842456e-01
-7.676667811386095330e-02
9.105296171234416036e-01
-3.243738318103291940e-01
9.372062666645613049e-01
-3.914229773542413637e-01
-3.679365708025545967e-01
5.386065200251082263e-01
-1.336773143300369338e-01
2.861446270527759905e-01
4.092017840163180153e-01
-4.676165329841120433e-01
-2.260514690670256677e-02
-9.950615964286617654e-01
-4.857472641939961644e-01
7.951811841180460583e-01
-1.116405172355263931e+00
1.215914130548693128e-01
6.760245834177927016e-01
-3.769264469048931865e-01
4.332330902675719519e-01
7.361868513932925406e-01
3.381226320595195345e-01
6.872913191187318693e-01
-3.577123651385121228e-01
4.836834721093838385e-01
-6.951840894960392703e-02
-9.819449256799994696e-01
1.007626769286495749e+00
7.143422570917015157e-01
-5.899481628082093865e-01
7.315406955167419456e-02
-7.197421739960840892e-01
5.136001836176238289e-01
1.548666792328499131e-01
-5.267518826711065083e-01
-8.406928941001496902e-01
-7.734678555162346481e-01
-8.832984732089643742e-02
1.677964029849490224e-01
3.289379943436050446e-01
6.225454802358398876e-02
4.001159233746242050e-01
1.405524280610520593e+00
1.029560106114399076e+00
-9.272610008531285697e-01
5.384037177220273307e-01
-7.918041083995140950e-01
2.100062666364923558e-01
2.192160028822379703e-01
2.331250703013271197e-01
-8.579557316547549162e-01
4.647068249169925558e-01
2.009869954947474113e-02
-4.704293757981767299e-01
1.044913486420123938e+00
-6.263286186753331819e-01
7.588484273129969537e-02
-2.103602684081418150e-01
2.896066452126682123e-01
1.301472551440787662e-01
2.571460986178639718e-01
-1.186504056334992452e+00
9.758890946405303080e-01
7.570646753083865033e-01
-1.679383435776897748e-01
1.668772825104533064e-01
2.094838811550357449e-01
-1.204083618073643613e-01
5.074626385515903504e-01
-5.257680123080794576e-01
-4.801352130648762206e-01
-1.424317318649490627e+00
-2.154290878946665266e-01
2.550254917825705014e-01
-7.443694509040762464e-01
-6.806190160971230529e-01
8.156998887725421810e-01
-7.872540153686287123e-01
2.886862445027880142e-01
6.045230271461313754e-01
