3.783460115716457128e-01
1.887988192535657028e-01
1.713261899877602801e+00
3.838757031396770047e-01
8.757470640809287277e-01
3.088726561287753469e-01
2.733643923762270056e-01
-3.768402536649118062e-02
-5.715390076108503581e-02
-6.921225494187800420e-01
-1.456899103537108719e-01
-7.308760733043645486e-01
-1.724980393056419481e-01
-5.937316758444772802e-01
9.312764834373775669e-01
-5.697600157289810507e-01
2.999840132151091465e-01
-3.801867179728464219e-01
6.353830497303367686e-01
1.248326854661316876e+00
-1.313101620360850319e-01
-7.846002487915642032e-01
1.294063187745357002e+00
-8.769322800273047225e-01
9.831789261611606490e-02
5.150389040003253704e-01
8.400997950227342415e-01
-7.348918517825726582e-01
-5.835227615701671366e-01
1.927643818098894457e-01
2.650946252750033261e-01
-1.093492385989118937e-01
6.747490393295911826e-01
-3.846182526334001595e-01
1.055072646858733920e+00
-6.264818154802593853e-01
1.136287663046003371e-01
4.293509551030064153e-01
-6.367102438612181059e-01
1.136901495386850591e-01
-1.178957291543530239e+00
-5.550133805632462280e-03
1.215743688960817526e-01
-6.219545956133267772e-01
4.190249443589433853e-01
-1.137114251895528838e+00
6.509701896931154863e-01
-4.477044929640684456e-01
1.971999982716095834e-01
9.058364809897112568e-01
-1.403930647743465210e+00
9.607152491898990343e-02
-9.600008431264988040e-01
-7.770515115274330142e-01
1.469398375879671370e-03
9.893213594875903683e-01
-3.402748779592180695e-01
1.093151744374395662e+00
-2.899169780259114315e-01
-3.280848677384181067e-01
-3.985782904819570871e-01
-1.449885936077662363e+00
-5.734736312323570617e-01
-4.373910576404701489e-01
4.672210012006427493e-01
5.840609785635806350e-01
3.460335800119099248e-01
2.938896870986753562e-01
-2.836879758944390595e-01
-1.380115955041575804e+00
1.365879779097177726e+00
6.746938132890584194e-01
7.117431249536574356e-01
-1.263696268684764368e+00
-5.862183910008877952e-01
-1.182979473560884953e+00
-7.193046268257976550e-01
9.131811737055799405e-01
5.772871679908315734e-01
-3.913772728886583674e-01
7.724212279493853917e-01
9.414204354280328313e-02
3.608669931381485174e-01
1.024604161165354466e-02
-5.054357832380529381e-01
-1.618800221942740536e-01
-1.791533015198733536e-01
-1.026506355106324708e+00
5.066299751715352961e-01
4.543546260502482892e-01
1.354244812493769490e-01
7.844366133664375518e-01
1.156914401037586249e+00
8.797816515382821390e-01
-2.061918611611099905e+00
2.701822491610786359e-02
-1.137398157243726393e+00
2.237464140323830453e-03
-1.065291663206887063e-01
-1.077603959129714184e+00
2.261689484129700278e-02
-6.248847679844408143e-01
-9.120111182911346814e-01
5.435998877195705736e-01
-8.965012807052772370e-01
-4.859530258554438098e-01
-1.014692859562191352e+00
-3.385134850521281380e-01
-8.312386356417675870e-01
1.068655180288650142e-01
3.580165657916654087e-01
-3.035527378902975748e-01
-5.012157207447898166e-01
3.802882063198741447e-01
-3.634348403443987130e-01
7.211867637011947219e-01
-9.852318048568711184e-01
-1.086154175884124218e+00
-7.223230565024750804e-01
-8.882883546814498987e-02
-1.370982443139388218e+00
3.313319229976714464e-01
-4.435439147552094896e-01
-4.671272759974383071e-01
-1.563197130944066426e+00
-4.854665283916724805e-01
4.663569351730243451e-01
5.405556141287320981e-02
8.259453761820023665e-01
-1.826742242542411243e-01
-4.840381578330849033e-02
-4.635577894554140377e-01
-3.164785153938239337e-01
-5.368102217796706377e-01
1.379925013030351533e+00
-1.282617304209676012e+00
-3.592106778147631241e-01
6.184828138500861883e-01
-1.342763904400538388e+00
7.428904259903189589e-01
-1.875903596601870893e+00
-4.322205348425956495e-01
1.372877031688126470e+00
-9.706523669830811052e-01
-2.463503908187645308e-01
5.685791584391917119e-01
-9.876149348166433084e-01
-2.938445671195794029e-01
-1.358561369570728594e+00
-1.002765993125420696e+00
-7.760590785189001861e-02
-7.768354767357836810e-01
3.426264917785090680e-01
-1.156997101282665641e+00
-6.244055715349567937e-01
5.755974884661030355e-01
-6.674921936224786911e-01
-8.197089178482321881e-01
-9.186330457825191420e-01
-6.086855225024649929e-01
3.570915816454774960e-01
6.827683916891570393e-01
-8.261575845021230657e-01
-8.932505865040083481e-01
6.172457669186198759e-02
4.905464358561294480e-01
-2.597634447264410285e-01
1.170943266886721901e+00
8.145675987372749671e-02
-2.310594967625543839e-01
-1.067817132859202323e-01
-8.054130080611554554e-01
-1.660568668362415679e+00
7.249725364177036502e-01
-1.430862552742403204e-01
-2.446548646082322143e-01
-6.420815262536669898e-01
-2.654333050547562634e-01
-6.542146854737268535e-02
-7.570620371044013419e-01
-9.259424059321318401e-01
3.067226602523664414e-01
5.764153837754002474e-01
-2.493337115869050657e-01
-8.012163118390474015e-01
-1.297916799240378616e+00
-9.643409543356962210e-01
-9.555295199837079423e-01
-5.633890748619003741e-01
-7.566608754444208440e-01
-1.099539380240280195e+00
7.230448468931212069e-01
2.525678186604694564e-01
-9.106968250152243094e-01
1.489903001961074613e+00
5.205244525718644155e-01
1.372024395288029275e-01
1.288160274790068893e+00
1.323660898013997222e+00
-1.485402430617143166e-01
-1.794752181403533875e+00
-1.963361997976195428e-01
2.200446742223228502e-01
-4.686806481673967961e-01
4.834663298290851063e-01
-1.663562967388545699e+00
6.182283739161678615e-02
3.117329277751395011e-01
-7.841041287556419492e-01
-6.315843348485532527e-01
-1.718965707381017394e+00
5.730239647952894977e-01
1.263322497731398819e+00
2.625700112574666512e-01
1.112360931351666471e+00
-2.785932254684259646e-01
-9.144796814756788184e-01
-6.641161294944208926e-01
-1.321780233643402580e+00
4.790700998569133451e-02
-6.246303386565359439e-01
-2.214240094450295793e+00
-4.156762597900283129e-01
7.351794256941404093e-01
5.466157404485522120e-02
-2.247453314868758101e-01
1.895187125825271712e-01
-2.811075768443166423e-03
4.222138188772207590e-01
1.758344364655079484e-01
-7.331915425268962228e-01
1.881304560029348760e-01
1.906070951014451342e-01
-9.312781294516649933e-01
-4.750351873913449263e-01
-7.822910579794957187e-01
-4.187934502031999684e-01
2.045074597408543804e-01
1.241674499827146727e-01
-1.362469636557726294e-01
-6.491244291978522929e-01
-1.164123676783566097e-01
7.968874792040607780e-01
-8.578554175580573871e-01
-7.196860214560238944e-01
-5.299144638083577163e-01
-1.628364474953152008e-02
-6.547915671455397657e-01
1.370788217747300086e+00
1.344825729561274441e+00
-3.173703522706588509e-01
-7.201248821831287561e-01
8.731042212997190965e-01
8.530851874822246161e-01
8.102873311433773651e-01
1.257423031201908570e+00
-4.636440097184058029e-01
-1.654789642629682644e-01
1.732099936305367405e-01
-9.331676835334967723e-01
-1.175888479202930603e-01
-2.260117339827753813e-01
7.951142693925752347e-01
-4.250937150124985964e-01
-7.584813342263800884e-01
