-3.658258940322249853e-01
-1.788196614098624959e+00
-5.555523285972707725e-01
1.235960884059439935e-01
9.543709253261082326e-01
-2.103959116492859938e+00
-5.740843044261523254e-01
1.201256727507304056e+00
-1.546331360293894397e+00
7.011665242723733593e-01
4.235649153627685237e-02
4.787547899897984793e-01
-5.529329210854020404e-01
-2.229153192519199855e-01
2.126183740791535159e-01
-2.921481262242297539e-01
3.803346688576042522e-01
-2.070279653759915295e+00
-6.072331653716562805e-01
-1.918777250143960944e-01
-1.401067519259215688e+00
1.324138542715086464e-02
-3.418363766142382687e-01
8.961683194889151771e-01
2.291375963262455073e+00
-1.049472926871326983e+00
-1.287029531549430228e+00
1.162896751799050055e+00
-6.561718916566924298e-01
4.466635056785021041e-01
-1.172486961501687741e+00
1.286765327268274417e-02
-3.517618109699128803e-01
7.020087279629008137e-01
-4.417954510740398910e-01
2.375236832593149439e-01
-2.374696596762959633e+00
-1.747494988817165584e+00
-9.527506021539228209e-02
5.602410824769897824e-01
-1.278746793290787886e+00
-1.255396678738592176e+00
-2.450388325995690730e-01
2.794664596841963111e-01
-1.923659241705988565e+00
-8.645143054293923379e-01
6.358361015032195640e-01
-1.344432167433501135e+00
-8.514268033448814110e-01
-8.064187412942587230e-01
-2.189375082209026324e+00
-8.048266915823933942e-01
1.369845366045672863e+00
-1.370100843089927967e+00
3.610768594497695272e-01
6.871608675037217395e-01
4.710819790964423937e-01
3.207349422013591189e-01
1.298682635965495047e+00
-2.539715569989511312e-01
2.159050178781727780e+00
-1.102641042233136748e+00
2.736015750553686843e+00
6.008204861843826627e-01
1.989819193940204123e+00
2.953371417967544099e-01
1.500247158399860226e+00
-7.278222252549544358e-01
3.975776449994352091e-01
-2.825371902126137424e+00
2.094238036331246722e+00
-1.073684053998974486e-02
2.949054223702040067e-01
-1.903131763825425260e+00
1.086634225768918105e+00
8.689280606412359553e-01
6.369918297846298705e-01
2.008613332333753831e+00
1.253334534188441651e-01
-1.388562809467799086e+00
-6.323316096230326977e-01
7.711251374786576296e-02
1.062108499385894023e+00
8.417136006937633308e-01
5.112468376776221346e-01
-1.746061569601336849e+00
7.006569759653481499e-01
1.011968721137351146e+00
-1.099406901575902484e+00
-2.411716870338855845e-01
-1.130249800920375858e+00
-2.599015420045708291e-01
6.552819115010235507e-01
2.680395680160641003e-01
-9.959986327914626125e-01
2.493766185666174806e+00
-9.360537407378844987e-01
1.565417319714862976e-01
9.552037959757087027e-01
2.123790323204574282e+00
-2.840382968083876136e+00
-1.466456867286049515e-01
-1.469940667347073293e-01
-1.610740672165680953e+00
1.816972577292402136e+00
3.221810036502027463e-01
1.049906563487360556e+00
7.811251480416089299e-01
4.365501323136579681e-01
6.572852780531814876e-01
-6.326064715887915746e-01
-8.842091565064762460e-01
7.234568369954094136e-01
-1.841022748670155140e+00
3.286024974240537855e-01
-2.977727291806818721e-01
-1.415822668824239461e+00
-5.848555084955791017e-01
8.915236100391796814e-01
-3.166589486634832640e-01
1.881240699232621827e+00
-8.063762400409549835e-01
5.362746326166069055e-01
-2.936601849647413331e-02
-1.657701863288014943e+00
-1.676689547595882956e+00
-2.487666625020665823e-01
-4.594324876790802925e-01
-2.118972663426884839e+00
1.061739674091639607e-01
5.744141362486679947e-01
8.321697631956201935e-01
-1.340923029029229552e+00
2.139881739295919072e+00
-3.479077293960264772e+00
3.813199630284003216e-02
-3.008468437316923483e-01
2.126078811049111339e-01
8.938016333560788729e-02
7.833002102425481450e-01
9.344427411756771606e-01
2.000616622321853000e-01
3.688873748513422646e-01
6.748617977648373456e-01
8.909148850358932226e-01
-5.302229363184401967e-02
1.733944090503667823e+00
-9.171253741547862326e-01
2.964103603413095755e-01
-4.162450049820663467e-01
9.251129159218691722e-01
-9.951716972112871762e-01
3.708068096207799424e-01
7.523145386811903590e-01
6.556485914612515398e-01
1.046677742241792330e+00
1.537144799747603985e+00
-1.238316730214195527e+00
-4.680803768580648061e-01
6.859660055727061501e-01
8.615217702697551827e-01
-6.066357460098292798e-02
-1.261712184036133166e+00
-2.612057337544699820e-01
1.609318253019732969e+00
6.809702620959015018e-01
-7.576038661902920746e-01
-7.304767023647491531e-01
-6.392725244544366081e-01
2.681428082457044670e-01
-1.616061465477008463e+00
5.121325044739066801e-01
2.276887492999343787e-01
1.335996444854888221e+00
-8.349833573483762539e-01
-2.535471755508003522e+00
1.011640953117747488e+00
3.943030922932719284e-02
-1.042136066847789699e+00
-4.910918592579791020e-01
1.192665926971672619e+00
-1.988530870910479864e-01
-1.097615462270294495e+00
-7.232869995446813416e-01
1.182282223578605906e+00
3.672898412998547579e-01
-2.375411249006566194e+00
1.494624092546401606e+00
1.686296208326357515e+00
-1.548650992415961936e-02
6.062597386236139307e-01
1.656823387144986226e+00
1.783927447059965310e+00
-1.207831537983599324e+00
-8.798629019756720737e-01
2.804185305559190322e-01
-1.084685876744094779e+00
-1.349656081483534109e+00
-1.262289357667056633e+00
5.696410870746521082e-02
1.617587254770344041e+00
1.092709198857284791e+00
-7.825399448042791306e-02
7.275005928483679885e-03
-3.753595193259134932e-02
1.503876466350399177e+00
1.809451995749087883e-01
-1.642591920642425540e-01
-1.102332420079530806e+00
1.893603367405853444e+00
4.807896228131828265e-01
-1.432674129339001068e-01
2.267303070545265142e-01
4.896941971019558304e-02
-1.410378723746431140e+00
-1.908040078878628032e+00
3.117598702014119372e-01
5.738426000503831226e-01
5.966746063444963721e-02
6.437983502077273545e-01
-1.419804574086538929e-01
1.646058196109179139e+00
-6.936878029084911912e-01
1.525856174717613811e+00
-1.107216225461528980e+00
-1.412205581617819838e+00
-1.694606858736610544e+00
1.004373930695017458e+00
1.370667427444638431e-01
7.040944143826705082e-02
-7.312399184360538484e-01
-1.226712152144368684e+00
2.681658640352290734e-01
7.640816170690447606e-01
-1.906091408439674062e-01
-1.109514888705401825e+00
-1.361259456427275749e+00
2.104296689225469974e-01
-9.786674175250171803e-01
-3.924325906979219680e-01
-1.085280811140135526e+00
1.969456913261024900e+00
5.253838975461391225e-01
1.717036481093209943e+00
8.727185637960968023e-01
-2.808905230520793994e-01
-8.610503853470559132e-01
1.878805819403183142e-01
-1.333296068395065426e+00
9.052588632634306354e-03
1.077945824287174448e+00
-2.006520010713375157e+00
3.469934401543853242e-02
7.699520550582800160e-02
2.255473059807023173e+00
-2.391695873319882537e+00
3.801482086229617807e-01
-1.334737536599947205e+00
-1.693328777689282694e+00
7.333138867874490208e-01
-7.454595062013061879e-01
1.423217585592575940e+00
2.504103856909989378e-01
1.457984021114542506e+00
-4.575087855295708050e-01
