1.062775610055086917e+00
7.994555893406140035e-01
2.600142629409627482e-01
-1.357252213396771046e+00
-6.896633348538501185e-01
1.168778361610930183e+00
2.984157384603725038e-01
4.370290083972108164e-01
-5.149723858759132078e-01
-1.791557046247574503e+00
-7.453471093144262705e-01
-3.859622875356583105e-01
-2.949413014356345175e-01
4.622134260572817732e-01
4.456279204075278000e-02
1.232620586523981432e+00
-2.020645640118006181e-01
3.087534577570820726e-01
-7.843131959574617396e-01
-7.452837714173209394e-01
-1.530796200199762147e+00
4.621947608366249183e-01
1.896342060414275554e-01
-6.239240721910168652e-01
7.727905412903449678e-01
-3.105124446512841918e-01
1.363778580940826768e-01
-1.562239835276763023e-01
-5.142394351807835218e-01
-5.757032625077360688e-01
-1.756787606432815563e-01
3.897922506154955502e-01
-1.287645958550772685e+00
-8.915725115151864610e-01
8.846042356534125073e-01
9.911360479616324604e-01
-7.602736499663235170e-01
-9.288012605130531174e-01
-5.951056680532728071e-01
-4.656198810230323115e-01
1.605261824566276418e+00
4.751466472448594436e-01
-9.793097608170631130e-02
7.536491412800461198e-01
-2.599346687554026092e-01
-4.341267832890094436e-01
4.513543031748893375e-01
1.171817548207143567e+00
4.626917289073241846e-01
-1.041502926196347101e+00
-7.882084759192290457e-01
-1.057307352422288238e+00
8.311640651324915252e-01
-1.083907718389616193e+00
3.452342354291824122e-01
-2.612608591599606400e-02
1.527780364560904713e+00
4.740984182458060081e-01
-1.880601522984483298e-01
-2.809259920031718094e-01
-3.246938453268889413e-01
7.340100613103734961e-01
1.032491427168776288e-01
4.018375097646614824e-02
4.856936310625802888e-01
-3.703304536238662958e-01
2.017497748098388000e-01
3.221795235297438276e-01
1.401649218486835879e+00
-1.801020957658915345e-01
-7.627489126877262660e-01
5.626782456265750909e-01
-9.949146387230376476e-01
5.261894524111307980e-01
6.082762622878917780e-01
-4.249852447576789594e-01
5.891228452608140431e-01
-2.358605036491775442e-01
-5.674741298833152481e-01
-7.787372419592593353e-02
4.563057769682727360e-01
-4.280172345879891260e-01
-2.450425570932480479e+00
-2.875220617417372782e-01
-1.784864256887269685e-01
-3.080002752500017871e-01
5.041196199803804623e-02
8.921129860486055607e-01
2.599568766778181383e-01
-7.502340745379992848e-02
6.574700587172226385e-01
-1.128002449696843268e-01
8.300037027599785899e-01
-3.038412111362428503e-01
-3.943009129267072144e-02
-5.000282914005076407e-01
-3.145730070452613103e-01
1.110999569081737859e-01
3.869730059423456270e-01
1.113342104262824206e+00
7.335611768745883277e-01
-5.097207520497217814e-01
9.215574889202061692e-01
1.037547898947917879e+00
3.083127739807339784e-01
-1.169540428176300689e-01
-1.074527052178096131e-01
-7.580035511053612174e-01
-3.745643754868024922e-02
-6.108692815019257649e-01
-1.619372971355614199e+00
1.419623511850336972e-01
1.753337073582185712e-01
3.697545278561293891e-01
6.005828109042912200e-01
-1.073571327891841731e+00
2.559076485559160230e-01
5.653493039376712437e-01
2.988076483306265629e-01
-3.478629705395008820e-02
3.555176101415580270e-01
8.089612717314533796e-01
1.958396569951758037e-01
-4.409855973934034834e-02
7.536588470041867271e-01
1.120855207381211249e+00
-6.638214112803424438e-01
4.798822163216862058e-01
6.646238451500050548e-01
-4.745536895319173443e-01
-1.051349478615670296e+00
4.937996638418477025e-01
6.417451403277942834e-01
3.406582007254488342e-01
-3.723459980898299881e-01
-2.364654330823394712e-01
6.372642287904821679e-01
7.049359868160345322e-01
7.349695964873894649e-01
-1.462347901265435013e-01
-3.216310399355898908e-01
-3.518276339500400751e-01
9.675340519047082033e-01
-1.455907200632373943e-01
3.360441540930643178e-01
-2.004564892895364936e-01
3.990650481751619738e-01
1.228440954780163352e+00
-3.452472863054801278e-01
-5.680676341324426559e-01
-3.234691582925361408e-01
-7.313514990705660690e-01
-5.279932339479306291e-01
3.089708476478073007e-01
1.314366631567426724e+00
-1.895387413392036757e-01
7.215369554174377864e-01
1.664845902511532527e-01
3.868325610885969823e-01
3.488916908405942374e-01
-4.022310614694757924e-01
3.324338882029537756e-01
-6.543168241547233643e-01
-1.061539445276649118e-03
4.114563408691132018e-01
-4.509949259379424924e-01
8.614791855056236347e-02
-5.856733888719172221e-01
-2.276760045788728259e-01
-6.930560030521004666e-02
-4.318244841451648330e-01
-2.099417269247663143e-01
-8.700762738807054086e-01
8.881247577309119290e-01
4.453052728464440002e-01
1.032268940179621897e+00
6.375857451836575152e-01
-3.309076220674118107e-01
-4.532576058081312365e-01
2.532197257835443471e-01
1.556596326401234187e-01
-8.630338360990297275e-02
3.384093203239723624e-01
7.016077082531283482e-01
-6.504965518900058807e-01
1.378088019122792662e+00
-8.373995343432106830e-01
-3.651941614398189762e-01
-2.072196081838378334e-01
-1.000873547320210166e+00
-6.310872479738107721e-01
1.844250061076778691e-01
-1.681339078110253293e-01
4.718330639137707783e-02
-3.169042264942231180e-01
9.293021382506367889e-01
-4.499785188433722549e-01
4.075705330134545001e-02
5.353143617497218010e-01
4.234692613278888407e-02
-9.292671084904605694e-01
-3.299616561926779212e-01
-3.462094641121836736e-01
-4.213357701928457932e-01
3.246720337048969451e-02
6.084325261075709257e-01
-2.583906498770195403e-01
1.408650009790722857e+00
-3.975440047704151825e-01
-3.000732973080219024e-01
6.923050625023676741e-01
-5.833538616837899982e-01
-6.713917368676262099e-01
3.368146272677572384e-01
-1.951604275722940152e-01
-5.887518677619958396e-01
-1.410985737098819914e-01
7.624761995446256435e-01
-2.795807851072362737e-03
2.620500454280395020e-01
7.857954418628843030e-02
3.568587046426128784e-01
7.099639241756122710e-01
-2.906242814522967399e-01
-8.546586767492464487e-02
-1.899781737135567417e-01
-1.352667420052722003e+00
4.721463701794813561e-01
1.202341309425102533e+00
-6.397294265974855509e-01
-5.852150746040140072e-01
-1.597019168193330119e+00
1.048840160611283767e-01
5.204936850709319662e-01
4.969056265135257666e-02
-2.594787741244080514e+00
-2.258526050541855845e-01
7.880441574653043180e-01
-3.640011473660852426e-01
-6.785164750426680991e-02
-1.071530294233876468e+00
-1.376355301015282917e+00
-3.001009382913266688e-01
6.794155276900020191e-01
3.975934775924149234e-01
7.616828033664218012e-01
-6.910375791199730999e-01
5.455190335730224493e-01
5.307616991114083582e-02
-8.620470468282884768e-01
6.105351033712518305e-01
5.832883579796264151e-01
-9.776709035768971212e-02
-9.211952685388793416e-01
2.407810567185111328e-01
-4.015402679949269249e-01
3.803036472082262365e-01
1.511996716916886196e+00
4.648178874324350174e-01
7.880540918268237327e-01
-8.536399928834598194e-01
-6.057090947392421154e-02
7.159435165828670344e-01
1.307918364557074886e+00
4.780862425651861147e-01
