-1.139598018321465456e-01
5.318502929116467604e-01
1.178031019402876245e+00
1.027172010302778826e+00
-5.609574266125350039e-03
1.453015314486879372e+00
1.567799121334952472e+00
1.192588695276469490e+00
1.296598739371757625e-01
-3.455631493272247612e-01
-2.905646137740416912e-01
-4.013182177366307890e-01
-7.502438608940269482e-01
8.486691230172894729e-01
-1.845206312241465252e-01
-2.342409876224482712e-02
1.247223594779778288e-02
-2.810136845950448325e-01
4.424139148296551971e-01
1.559124847553846616e+00
-5.217060958520274294e-01
1.279046738900175173e+00
-2.663560354065888536e+00
1.083744420601981950e-01
-6.871944899347098845e-02
-6.887712744773759610e-01
-1.424689127350293738e+00
-4.885443940696893583e-01
4.585729957729050010e-01
-7.613066311480223280e-01
2.390055221567287114e-01
6.159870661766012612e-01
-4.105364699091173519e-01
-4.627199579775714833e-02
-8.910364259277572252e-01
-1.800340857422030094e+00
-1.198748026602168171e+00
1.014125154974083509e+00
9.786729720894536966e-01
7.102731238741262221e-01
6.927553098834078327e-01
2.408787403494104251e-01
9.486807873632900900e-01
-1.486656770118707449e+00
1.170097194043048683e+00
-9.129898906698652450e-01
-4.245913898746631610e-01
5.206252652654848045e-01
6.751015522367812549e-01
-8.655495031702307163e-01
4.154251076268138942e-01
6.230977118036251650e-01
-1.069681690451827150e+00
1.053985868335560516e+00
8.410036575268964310e-01
1.671497821566393371e+00
-6.072596790581150650e-01
9.276748022888103851e-01
2.402246210325797993e-01
-1.220700881725379716e+00
-1.571415089615308514e+00
1.893825013274605729e+00
7.324429711558663181e-01
-6.143687070592964705e-01
-8.019972230839561567e-01
6.243308857403722101e-01
-3.455658218906099144e-01
6.885343213135619589e-02
-6.370729950834673749e-01
-3.561161221395807153e-01
-9.851242919707475787e-02
1.100220531831391790e-01
7.516097388220847053e-01
4.581328592086257867e-01
-9.012556579335782025e-01
-1.388070119709236550e-01
-3.981135334476304521e-03
1.128687767349692450e+00
-7.650562107753938745e-01
-4.578268021264209064e-02
-2.141531330418812162e-01
8.562844636803106368e-01
-2.699340837115449254e-02
-1.306095076325233917e+00
5.467105234153573079e-01
1.331564646304000732e+00
-2.181367304085415348e-01
-9.879403549811637264e-01
-1.322237726181108575e-01
-4.230825505090451966e-01
1.406632493872455925e+00
-1.022317758711998703e+00
5.208378601635066385e-01
2.991141401055458227e-01
-5.240954269219670891e-01
-1.472776942682148871e+00
1.330754179179505448e+00
-9.758974870511988309e-02
1.584701440211074841e-01
2.388088448939925668e-01
2.355713156544952946e-02
-5.093283150591361164e-01
-1.921669960163047142e-01
1.314539995203745093e-02
5.146012218493931645e-01
5.693940134500909966e-01
-6.454649194385526645e-01
-9.240746511626094506e-01
-2.402477256752865720e-01
-1.172731226219163037e-01
-1.934056759102715350e+00
5.475002623573258509e-01
-7.432281258621821207e-01
-1.405051845409581501e+00
7.526008260552465856e-01
-6.474671767843045433e-01
6.119819891264858258e-01
6.401872929425713732e-01
1.895874012306659973e+00
-6.321379846303667449e-01
1.160745545296242298e+00
2.084576830592927421e-01
4.326259282160295205e-01
-2.277221323982471235e-01
-3.326853176620472308e-01
3.894028370280134266e-01
2.116809304283365223e-01
-8.429930690648661518e-01
-1.467461724868720063e+00
-8.900793627440833911e-02
1.489918049785452503e-01
-5.885315283779067874e-01
4.646629246576470806e-01
1.020448910985458646e+00
-4.699565052243601104e-01
4.208945178466809156e-01
-5.113428414724261462e-01
6.428215880565186779e-01
-8.557337658087527110e-01
1.297350659836863374e+00
-7.719963791308916967e-01
4.521570727872506468e-02
5.532106301890086231e-01
1.493480016423968326e+00
-1.657671580706657211e-01
-1.703965646960236224e+00
-5.562695106621069474e-01
-7.500448147204583638e-01
-3.463145979644328687e-01
-1.209123470105626597e+00
-1.151378502441417595e+00
1.098878495834384905e+00
6.074544736378768572e-01
-5.840990129103891260e-01
1.679302107183255899e-01
2.818571709663063585e-01
5.053553775718763186e-01
-8.681671171086018379e-01
1.833095942252361832e+00
-1.058275130286616406e-01
3.130151872536938717e-01
-4.464684664548057014e-01
-9.445530480927788464e-01
4.154072913927236987e-02
2.012920199350429318e+00
8.422200817332510248e-01
4.502578980425780975e-02
-4.385531284659267004e-01
1.605944894412901225e-01
-7.068549441592519855e-01
-1.110094223600226249e+00
-5.567553718094788717e-01
4.193478589700106451e-01
6.715119493229652070e-01
-6.331280801602277020e-01
8.467285946135332253e-01
-1.486833805739712133e+00
-1.019401955960877793e+00
-6.698032984582362737e-01
-1.812313218894067823e+00
5.101890012270121622e-01
4.918147775701306457e-01
-1.350620515731388416e+00
-1.251869285201487880e+00
-2.086228279594180002e-01
5.637109729517375545e-01
-4.629249237951029716e-01
1.848453798883692989e-01
-1.663092832356618533e-01
-1.200353343545519369e-01
6.566383270452837984e-01
-1.615280103192586747e+00
5.271484939326844810e-01
-2.295972733262803711e+00
-7.867907951524952814e-01
-8.422406635117337670e-01
-1.714053396304727528e+00
6.739295890523466781e-02
6.098936279334734589e-01
-1.208186856836947820e+00
1.447560475764189114e+00
-4.885007169643963421e-01
-1.041175787750905579e+00
-1.244513271324007686e+00
-1.547127142814536671e-01
-1.187438337344483452e+00
5.645904088646023222e-01
-7.781756419929124480e-01
1.389784444826309695e+00
1.250135169116655565e+00
-9.340821349216681391e-01
-1.804275983823097618e-01
-7.001531147038808633e-01
1.747686864963410525e+00
1.516749607419493606e-01
-2.320887352075016175e-01
-1.671562787051958487e+00
3.486141477790047349e-01
6.079473356774256487e-01
6.817646779062669360e-02
-1.809329782817218568e+00
1.097080869144109627e+00
1.555411821036988718e+00
1.041037658152509593e+00
1.273898270456796489e+00
1.058037340698112949e+00
-4.360963361928008042e-01
2.273658477954729751e+00
8.750089988777102201e-01
1.966793778092326139e-01
-1.998999111657771555e-01
-3.699125737489933341e-02
1.132588037456652152e+00
1.297395546138635725e+00
4.977246767054427368e-02
1.344175425212793318e+00
-3.027789731280458030e-01
-5.919110264719816827e-01
-4.086053272469995501e-01
2.061449686914026969e-01
-8.428044229196371973e-01
-1.205501108181205039e-01
-5.168712030492037535e-01
2.294913677489289205e-01
-5.992404520931944312e-01
2.848134314236919207e-01
-5.519053978719513642e-01
7.755239124297828024e-01
-1.589791028071982915e+00
7.501971938969793641e-01
-1.005274140572053554e+00
-1.076969874509843272e+00
-1.116345565294423192e+00
6.388625683153054124e-01
-7.172084141916499345e-01
-1.188206026009938743e+00
4.387271605848864775e-01
1.645728382334935791e+00
8.788914154220202057e-01
7.598714448102941166e-01
6.010865979686887961e-01
6.865634111163225750e-01
-7.918752149775696303e-01
7.405692389814572119e-02
1.495330713562317282e+00
