-2.780109134644874747e-01
-8.077373058487480328e-01
-3.813736192244024381e-01
2.829028404731992463e-01
-4.351257069147618228e-01
4.648471955853711868e-01
7.942447369009832947e-01
1.036621260739240546e-01
8.273266893946386036e-01
-5.543353861664286342e-01
-8.920285842733375326e-01
6.346929747098746244e-01
6.067794852698732422e-01
1.150664491861781435e-01
7.044090242843381589e-02
6.865986081631761939e-01
8.453980611143014912e-01
4.372497779194923773e-01
1.669897594425872045e-01
9.568594784110908691e-01
-2.823993257460299944e-01
7.228474719192334863e-01
-6.114968860906960790e-02
2.178338222165104865e-02
1.251594016205697102e-01
-7.821057251248345610e-01
-4.551996183379762306e-01
-1.127301332729389483e+00
-4.582275411792056108e-01
6.642991659445005581e-01
-3.300312235181297460e-01
1.789329603008204539e-01
5.859579516573617530e-01
1.060108305496506031e-01
-4.141529909115664876e-01
-5.484319972610385285e-01
9.854647233766171688e-01
-1.016099871141101563e+00
-7.563195937249549416e-01
6.402991545124558925e-01
8.546435828587701788e-01
1.884724440964652414e-01
-1.865704259179905566e-01
1.227368800773025459e-01
1.297422720523577766e+00
-6.583535937189575193e-01
2.680100266123026653e-01
-4.875959998507293225e-01
-5.897704600947502040e-01
1.201734257323792132e-01
5.508313068117580702e-01
-2.565684758070879701e-01
9.698160631195535952e-01
-8.102118992820166454e-01
-3.817491623930013844e-01
2.773338209795657150e-01
-8.949100461632220060e-03
-5.525071952899540673e-01
3.848205397506847536e-01
1.766453913300489731e-01
-3.262388028152720110e-01
-5.402778262891412275e-01
-1.317931600686594873e-01
2.580548444561068244e-01
-9.357353406014534691e-02
3.585034907139651450e-01
-6.496496481875344564e-01
-2.956791681168597363e-01
-1.670849076392570964e-01
6.097334734109082222e-01
1.124653663375321244e-01
-4.012496919667609685e-01
-1.189637680799237485e+00
1.017562913175110273e+00
7.682459535011176843e-01
6.209194309660346356e-01
9.369797479837498333e-01
-2.604644131322055856e-01
-5.456328258182836510e-01
4.708349401164939607e-01
-8.359055299264996908e-01
-3.728794263174822210e-01
-3.253346428631371801e-01
4.719147239821686046e-01
3.936021390479549353e-03
1.338211799229581001e+00
-1.535788907224167055e-03
3.902318474992339525e-01
-3.340420098223528811e-02
8.682839255357552855e-01
1.337876575807834811e-01
-5.122842007289176713e-01
-8.066530675527581185e-01
-1.249887139954451443e-01
-7.639070930166645956e-01
3.313664287027415778e-01
5.632898303978695065e-01
7.968571818717697930e-01
-7.828473787799089534e-02
-1.606492853637646601e-01
8.403185993867001713e-02
-3.785736301978228635e-01
-6.986783934727565093e-01
1.336664713969744067e+00
-7.843111891189769036e-02
9.706152114000483611e-01
9.000793683211605334e-03
-8.720741542914145494e-01
7.990580756018550446e-01
-8.573375232729666395e-01
8.463288968600949369e-01
-1.140718865250175629e+00
-6.597324415638378126e-01
8.473776978242393287e-01
-4.265770946657496676e-01
9.466041549448844794e-01
-7.651337714902468612e-01
-1.178846079360162058e+00
1.784664875288157204e-01
-4.079432177261532733e-01
3.330280015888724687e-01
-2.375929149356200698e-01
1.324577907678438748e+00
3.927625915040744986e-01
-6.502068114633405838e-01
5.158547172701084538e-01
7.493847185524196153e-01
-7.282408552073929009e-01
-1.192790201425681373e-01
4.850533597874476799e-01
-7.605671184842399679e-02
-1.243563249700944673e-01
7.303921786849503217e-01
3.478878984627649107e-01
-5.760768748052352839e-01
5.986032063674259218e-01
-1.116754917731905827e-01
1.176678812093679971e-01
-3.305594811714878123e-01
6.682073567852732099e-01
-5.357576455016317407e-01
7.067643586468330685e-01
-4.526566233543377060e-01
6.743294889696389571e-01
7.135651397672426732e-01
-1.167755449740972784e+00
-1.714125396631225540e+00
-7.316744363505591764e-01
2.454563343263835851e-01
-7.063239087134405292e-01
-4.240543361367543618e-01
-1.588808189542167959e-01
-2.226652859226457282e-01
2.343711322142444931e-01
9.087447902346741380e-01
-2.008175131680265402e-01
7.001221452096213493e-01
1.131904176194918454e+00
2.442284566089148456e-01
9.850836309305954774e-01
6.429457929562445440e-01
6.319940927282546861e-01
-8.184225899633710277e-01
8.046436960959872930e-01
-5.812324431492446042e-01
6.920571229042240535e-01
3.050254550989605629e-01
2.668571578278337575e-01
-3.685450919262355240e-01
1.026292462816249307e+00
3.268314514267522952e-01
-1.110916606124687123e+00
-9.903037952444755376e-01
-4.479199853045254254e-01
-6.289504121107190038e-01
-3.215442536323442901e-01
1.249956159379722376e+00
4.993191772255653471e-01
-4.235989282073724382e-01
7.232100296090324676e-01
-4.883923411126520620e-01
5.400943920989091929e-01
2.983584110236974229e-01
-9.198076721858017279e-01
-8.983390027308455483e-01
5.683307743779919541e-01
2.769088305178890597e-01
6.496354893387166207e-01
-3.511738766710769677e-01
-6.200818308544870927e-01
2.241578980310277580e-01
-2.827136603509894375e-01
-5.609725058969556866e-01
4.229187038063578763e-01
7.257240907633473181e-01
9.703644478386554972e-01
3.765207182137217945e-01
4.871502651517900517e-02
4.215492319292433177e-01
6.439860746083825305e-01
8.690797625460571219e-01
-4.766660323919386100e-01
-1.027401058375897902e+00
-9.493580868039028786e-01
4.822037421208469343e-01
-9.812725728087052790e-01
-1.086578480085121035e+00
4.957407587355966427e-03
2.228636512943117376e-01
4.763502014713154598e-01
-6.088282359731187476e-01
1.007904881968704203e-01
3.611658944567550655e-01
1.339222265305769488e+00
5.581785804888532709e-01
5.289171082497969856e-01
-1.175690733329639803e+00
7.784222396167551627e-01
-7.906667427215916533e-01
-5.913132888901191375e-01
6.540213622697982343e-01
4.258712053275688358e-01
6.076447883017543905e-02
9.615861549581283807e-01
1.426436484368998059e-02
7.953651450103884635e-01
6.222736884827414494e-01
5.016444471895431523e-01
-5.987757068562611362e-01
2.025988652020579428e-01
7.767825623044022354e-01
9.342433748100040791e-01
-3.909141565667382801e-01
6.832426755709828381e-01
-8.185307284913694303e-01
-7.480778133396741580e-01
-1.257416530554368084e+00
-1.039075684636022956e+00
9.712505781935312221e-01
-6.925968639404614935e-01
-6.628403699139785443e-01
-1.046002984848835027e-01
4.534107670511209331e-01
5.848708160140954071e-01
-7.748420901400441263e-01
1.694038678484286464e-01
-7.266547246738923604e-01
-1.217916977597610084e-01
7.071195228589355342e-01
3.924278638500156013e-01
-5.325989803276308665e-01
-4.040751706048620884e-01
7.834763092838221699e-01
-3.770889957063896514e-01
9.298938241297901586e-01
-1.562551611494383264e-01
-1.921487896887092983e-01
2.447835953502559558e-01
-1.628014505348005514e-01
8.216992564521137243e-01
-3.886022935104770371e-01
-7.311449669809517715e-01
9.159184177190955456e-01
-7.109572615273416218e-01
9.401496671054128118e-01
