1.781595896640932319e-01
-4.509958880577502605e-01
9.300800596460196967e-01
-5.080611580949236927e-01
-1.923453031441553218e-01
-4.865504540881812612e-01
3.015373761287938326e-01
7.637355810751947915e-01
5.022446725308120641e-01
6.832018543001632249e-01
-8.755041889790792231e-01
3.905816819408865492e-01
-8.795923688875501023e-02
-4.360951601435699154e-01
-4.856020610982643704e-01
-5.392789703983889016e-01
-2.453582771006251884e-02
3.941712339360908257e-01
2.422227669244658710e-01
1.071985217284981529e+00
-1.300471458417008952e+00
1.015404497031200393e-01
2.792001483708517751e-01
-5.256362313519196139e-01
2.855092058955062684e-01
-8.698158004921274777e-02
-6.889999649893329137e-01
3.349228329575382190e-02
-3.845850769822523607e-01
1.375558894905491991e-01
9.811371623325910729e-01
7.092524022985621235e-01
-2.656601104400246882e-03
-9.876015418741533880e-01
-9.308066958641385558e-01
-9.412216969180862147e-01
2.512124790034728772e-01
9.077340130471801549e-01
-7.596593986254263076e-01
-1.162815732993146112e+00
-7.410940080185632883e-01
3.629394393721398493e-01
4.464651409273134863e-01
-1.058294139468114459e-01
1.896507955027541548e-01
1.597642006015704830e-01
-6.854953427929431076e-01
-5.353163577662366501e-01
-1.312397676728370710e+00
4.787103223637417249e-01
1.782274506878551157e-01
-3.363688457955103517e-01
-4.388026823051279779e-01
-5.170796788124498722e-01
-1.300977483191739115e+00
-9.594918005503496605e-01
-8.365999761221938336e-01
-3.384967840047350407e-01
5.447224325012389734e-02
-3.825034353690193178e-02
-2.904560944790043897e-01
-4.590382911812802003e-01
1.634626844387943034e+00
-1.198043420404834691e+00
-1.307930804400828428e+00
-1.274021397756208485e+00
4.808598518922597709e-01
7.859257963172583406e-01
-4.224762007702207445e-01
-7.127512939914781853e-02
-1.381284045762662394e-01
-3.667489754350992115e-01
-2.393673309661083493e-01
-3.849419965101049113e-01
1.792030909254771487e-02
2.090411356897248218e-02
-3.967249316944647664e-01
2.209683045918703348e-01
-1.035987822072047093e+00
9.096970743481147537e-01
-3.151422604000373440e-01
7.702777494694067473e-01
-1.125282122703588072e-01
3.717699888130701069e-01
1.137660117204122301e+00
-5.839151122076394751e-01
7.122152633055324200e-01
2.336142477749819646e-01
1.445960275742874668e+00
-3.585065118493820369e-01
-6.813250494775994204e-01
6.608334370393589285e-01
8.479693290209908696e-01
6.288569756860882265e-01
1.604472904474931183e-01
-3.878668727559644314e-01
6.720301690665668737e-01
-6.433287122736931485e-01
5.982785692597702987e-01
3.617046018441624766e-01
-6.013022381603700950e-01
1.147322999768626506e+00
1.079638249069460265e+00
-5.913286711533872753e-01
5.401455820658773721e-01
-8.744270707563129852e-01
-6.085685233185664789e-01
-1.143144427280475162e+00
9.662274846762357594e-01
-9.864401708493775178e-01
8.234557956465250461e-01
-3.256624421597095198e-01
3.983653674513065734e-01
-1.405147475133237123e-01
-8.842086930355875785e-01
-1.283420173650216878e+00
6.285463188775195498e-01
1.793141574507288449e-01
-1.960007271705949405e-01
-4.363319013589809781e-01
1.109628508926586488e+00
-1.245793933902573425e+00
9.390834581235038003e-01
2.459805056589016714e-01
1.023304555582887465e+00
8.465115741775800506e-01
-2.895524689511787542e-01
-5.680554420259629200e-01
-1.149138259341619728e+00
1.376848040771541104e-01
3.144719033364853367e-01
-8.707512832661969959e-01
8.212574438657997966e-01
-5.906683187503216637e-01
-5.258697689062900027e-01
-7.955903780871143027e-01
5.796077649342862292e-02
-1.501082893990314249e+00
8.654009430888796039e-01
-1.903229920618752513e-01
4.959973126641448182e-02
5.296530527218443751e-01
-3.811378235132633074e-01
3.200615137080600192e-01
-6.713208848190914679e-01
-3.280563253214547337e-01
7.085384980346264294e-01
-9.370514436228594146e-01
3.048853626422772800e-01
1.197536068869107684e+00
7.559638946959483796e-01
4.486905764767645799e-01
1.529525514369673100e+00
9.849705859531198149e-01
-3.358160847920045877e-01
5.237170196855006621e-01
-7.418281832675881482e-01
-6.521485886419298161e-01
1.659786406012754734e+00
-1.401836750916851893e+00
2.485693580796930480e-01
-1.632562569409943709e+00
-9.425453195173820742e-01
1.130111543651209915e-01
-7.325907253319641210e-01
4.225172080995357460e-01
-1.150504804291603733e+00
-5.156828389306000737e-01
1.106804327220645590e+00
-5.785009526300211036e-02
1.738323823656076628e-01
2.788893141617374560e-01
4.935648056252521232e-01
-1.042808627970058799e+00
7.329680217228438099e-01
-7.144764084285634143e-01
8.733698248983285950e-01
6.628435681453805906e-01
5.116944376009622264e-01
-6.126372830400059755e-01
3.845281931158979205e-01
-6.384036812127645844e-01
-1.744160233255496739e-01
1.556399770399684801e+00
3.496670055120512099e-01
7.212343632846864860e-01
-1.202115393559793244e+00
7.952261427415194817e-01
-3.096722259166286850e-01
5.649999210492377966e-01
1.559243441104901096e-01
6.059650761819896925e-01
5.189288387146302473e-01
-7.026110760368590169e-01
1.218914890916239502e-01
-8.448619640856097623e-02
8.177880589019568269e-01
1.073274808198309227e+00
1.397299377686598842e-01
2.177067279760750707e-01
-1.771519854569447716e-01
-3.655174681317715502e-01
2.602828628655580734e-01
8.493342997219714974e-01
-8.830031623856507972e-01
9.461932748255406089e-01
5.080652231686626497e-01
-6.676030643005634868e-01
2.523124584938074566e-02
-5.454246734246126493e-01
-9.936407316577300364e-01
3.500240647081516165e-01
6.341966740458053753e-01
1.707667276918045096e-01
-1.043408809988568109e+00
-1.276316471862888602e-01
-2.142620408841002799e-01
6.901490926067584963e-01
4.743894775776011929e-01
6.768556756306778333e-01
-1.792476375764456620e+00
-1.268338812640401159e+00
7.432866571618976792e-01
2.827100507121557693e-01
8.953725815810937849e-01
-1.223321306072484349e+00
-8.402899040755478222e-01
3.667439090635306043e-01
2.054228861778166770e-01
-1.087213288939165690e+00
-6.683532356205335034e-04
2.054563076365657492e-01
-1.346575473037541215e+00
5.705861020334379585e-01
-5.588148430209776141e-01
5.597693221597410673e-01
-5.599244569903083502e-01
-7.839412152104947573e-01
-4.967146646035248692e-01
1.403883682544328770e-01
7.780800345970629861e-01
-4.850193427539932767e-01
4.607989216796168352e-01
-1.139263888278221781e+00
-9.372576406063233279e-01
-2.559472141074093932e-01
-8.613222416414543225e-01
7.077161048645946861e-01
2.590255569322559293e-01
1.034817706141202054e+00
-9.458641983551151489e-01
4.386942101709194741e-01
1.155807571036883696e-01
6.654743265537945707e-01
1.119690670928703113e+00
-3.536582702146529589e-01
-9.733333853284080739e-01
5.004428785892121034e-01
1.356525270277409767e+00
7.696693786630083300e-01
-9.237194405320245938e-01
-1.230469127896248072e+00
3.474800367072899965e-03
4.748492993561107545e-01
5.622106756686486850e-01
