1.225027090031789861e-01
-1.413732639726596185e-02
-6.082200964340942484e-01
1.700705184301740114e-01
-1.757957433055186147e-01
5.069846799827042449e-01
5.326090932863755123e-01
1.659004059857684121e-01
-1.502363274570967244e-01
-2.511977091870004619e-01
-5.730128489009909121e-01
1.875119123573900370e-01
2.660745403238599094e-01
9.307181573870616786e-02
-2.266350753566231946e-01
-3.658926143229550565e-01
-2.297666403747845587e-01
1.282255625895836193e-01
1.615136942560261302e-01
3.982326891339862951e-01
-4.136386232445598554e-01
-3.025493494599745814e-02
2.135866426907117033e-01
-4.639521471602296998e-01
-3.122400215592085471e-01
-5.853655316548496135e-01
3.814528193804035683e-02
1.879066892108521292e-01
8.191532078965133024e-02
6.603516424161201548e-02
-3.629866642573147950e-01
4.100649569080792589e-01
-3.297467156781330733e-01
-3.306452232077320419e-01
-3.778236302523150236e-01
5.674228302884317537e-02
8.808758045282530369e-02
2.814513801179709951e-01
-4.749904719158318800e-01
-2.203859477635679021e-01
-3.943758760844323641e-01
3.639018629746246236e-01
-5.821788463255093138e-01
7.114118575464525862e-02
-3.970386889829357127e-03
3.946747209827631275e-01
8.376306445922866717e-02
4.551614050502783559e-01
-3.456102042693308674e-01
1.076322364200297393e-01
-2.300435264864263973e-01
1.541074111544491476e-01
2.094428423708808440e-01
4.882514739648605162e-01
3.466046710142564047e-01
-6.970355823726080979e-01
-1.047872194191917794e-03
6.560929710860039510e-01
-4.471355811960354698e-01
2.531388929160984791e-01
-3.978289462122087672e-01
-2.737653851404385219e-01
-6.830459798108560673e-03
2.315444700986269561e-02
1.734473832266974005e-02
-4.688328022737140444e-01
-2.651275279308901167e-01
5.609248567601398880e-03
-5.595489325294068506e-01
3.305617880961344568e-01
5.960871180493547694e-01
-6.975401093081350368e-01
4.892496863342198354e-01
-6.787929830772948536e-02
1.104524719414234912e-01
2.930363002220034430e-01
1.571591711805695180e-01
-3.339799988696713351e-01
-3.597772109360295456e-01
-5.491598525103653650e-01
4.159945339577277856e-01
1.465805019028356138e-01
2.794699109739527398e-01
3.644683297647929865e-01
5.396650234732091045e-01
4.635283890821394193e-02
-6.125401139635320291e-01
-2.364215145929375594e-01
1.706175393994017186e-01
-2.533836232519666165e-01
5.371908950713706332e-01
-1.660586355432390193e-01
3.925792011226815204e-01
9.542775531225580754e-02
-4.707363293154458173e-02
-4.445981000901411129e-01
3.802777677442222837e-01
-5.407724130736415447e-01
2.210202610830748760e-01
-2.668130454006924501e-01
3.045377352574285545e-01
-3.743604763014160564e-01
-3.435261649261598695e-03
-3.954326658856253673e-01
1.338401551674416323e-01
4.609022410631687938e-01
8.605712860057627978e-02
2.639061055204584560e-01
2.312365387244537107e-01
3.267324249330708086e-01
3.165406773481068692e-01
7.872057078845693390e-01
4.766614281207398607e-01
4.443977068534560315e-01
-7.077558918012706070e-03
1.155907465757371744e-01
-3.825435437915356562e-01
3.488702374587037136e-01
1.367269366399178898e-01
9.658325858282953980e-02
3.627375073997061161e-01
-3.368218244139665196e-01
-3.366752008884911218e-01
-3.610934622472820876e-02
-4.736088607088856373e-01
-3.530399500651249522e-01
-5.357600167397146285e-01
-3.527184617384625520e-01
5.692854267339259033e-01
-5.891884665298359469e-02
-4.099749128723040315e-01
3.947782155021324346e-01
3.196449579461688728e-01
3.095009447315706375e-01
1.719940661650578295e-01
3.495119269155998465e-01
-3.954933455813809395e-01
5.603515443353297432e-01
1.922676464987019829e-01
9.708416829033150730e-02
-4.811245938974889613e-01
-4.769519564541450096e-01
6.188189892679486076e-03
2.333503162474866999e-01
4.364482231933841105e-01
1.568277301901150611e-01
2.059488382833193076e-01
-3.043593788679781476e-01
2.247303152828001027e-01
2.863864499049602053e-01
4.006726225268594788e-01
-3.405346698901944302e-01
3.900235559653079664e-01
-1.384063109273428460e-01
-3.700732746040166221e-01
-2.686820628941405387e-01
7.286311220401253674e-02
3.492695205895113286e-01
-3.549383456703064654e-02
-3.772068384246510808e-01
1.343350828578696587e-01
3.735450567354751256e-04
-2.889311418618619176e-01
-1.173753540639131260e-01
-3.069791631544908223e-02
3.230561162368305594e-01
2.922934686939434035e-01
-1.704395414019726357e-02
-4.102395816154807973e-01
-3.703573366283006152e-01
-1.837802838121745108e-01
-5.424489079652972112e-01
3.753699395626082791e-01
1.896602220359800972e-01
-3.629721955136873679e-01
7.530486476115293426e-01
1.900107053959058101e-01
3.422454762524513860e-01
4.553380492850956918e-01
-9.317400720301391437e-02
1.400116753103641462e-02
3.325262447112738995e-01
-1.143476919009943499e-01
3.091939441315281201e-01
5.214912997270721995e-01
-1.472060938617487102e-01
-5.203857800389317667e-01
-6.300844866816410761e-01
2.720145820006688100e-02
2.201408785544938795e-01
6.076628477401047057e-01
2.278300374311731935e-01
4.967690128080779477e-01
-3.701246451933234982e-01
-4.821629597760008212e-01
-4.722646323488670084e-01
-4.555610519161105154e-01
-3.094623394147832940e-02
-2.920824219019418355e-01
4.976936785059816182e-01
1.975442023343095821e-01
5.394395788307455586e-01
6.998823872860426842e-01
9.718684367900322363e-02
1.936028318479733057e-01
3.126457363355733543e-01
-2.791869514361743354e-01
-9.914330965163040132e-02
1.920626328882377443e-01
-3.049909160213458148e-01
3.411170403773692850e-01
4.709639998674269856e-01
1.778670872353782517e-03
-2.488267370233657738e-01
2.325526724861472494e-01
1.956542805585869127e-01
5.646465386888126492e-01
3.365176550293873525e-01
2.920574125049482106e-01
-2.641099488982958099e-01
1.936696550294973174e-01
-2.358557901039219917e-01
4.891100219529208593e-01
-3.248222554310456478e-02
5.769494117781723830e-01
1.791148455411847029e-01
2.473092080443309304e-01
8.027831196941721814e-02
-2.368001192054560999e-01
1.837158810111848006e-01
-5.156164668924072547e-01
-2.433106463560698041e-01
-5.416682996286052987e-01
3.933977959693326643e-01
-1.611973614978817471e-01
-2.145513258928139627e-02
-2.222305059330830224e-01
5.442526678797382500e-01
-4.405220006625731877e-01
3.178266098993219879e-01
-2.831424925912722212e-01
1.088065198406782952e-01
5.417336252202525904e-01
4.443072914191327771e-01
-2.163943760863493715e-01
-1.039312417021327900e-01
-6.803895498745828885e-01
2.141525059906664308e-01
4.581321531819531057e-01
1.874077451254729798e-01
-5.967840339323404741e-01
-6.680846925253387525e-01
1.237046492697938538e-01
3.666461249567112279e-01
-2.720309296044602920e-01
-2.209277550020776193e-01
-1.092237611926149127e-01
-3.147096936992810345e-01
-1.561766405317577266e-01
2.036885219689577725e-02
-2.101899051204382529e-01
-2.452750999960689737e-01
3.618447187760391870e-01
3.698504326895656891e-01
9.703931426769848989e-02
