2.312934300889448735e-01
-1.481846716979490775e-01
-4.012254298128637431e-01
2.918598968420089146e-01
1.348108397961077232e-01
2.973657755071110187e-01
4.010902403221859314e-01
6.818271143096139852e-02
-5.151216526590261802e-02
-1.720775489879360354e-01
-5.110802584996450015e-01
1.993636867967638893e-01
3.220306406016305578e-01
-9.624311181376851709e-02
8.934663478524161595e-02
-2.249261685388965759e-01
2.186965359972027623e-02
1.238308168129293590e-01
1.187226431538950661e-01
3.951842962396089343e-01
-3.267121111944863987e-01
1.471833239003026428e-01
2.008959631461070261e-01
-1.349841705527388136e-01
-2.651320409901799513e-01
-3.016167305162962275e-01
-9.505712862618348469e-02
6.586037044829043396e-02
3.348421926407989246e-02
8.140189810004017090e-02
-2.483355964174153163e-01
5.395425090862209228e-01
-3.138242576037594822e-02
-7.067849087191319102e-02
-3.128641666662926868e-01
-1.628515241457521023e-01
1.408631056084455602e-02
4.098994385351815706e-01
-4.034144892452805609e-01
-9.547204526844915717e-02
-1.304585945289405691e-01
4.761976605732175516e-01
-3.413944510349303796e-01
-1.394435728647916151e-01
-9.900848232730335985e-02
1.971238755354976502e-01
1.096551895726021464e-01
2.221637389961534093e-01
-3.328574664795499460e-01
1.953265549370323262e-01
1.632150157053706696e-01
2.123102754259166836e-01
2.067820924524178816e-02
4.381085564513580999e-01
3.735171431354999960e-01
-3.692571092219030238e-01
-1.818907980642094080e-01
2.219153284596597220e-01
-4.208879507829445532e-01
3.772297718567448888e-01
-1.294475772647020184e-01
-1.379612713182606920e-01
5.857501579337093256e-02
-2.182816754949570837e-02
-1.475321627178170503e-01
-2.768350804640108964e-01
-1.516442684158333387e-01
-3.584256223557050203e-02
-2.353508921764782269e-01
2.537115507896469113e-01
5.737632816259479185e-01
-4.140372464370558614e-01
2.158069080592853184e-01
-2.955933085789170245e-01
6.150046901483256778e-02
7.240909971764285247e-02
3.463154787304585924e-01
-8.385833841287282375e-02
-1.673481783842404313e-01
-6.051827703788653645e-01
5.525317719864007993e-01
-9.638418776607074467e-02
1.845661378811936926e-01
3.004727833746931864e-01
2.949059452064798359e-01
1.116740724193948237e-01
-3.563001378144292630e-01
-4.385925118028695113e-01
1.712977689720352192e-01
-1.846781067139223187e-01
3.893048618336503175e-01
-5.931162034357123636e-02
2.211054685647089457e-01
-6.057623837169859304e-03
-1.061673188878143881e-01
-3.629407585867435171e-01
1.515750860057710203e-02
-3.507469913126134431e-01
2.289980539116281966e-02
1.973727963851890088e-02
7.330548316082377558e-02
-2.295445340272735391e-01
-1.017900342080459847e-02
-1.431349978045223514e-01
2.023905108641390060e-01
6.312206792023715707e-01
1.143561289663146824e-02
1.610330563737911447e-01
1.752017923387320097e-01
3.255100724277945612e-01
4.128978943346978125e-02
3.336745850838113148e-01
2.272223741116617124e-01
3.389469002698957123e-01
8.839874953576737360e-02
5.546089511050875109e-02
-3.183992683768044341e-01
2.543772352001947845e-01
2.032987366545576935e-01
1.510882351332510365e-01
2.613221539678799443e-01
-2.288231047136481955e-01
-1.631687080934535738e-01
-8.657616845072113598e-02
-3.582568022128868046e-01
-2.819139151772324658e-01
-4.129312910962140704e-01
-2.809851326555922180e-01
3.642484237550124293e-01
-6.609425164172966216e-02
-2.367971279121079686e-01
3.033400927412833181e-01
3.967423627589861113e-01
4.050824502483303391e-01
2.530795379774323228e-01
1.433063416310365046e-01
-3.350519605771295484e-01
5.014994735494434641e-01
2.584557267445434237e-01
1.576019735933491817e-01
-3.563439563676327193e-01
-3.712579420572237332e-01
-2.372809569505974214e-01
8.199893619652100230e-02
3.589405667056926319e-01
2.373767649011990222e-02
-4.512109665671920622e-03
-4.286597600862699919e-01
1.912424423675677387e-01
3.050288142433987826e-01
3.899958100431643038e-01
-4.087269354527464094e-01
1.314526908525101290e-01
-1.085623194871766783e-01
-1.386112404356681926e-01
-2.200120066529239193e-01
-4.038648705594644062e-03
4.286179190410170925e-01
-7.703411992787477514e-02
-2.073392087839631415e-01
2.844724570254951734e-01
-2.526296106907856553e-01
-3.163959512555298836e-01
-2.181295467682518585e-01
8.918836854724558616e-02
3.625713495831346389e-01
2.746037489722183422e-01
1.406207376585845437e-02
1.101882162518451336e-02
-1.615118481782037430e-01
-8.909397008636710247e-02
-5.311845662136388535e-01
1.110274728438683522e-01
2.112794433882863032e-01
-2.706940595171511976e-01
3.698807642511300342e-01
-9.312250739850613801e-02
9.932406824602434126e-02
4.764285708018721199e-01
-1.417090612714509423e-01
-3.036873853284988156e-02
7.333015749535716499e-02
-3.773773860175412553e-02
2.986310492903311298e-01
3.611118247951728977e-01
5.524250578833930087e-02
-2.154382962611788022e-01
-5.755840084041742299e-01
6.740578528162959049e-02
-1.191821043015161424e-01
2.830246670965737565e-01
1.584131705012529756e-01
7.250476824150910993e-01
-5.363057709958760633e-01
-4.973197097401634292e-01
-5.483998294164711407e-01
-5.948335478948734156e-01
6.644258951594261831e-02
-9.680773685230051329e-02
6.626707594090750497e-01
-1.853348690735655280e-02
3.287119818271857508e-01
9.405170215447539173e-02
1.210616341463944395e-02
1.871795502703565706e-01
2.379039052907321317e-01
-1.283839836267752221e-01
-1.872270936408073488e-02
2.221724984287062887e-01
-1.458184742872506434e-01
-8.606059552018635594e-02
1.280678255569087098e-01
-3.006841155685386902e-01
-2.774611301443801192e-01
7.873759157849999357e-02
-1.440625920855556630e-02
4.128996584443486162e-01
2.170105764005050841e-01
2.461797831714801765e-01
-2.379526941695325748e-01
3.971275314338516549e-01
-7.509221091814402560e-02
1.880390891676647636e-01
-1.061432873356672746e-02
4.740911200066895703e-01
1.241923401690360473e-02
2.943842081015983769e-01
2.974004035389952727e-01
-3.144448330977986372e-01
1.947080968388825717e-01
-3.375527338754312767e-01
-2.133885624913272883e-01
-2.403223178568385521e-01
2.714191354148500768e-01
4.621443013137163658e-02
-3.520800778892351629e-02
-2.796893484903382188e-01
6.655130592161156988e-02
3.437065897471780485e-03
1.872615178293470239e-01
-2.758833148480804298e-01
2.173109243192666851e-01
1.091045417047382116e-01
3.981144676824331929e-01
-1.689131045587526359e-01
6.120795315375296419e-02
-5.978535180307684715e-01
6.083878219664665132e-02
3.024117857842009149e-01
3.258389158166076771e-01
-3.108219157618470341e-01
-4.127827330467794820e-01
1.576551167057540503e-01
2.871801881008332336e-01
-2.264703650963160175e-01
-2.212324175719991293e-01
-4.284393975366030533e-02
8.783419769938810573e-02
8.481948823278455396e-03
4.305522363793877760e-01
-2.325931283343999623e-01
-1.350567976566910966e-01
2.963070610925309656e-01
-9.722626933741101984e-02
3.435207789609021067e-02
