2.738477593291248624e-01
-7.969170388614976730e-02
-6.038930137924627406e-01
4.186257269835702566e-01
-3.582184870573794644e-01
8.106459535711139086e-01
6.953147357849176480e-01
2.918276140820137421e-01
-2.245285318739087543e-01
-4.753322914533761878e-01
-9.168337446373377997e-01
3.879171196882356121e-01
7.645757794690652975e-01
1.474461623029599266e-02
4.012731314217015122e-01
-5.819656124796597219e-01
-6.471189127471921321e-01
1.144675003769934918e-01
4.089828825479830954e-01
3.778156630437925489e-01
-7.238194149225478657e-01
5.900863091829962048e-01
6.314637489615824162e-01
-7.923827059529913175e-01
-3.911830414602677219e-01
-9.039317252202041519e-01
1.460841771138574607e-01
3.904368728546361300e-01
8.957267337232566184e-02
-4.956535291957964162e-02
-8.944864754646426608e-01
5.552192042355532653e-01
-4.735621912571321701e-01
-7.321329489196644058e-01
-4.055777394775272882e-01
2.340638819387368397e-01
4.119962393313101323e-01
6.224387699139133368e-01
-8.379668797045436435e-01
-4.761678574734140579e-01
-5.471265848309632140e-01
3.721195261920773323e-01
-9.469110323760527859e-01
2.621117792949543279e-01
7.843591611222722193e-03
7.382561743603350823e-01
3.741986232948708579e-01
9.129224324355149633e-01
-6.578783654183413265e-01
1.473003671299912831e-01
-7.997492387814884029e-01
6.995077389631190190e-01
2.820979626002844132e-01
3.791165459726482112e-01
6.037753226274995555e-01
-9.593275973291282011e-01
-3.658240932013183677e-01
9.378247724064443513e-01
-7.560543391368903521e-01
4.299697091148457773e-01
-7.372403326149994385e-01
-2.454253093369465066e-01
3.192238103854085907e-01
-2.390480849100011795e-01
1.200274168644219763e-01
-9.884113470688522529e-01
-2.898945455775177038e-01
-2.378079172919977946e-01
-8.740514886752608348e-01
1.590421988872372516e-01
9.367378951076341664e-01
-9.766444222925054763e-01
8.787638687842995733e-01
-3.045501610865974929e-01
8.878258722925602697e-02
4.741212442917979164e-01
6.450842544283583724e-01
-3.308900117676454311e-01
-6.480487909345544750e-01
-9.387216887083364991e-01
6.480398027367400005e-01
-3.541050686380065038e-02
6.642644992029336226e-01
4.898242072568104177e-01
4.222049496860051931e-01
-1.592647833149132275e-01
-9.596341285508596108e-01
1.512498234852559520e-01
6.716432739615947334e-01
-4.329002608795402551e-01
5.090843111291989409e-01
-1.294599745962923265e-01
9.581155509228393985e-01
7.234470541915172248e-03
-2.872245379814397648e-01
-5.477918715002616512e-01
5.875889083263345913e-01
-3.796793166875522818e-01
5.459383348368533895e-01
-4.127856551950936925e-01
3.536694257312305023e-01
-8.374710171786772239e-01
-3.624315785849541172e-03
-8.843188420704912733e-01
3.523296317617365947e-01
4.363414812546382304e-01
1.290285426978474703e-01
5.023983331658763429e-01
3.789549360818045276e-01
1.486227981122993924e-01
3.667042300217417949e-01
7.703536155185521928e-01
2.266025828082871563e-01
7.377087769579551146e-01
2.538619836025928223e-01
1.750909776093059200e-01
-6.649915584249275202e-01
5.219724072463476361e-01
1.232243199501792397e-01
4.164904563075835231e-01
5.514141676882540200e-01
-7.829307953072037751e-01
-4.802161886217957143e-01
4.903711555406218281e-01
-8.784260199332643015e-01
-8.470934042174831369e-01
-7.802914769834254916e-01
-7.208715447573983415e-01
6.797885629696924781e-01
-1.330546564327086401e-01
-4.659637211404366042e-01
3.749602647074872230e-01
5.678092915709866961e-01
7.472569001800679622e-01
3.556593886882304378e-01
6.927320554798843677e-01
-8.226552144420304913e-01
9.012348895182642483e-01
4.660038943069129136e-01
6.620257290727973309e-01
-7.364733515337831271e-01
-6.570209738163590441e-01
2.248767604319592550e-01
-4.543989982241205539e-01
8.957191826374193422e-01
7.761958957839816264e-01
2.433166154456960495e-01
-1.301690342678858414e-01
3.268269108509012089e-01
1.949854927949148387e-01
6.976389078814106970e-01
-5.867733356409905454e-01
5.523342679370109032e-01
-4.322978783012545456e-01
-9.509531047282386851e-01
5.836333718719921571e-02
-5.264146528572588579e-01
8.884240639045448695e-01
-6.022164845033817215e-03
-9.353824557776730941e-01
2.264288563164873480e-01
-1.030301538393876282e-01
-1.209816329383464062e-01
-8.834771002535481976e-01
-5.263266953103236112e-01
6.447982705542725235e-01
2.860865562918191163e-01
3.892586447384227544e-01
-7.448973544938419789e-01
-8.743183431261538630e-01
-1.737403048908183756e-01
-9.461214411876586183e-01
6.179026014518547161e-01
1.970682330182027542e-01
-7.769603205939439317e-01
8.765196039135947359e-01
-4.653616025020412827e-02
6.264125177640864628e-01
9.375392394468189394e-01
-2.784049144534561648e-02
1.206075143882452405e-01
5.092163075352784674e-01
-4.951239960723734512e-01
3.582696189816936272e-01
6.040888659651411086e-01
-1.289641669054328865e-01
-7.229379029594287243e-01
-9.977016146694286380e-01
-1.363897548979162710e-01
6.312544711797629660e-02
8.917188923803647249e-01
5.595884028977551328e-01
7.301968735419197554e-01
-6.778497766911066869e-01
-9.644031605815079899e-01
-7.944668942088517483e-01
-8.951862232248388729e-01
-3.640619251425514236e-02
-4.777874820675218626e-01
8.114580886716260544e-01
2.617717675421835644e-01
8.711462127880471584e-01
8.248759091274140420e-01
3.850401909617531260e-01
7.568072415790154661e-01
8.539801875222166050e-01
-6.725785063199887226e-01
1.307333816056561737e-01
3.886882046627868625e-01
-3.438460022530762661e-01
7.935050021018537070e-01
8.260779717266042432e-01
-4.287260853956551543e-01
-3.903990210487677803e-01
2.533077905149063724e-01
5.547576659127300136e-01
8.669407952901486691e-01
2.857529036642554310e-01
7.772205633927158352e-01
-1.397851458531595981e-01
2.229313901797236319e-01
-6.607434665683338260e-01
9.192248783582233074e-01
1.183492079144849995e-01
6.690006625837472409e-01
2.814174299911018640e-01
4.623653752682232998e-01
1.046172006150181133e-02
-5.091777774254602207e-01
3.490059160738410160e-01
-8.401903045550715987e-01
-5.285268433127485732e-01
-9.588706491984337887e-01
4.068838275060495668e-01
-4.073655134431641844e-01
1.392085433119767401e-01
-4.291992361877923212e-01
8.735243466842328441e-01
-4.060713366356623055e-01
5.420079235739496681e-01
-4.156443447900910471e-01
1.980928674352031571e-01
9.053582986401071953e-01
8.582720162349695148e-01
-3.605052220017912479e-01
7.683595869552828361e-02
-9.163952199933766973e-01
3.745279463062893832e-01
1.739200907080957759e-01
5.313043010343529993e-01
-8.898888336310530889e-01
-9.657064700970026117e-01
1.404996258778254958e-01
5.549966530458514402e-01
-4.517857286411384177e-01
-3.755109241079015447e-01
3.045067537642398570e-02
-6.152653900795725939e-01
-4.564763848866832952e-01
-4.483725043164739077e-01
-4.136426680712352866e-01
-5.974869566955636202e-01
7.217701431476071239e-01
2.346724464111302755e-01
4.241381213229411529e-02
