-1.785054139859558742e-01
-1.869237702715890181e-01
-2.632328053360233899e-01
2.124339277349383825e-02
-1.957899489474037025e-01
9.484978755598807987e-02
1.581443052079631317e-01
-1.186158730432010644e-01
-4.724056657272847071e-01
-1.583129676573197531e-01
-4.301443955778762041e-01
-1.255481867521254236e-01
1.444054712430950516e-01
-1.347596210046258236e-01
-1.708704941054557391e-01
-2.643606036863992981e-01
-2.023939571704077844e-01
-8.977842193386237346e-02
1.024620979816930622e-01
1.373205390494010025e-01
-2.102087742026920170e-01
-4.545043448378466300e-02
1.302069063975368479e-01
-1.268635864565539340e-01
-1.234263428049892086e-02
-3.466725845336453560e-01
1.192731879467026773e-01
2.386043578732207071e-01
9.269015752096125549e-02
7.618239825312235480e-02
6.469425557802313542e-02
1.432755817511771612e-01
-2.640192078687159105e-02
-3.605805846549812732e-01
1.339963637034452537e-02
-1.045987030184439559e-01
1.630346135276599384e-01
-1.140069254720011971e-01
-3.312574121557559925e-01
2.049164897501309368e-01
-2.840926827569820734e-01
2.333985959030879798e-01
-2.393576804977247396e-01
8.456892915467946470e-02
-3.190732921201473449e-01
9.868572855717558379e-02
-5.361365575357737723e-02
1.547173872412641038e-02
-4.484805115320553703e-01
1.351843527084203023e-01
6.827648761165594493e-02
8.515724520891146399e-02
2.117040283906246045e-01
-7.218138030414161799e-02
6.891637298999281347e-02
-3.692817801643093478e-01
-1.414719508387622671e-02
3.280352178600310920e-01
-5.502820250932069501e-02
-3.092280095426495901e-02
-3.354430302947051246e-01
-1.302556879366802145e-01
4.924276523065647393e-02
1.564978354887888168e-01
-3.919542050570945513e-02
-4.442355524195049643e-01
-2.432273337264297675e-01
1.181517255824260371e-01
-2.840976837880090367e-01
2.277536802649360315e-03
2.237777892909201261e-02
-5.004579208782279354e-01
4.430946369674141350e-01
-1.813427042495655006e-01
2.702420584849312135e-01
-7.821579388614399719e-02
-1.883131656326839098e-02
-5.534754212553892883e-01
-1.478283660094892316e-02
-3.602452270578505589e-01
2.883717249742332456e-01
3.162477036719684165e-01
2.551484641228778383e-01
6.559541990503606201e-02
5.777139848192955895e-01
2.029361565716360227e-01
-3.439131521365138555e-01
-1.873585509263022419e-01
-2.676013593739383079e-01
-3.185761625939607655e-01
2.124009974296779402e-01
-7.395970788639986970e-02
1.398468951157255113e-01
6.048290186387368650e-02
8.161681430586154029e-03
-1.029430645088309781e-01
-2.236363370126770445e-01
-3.525938058129488573e-01
7.576585144054068244e-02
-2.076500441034491717e-01
1.850033225420653904e-02
1.610499549361295302e-01
-5.318146864469656954e-02
-1.791519674962893660e-01
3.552253878512645624e-02
2.457827372988387049e-01
1.847444592716753764e-01
-8.114494231932303792e-02
-1.934490904406302447e-02
-5.628917718169546003e-02
1.201449195145873616e-01
2.443783418540966534e-01
2.401626416682369203e-01
1.103370064047415333e-01
-1.067929307886276435e-01
1.712267981232894198e-01
-3.398739959875174410e-01
8.216265393804089712e-02
-5.287825921055870626e-02
-3.250956766437818057e-02
1.758622976173206121e-01
-2.236182861683771173e-01
-3.277557318089978633e-01
1.193326575486448604e-01
-1.417045710222392674e-01
-1.699091430458887775e-01
-3.330962858074301702e-01
-1.674842723128101007e-01
3.241219342355927679e-01
1.803622487617503600e-01
3.253598658167020097e-01
1.749438555969023701e-01
2.032805151179587766e-01
3.349915319635107247e-01
3.516149967467305237e-02
1.839304405682262999e-01
-1.303314619344420056e-01
1.378256107213289838e-01
-1.744073246889597528e-01
-1.513675992814432769e-01
-2.426478394503230607e-01
-1.410407618574186783e-01
-1.856544958629362252e-02
1.931616910382631391e-01
9.747899073632881883e-02
2.597905759201837306e-01
5.354089053055140213e-02
-1.816471038116707903e-01
-3.606431727179056079e-02
2.943243776616997764e-01
9.737596250669350306e-02
3.119505846595566068e-03
3.069022728946687595e-01
-2.744256400819845565e-01
-1.828980921883051614e-01
-2.353674196186995304e-01
2.001869845555581118e-01
5.577919842482466084e-01
-3.463504800590321009e-02
-2.764292779670700639e-01
1.401430923594780276e-01
-1.424571095280621758e-02
-3.803202113375650506e-01
-1.159286281110652461e-01
3.304193459302861013e-01
-2.910078566957270685e-02
2.775095216473488779e-01
-1.815675870787062940e-01
-3.663708496325359665e-01
-1.648278543307468147e-01
7.985045445173467871e-02
-2.581946567461258502e-01
1.574774780244508066e-01
3.185038512539933309e-01
-2.884764735698163718e-01
4.139605462620949972e-01
-1.883893518076152906e-01
2.946901298649385326e-01
1.772976037919453962e-01
1.314581083250042637e-01
4.442774590076752073e-02
4.200059835342115355e-02
-7.793535889654992777e-02
2.204905787838508102e-01
1.791240746567679398e-01
-1.258313264609769444e-01
-1.209139770044221074e-01
-4.470358485970582496e-01
-1.840314823093681385e-01
4.522392811437531690e-01
1.461224562936703220e-01
-2.993770607252863591e-01
-2.852468075199510178e-03
-1.092614677265858203e-01
-1.754105513058248356e-01
-3.437267474781914856e-01
-2.265226277005724098e-01
-3.586803223644899341e-02
-1.332984117949457537e-01
2.686735654896789671e-01
3.282056625995126709e-01
3.243832777255906130e-01
2.404990541911275481e-02
1.231333588167664861e-01
6.688531530341337850e-03
-1.025015946837229408e-02
-2.936270004901536668e-01
1.258688198546841219e-01
-2.748986622122790990e-01
-1.743238985562527155e-01
1.659757486879296362e-01
2.764851018445056985e-01
-1.012640706397501256e-01
-1.894071000395423643e-01
3.907310599989585187e-01
-3.056298577490352275e-01
3.140983833257878222e-01
7.916169894687349884e-02
3.363512724497487449e-02
-2.314780561005218562e-01
-9.027336490000958946e-02
4.541268329096528888e-02
2.366017779392929066e-01
-1.943164478031273457e-01
3.830557994475621841e-01
1.698812409496066600e-01
1.403581155902262900e-02
1.397336147277681295e-01
-4.031273404653062942e-02
-2.609317802213155235e-01
-2.996379841614476014e-01
-3.168024024014892692e-03
-2.713538066872010490e-01
6.979757447760088773e-01
4.934554874231546207e-02
-1.452712968168382024e-02
-5.402547735500790038e-02
2.313700890639648899e-01
-2.917930160240341797e-01
4.501255685890758751e-01
-1.246572600198075642e-01
-8.372820745613969440e-03
-6.430630673233435346e-02
1.905903190297633110e-01
-1.849555767047598998e-01
-4.525824453388979651e-02
-4.683418787773620529e-01
-1.215875208014495779e-01
3.107222016913249729e-01
1.171159147019543711e-01
-2.883176477512566782e-01
-5.170214612945144284e-01
-6.242700242698791258e-02
1.613520976740186463e-01
-7.549835330168080949e-02
-2.453815158163994425e-01
-1.637102672397685310e-01
-1.413535280124807170e-01
1.415909946769106087e-01
5.773853853394791957e-02
-6.299150118006181798e-02
-1.617556280783664091e-01
2.405837531780562477e-01
5.333823939790577340e-02
5.179256999614871571e-02
