2.575041326089272387e-01
-9.489333433460568623e-02
-5.104868985228585565e-01
2.620150276922676991e-01
-6.586811517078020040e-02
5.195924103133828797e-01
5.828455606111229148e-01
2.183748177346288011e-01
-1.007336341910376742e-01
-3.710973346198220835e-01
-6.191920639502208612e-01
1.912538083605047901e-01
4.010793570454951329e-01
-8.372692628544638194e-02
8.099539951063822185e-02
-6.113121835664268033e-01
-1.991334525920390175e-01
-1.509414105792155070e-01
1.429626171733455187e-01
3.651218543643928172e-01
-3.834450195004877604e-01
2.289165884951253338e-01
2.730684245665871424e-01
-3.770764857066062348e-01
-2.711770816692994357e-01
-5.590751027922307159e-01
-8.855616485424894213e-02
1.544718434532369455e-01
8.389226240489611186e-02
-4.950007285272176732e-03
-3.371919252533420175e-01
5.010207839039431121e-01
-2.034269249619607145e-01
-2.992703556005915644e-01
-2.555799222483302047e-01
-6.743998650486758561e-02
7.384019798769630993e-02
3.070176621642233261e-01
-5.340483489350897894e-01
-8.464717834413834630e-02
-2.857507063640865042e-01
5.489796420257371246e-01
-5.300708554624931068e-01
2.334614515895653414e-02
-1.341359004706962378e-02
4.102282981528400652e-01
9.250810749570398395e-02
3.977927926966212668e-01
-3.913596594491363101e-01
1.736351481400885688e-01
1.248805393494995253e-01
3.111175717478767977e-01
-2.140238030026531124e-02
4.009500270883709638e-01
4.276656857360492392e-01
-6.430084114129664963e-01
-1.587025958325847808e-01
4.467209793019604747e-01
-4.950583830440505873e-01
3.108965258978608759e-01
-4.654078302662709721e-01
-2.009978383985594752e-01
3.556699137099705171e-02
7.137371485034336993e-02
5.233382617124038294e-02
-4.585668378386604793e-01
-2.290152653555948270e-01
3.997398933002299648e-03
-4.830794227228867310e-01
1.891897661148051468e-01
6.438233331414335847e-01
-6.625705445954612749e-01
5.781852797827811141e-01
-2.920323064769853594e-01
1.755228995764876176e-01
1.524845768607709373e-01
3.752233213497049857e-01
-2.985118534753387620e-01
-2.991183190394239300e-01
-5.812445740271896533e-01
4.760772228414325569e-01
-2.468240828494855724e-02
3.387759756366429675e-01
3.599303461071657328e-01
6.290733300304025555e-01
3.563220299094901206e-02
-6.133708696460627996e-01
-2.375582938256793064e-01
1.647130249561124526e-01
-3.255301652507278654e-01
4.823210838158242808e-01
-6.836037730608959806e-02
5.027274517463831138e-01
-1.172713040332776756e-02
-7.229389957171426795e-02
-4.571524825667758751e-01
1.423095011650945818e-01
-5.061870963171830606e-01
2.052387302102937072e-01
-9.266238374613328110e-02
1.012333093037330323e-01
-3.788858364814176038e-01
-2.232942459223021068e-03
-3.804614561423130814e-01
1.575241533142981154e-01
4.724943864053066100e-01
2.770372778275830006e-02
1.971258159928794551e-01
2.057861076684259771e-01
1.851092992146869676e-01
4.588806506845159450e-01
5.249736382743186436e-01
3.187382919252221281e-01
4.634262109673882302e-01
6.024852176179318342e-02
1.322716827663276695e-01
-3.183488320148010198e-01
3.207998088080364907e-01
3.472977586161333785e-01
1.361225383150179435e-01
3.270460999253070877e-01
-3.930492102952153344e-01
-3.587865108996918240e-01
5.678187111033965173e-02
-4.755390216120558011e-01
-4.264804952140960337e-01
-5.469269355373302943e-01
-3.156029648128516607e-01
5.475747571864248986e-01
4.768881603234645383e-04
-3.171780031782651110e-01
3.631423159229720810e-01
3.695644221764049497e-01
4.478804633587384898e-01
1.154401152990233714e-01
2.645081418888571845e-01
-3.196463894450101151e-01
4.747681940974769477e-01
1.842183189488766915e-01
1.916005567245692431e-01
-5.007198303413058493e-01
-4.688029848433102886e-01
-5.421103479256051544e-02
1.216543439631249252e-02
4.920405474790943701e-01
2.456263896753541620e-01
1.962917309961166312e-01
-3.176153195308498711e-01
2.588275380870720399e-01
3.029744665317319896e-01
3.701579839860116294e-01
-3.676945047392043420e-01
4.405322197709792831e-01
-1.358207564227001674e-01
-4.288541576573394187e-01
-7.456734204556055012e-02
-1.525632276169433810e-01
6.007900112755453215e-01
-1.101407071944300424e-02
-3.561495840118491518e-01
2.420633300353725037e-01
-1.113173547714542133e-01
-2.923187437104160513e-01
-3.251960253149142055e-01
1.910014527516427918e-02
3.644039798840740252e-01
2.949397676787690603e-01
6.446541239257194689e-02
-3.468813013507791032e-01
-4.725960394498157635e-02
-5.033551942064000417e-02
-5.914133963335412858e-01
3.137316742669150615e-01
2.063224831601575826e-01
-4.259789793614975340e-01
5.169001554722099101e-01
-1.220415801053461313e-01
2.782310509652381469e-01
5.489479936796373138e-01
-2.854286480048265906e-01
-5.339966634059352402e-02
2.644608558865287895e-01
-1.440096410739430954e-01
5.495376675298044855e-01
4.939311201264410256e-01
-1.394259384982586281e-01
-4.160846778842954841e-01
-7.097353847261274051e-01
1.031862644569278009e-01
1.491388565378282648e-02
4.787460816136248631e-01
1.480858205334067701e-01
5.063278047534425230e-01
-3.528085712671664709e-01
-4.743523497355198737e-01
-5.848980671332559833e-01
-4.942743618242568804e-01
-8.182020639047351412e-03
-2.555881500480781665e-01
5.608646552947984532e-01
1.243307716701069765e-01
5.302885332236353388e-01
2.873177804884617936e-01
1.120408658230704901e-01
2.245656136342088494e-01
3.153842681476121124e-01
-3.264722277546865392e-01
5.803648957369429012e-02
8.612480325430056649e-02
-3.249245136296894931e-01
2.338985503126352061e-01
3.918264635440267263e-01
-1.828876188078911724e-01
-2.762176104196663040e-01
2.502802583833019789e-01
1.540349666146340057e-01
5.505155214946066966e-01
2.387773591710719845e-01
3.125717420310709649e-01
-2.440925634179713921e-01
3.899304890650038269e-01
-1.930069169001874529e-01
5.598469200919233835e-01
-4.647158214956617628e-02
5.434694729814475433e-01
1.876756312397938053e-01
2.052969410543866724e-01
1.657241538817793014e-01
-1.159336536087364755e-01
1.874104038406204931e-01
-6.212323677285380708e-01
-3.700911301228113626e-01
-4.057343177449909133e-01
3.988432898509939317e-01
-2.433751105578307872e-02
-9.225725599202569405e-02
-2.342886533013560091e-01
2.100783090081776439e-01
-3.673550615041275003e-01
2.584349764373237157e-01
-2.618560167595671562e-01
1.699489917721809795e-01
3.102090465388931406e-01
6.890505841641960671e-01
-1.795348685700341729e-01
1.874167108021758676e-01
-6.744223568422205162e-01
2.102101793468153512e-01
2.743260747909803121e-01
2.706343060641686615e-01
-4.422085496199863464e-01
-5.137666213708860230e-01
1.322716554356831720e-01
3.192306770868122978e-01
-4.559255563825794777e-01
-2.285470606840029062e-01
-5.105437211849339629e-02
-1.627839478833931208e-01
-1.446169988937094364e-01
2.865760330568241018e-02
-1.734227154611691635e-01
-2.208260194060633619e-01
3.574415822972282775e-01
2.426991990692810575e-01
2.447298475596411116e-01
