2.383751028422179674e-01
-1.441459714686779414e-01
-5.850289091759026672e-01
2.500028364244309964e-01
-8.886569610136207942e-02
4.564363470500108488e-01
5.129012041989359227e-01
1.232609810559975871e-01
-1.208360923762725608e-01
-3.187091553503248464e-01
-6.161464476210639640e-01
1.964893122641900580e-01
3.875633473198071277e-01
2.386006594181993429e-02
8.241238076498574872e-02
-3.786467506213086476e-01
-3.178098834906520898e-01
-1.188727575748695781e-03
1.371426121132191256e-01
3.750219199305797058e-01
-3.993219539600527668e-01
-5.975922129738481248e-02
2.208640837679350377e-01
-4.193822247216633103e-01
-3.316296108734796411e-01
-5.704823424054558112e-01
-1.349045808398148250e-01
1.677272440306000478e-01
6.149141176776866391e-02
3.640111302293547180e-02
-6.213036524566337704e-01
4.976717284306095834e-01
-2.673128503948693502e-01
-2.745675211920380332e-01
-3.865942701116268365e-01
-6.204655015523804357e-02
1.938012002633087427e-01
3.840020720668082532e-01
-4.943724366285122129e-01
-1.028353454445928711e-01
-3.859125959266827555e-01
3.709302230125855471e-01
-4.938699613019071899e-01
1.480803700614353319e-02
7.262977556870436890e-02
3.739721643687829999e-01
1.536505106360224471e-01
4.583293204571090018e-01
-3.411163074415728413e-01
8.846790121086549330e-02
-1.292532407619605972e-01
2.450053518673208641e-01
1.722509178641926375e-01
3.836557302063019481e-01
3.456678170576857889e-01
-6.953543681001386201e-01
-9.610113996966597461e-02
4.409524023761418055e-01
-4.452801088084829551e-01
3.166179431874613925e-01
-3.293343369792255948e-01
-1.547575051425398307e-02
-1.367957592608068373e-01
6.815543011151493219e-03
4.461961101439124860e-03
-4.309246714921421972e-01
-2.594244531093186090e-01
-6.761614762306725548e-03
-5.076157818453764792e-01
4.136243674459391118e-01
5.338373030312333345e-01
-6.557235242990044899e-01
4.720986528652878489e-01
-1.712705535180835126e-01
6.962066428482538427e-02
1.610662415385588353e-01
2.999483747304867443e-01
-3.655402437056650689e-01
-4.110203104142925445e-01
-5.335916219234912994e-01
4.318967787581914353e-01
4.515006828245916176e-02
3.165774789481164975e-01
3.602235814666802094e-01
4.120929040651483688e-01
-3.406260259099779669e-02
-5.952610383045402465e-01
-1.631536796165290737e-01
1.354182765650248366e-01
-2.193545822875506146e-01
5.377775029239655336e-01
-9.623421192885960040e-02
4.022878908497300454e-01
-2.442836223606874302e-01
-6.331252269334014526e-02
-4.348389509827643162e-01
1.542276182179077582e-01
-4.238458730425229692e-01
1.479044594221049225e-01
-2.024548401014885368e-01
1.642795622193452543e-01
-4.414805019922763418e-01
-2.677438947552278001e-02
-4.246931008596445123e-01
1.077222128928455314e-01
4.802323771570460309e-01
6.422609449837424211e-02
2.067984164794643975e-01
1.039512467018563480e-01
1.381654890243419198e-01
1.967818241186914952e-01
5.028133009369168960e-01
2.987895516455000844e-01
4.429405768270830990e-01
-1.967803940851114985e-02
6.582664677476919579e-02
-4.066125108497192775e-01
2.798638029214219891e-01
1.374083480833547255e-01
1.844340999211497023e-01
3.504065012366031073e-01
-3.045246181814288411e-01
-3.658917936719631170e-01
4.180565334067621458e-03
-5.050276153972838022e-01
-5.826367140327761707e-01
-5.096181040265048701e-01
-3.204765572354179026e-01
5.311598598976746688e-01
-8.811254670696683222e-02
-2.916920734000517657e-01
2.972143945597950920e-01
3.575931571893466998e-01
3.264835488678785591e-01
2.285349298523349781e-01
3.254248360265161732e-01
-3.924226109953701247e-01
6.124041843352050485e-01
3.186147320403405758e-01
8.725666492592917822e-02
-4.488844173672963400e-01
-4.680010561732950158e-01
-1.237969466051269951e-01
6.025516683076087565e-02
4.301464922429981685e-01
3.103517136756223094e-01
1.371378283247197127e-01
-3.843090899266518035e-01
2.253972230503196172e-01
1.125846009629284938e-01
4.074801797529625791e-01
-3.852167992309502020e-01
3.852734816349578373e-01
-1.241412246790155743e-01
-3.481009015868760104e-01
-1.108714668198404474e-01
-1.612979703961308076e-01
5.332058454008552495e-01
3.770991218577225690e-02
-3.352349888957989466e-01
2.764824642229989360e-01
-1.250602381603985458e-01
-3.546251285892015326e-01
-3.929359146707731565e-01
1.484455787225965120e-02
3.322313474615133932e-01
3.489991128011178945e-01
8.179360740062628643e-02
-3.382632917071710654e-01
-2.971670653803163420e-01
-1.342527057422453762e-01
-5.804403361533790884e-01
2.893456901084458521e-01
2.067095707819497918e-01
-4.636880110655051124e-01
5.717132630950847449e-01
-8.760897167403844388e-02
3.637944383263679859e-01
6.228327766396549725e-01
-1.382298239460196532e-01
4.321024111881656415e-02
2.533329887551228898e-01
-1.324617374198143183e-01
3.884836147412546459e-01
5.728830417876800141e-01
-1.223541194611728194e-01
-5.506249369105589153e-01
-6.781715903810072721e-01
4.931502188051525848e-02
6.470428616728245153e-02
5.157580917715844926e-01
4.906320411873265619e-01
5.621267975603158051e-01
-4.205882154572041509e-01
-3.911510435494277571e-01
-5.153753638527822645e-01
-3.046116397669006437e-01
-2.012859176590066357e-02
-1.741775038083192007e-01
6.353586726966446996e-01
2.332639873212747350e-01
4.867847217272213700e-01
3.016950518696723260e-01
9.043198840630368995e-02
1.800220630349879669e-01
2.941245021514647950e-01
-3.475018367486060189e-01
-8.063670869546760156e-02
1.730492211723663049e-02
-3.070728898058999734e-01
3.024581177583676728e-01
4.214150817561661544e-01
-1.868801660997944092e-01
-2.476785748644612928e-01
2.735372847735842994e-01
2.682457556334995608e-01
5.468589060797319767e-01
3.291540318249814856e-01
2.877650827988985638e-01
-2.426455216963750439e-01
1.151546124427501594e-01
-2.742232723484187562e-01
4.255242429631455048e-01
-2.629347426493962303e-02
5.175151882853898933e-01
1.780112384909725565e-01
2.569108721997950817e-01
1.891355744809405937e-01
-3.048475834709030718e-01
7.545494865731790235e-02
-2.720134019079832322e-01
-3.020132460805879937e-01
-4.412185744783980179e-01
3.788530261860369452e-01
1.767197154269974091e-01
-3.609004166961095328e-02
-2.257321224781625446e-01
3.242467561059241277e-01
-3.970923249808729905e-01
5.456784656618749452e-01
-2.688039443609139267e-01
1.271629960535264892e-01
4.039009351665640013e-01
7.610163888245655706e-01
-1.842970013034936350e-01
-4.498658215419617384e-02
-6.724246668532407600e-01
2.187725204830568981e-01
2.329454485371425521e-01
1.142600861797999218e-01
-5.388647866344344894e-01
-6.153760387670573762e-01
1.229122406870849643e-01
3.140051424280615455e-01
-2.929060128501525528e-01
-2.122509503457895019e-01
-1.065841138757917944e-01
-2.765210350445997944e-01
-1.402387359332048500e-01
1.286023640430553061e-02
-2.131721745946102975e-01
-2.373429097972070689e-01
3.756694106911970810e-01
3.747699638966343061e-01
1.150851672369593293e-01
