2.197642320453607745e-02
-1.677593481912793005e-01
-5.651281610288254598e-01
2.174880561935367829e-01
-6.125435880389892840e-02
4.528130567357823155e-01
4.921301208819281459e-01
1.358811149343378544e-01
-1.408535838849166166e-01
-3.577715617636423318e-01
-6.080596816335566146e-01
2.029171289931813726e-01
2.042043367834486256e-01
2.259387511567453877e-02
1.126550731481938544e-01
-3.366260358509250983e-01
-2.352283625602544781e-01
4.548911678767648958e-02
1.788184831391743668e-01
3.610100242159413053e-01
-4.190911228137361721e-01
1.926022350556484408e-01
1.857120101633650822e-01
-4.755546211131084777e-01
-2.767394823664932613e-01
-5.213947509433416450e-01
-1.053543354956817946e-03
2.763877217358248761e-01
-1.768449014144952702e-01
1.014593116182114230e-01
-3.596042839694136295e-01
3.897894728538329190e-01
-2.800685763103246684e-01
-2.928415700006877787e-01
-3.543502390714903250e-01
8.568631892135897266e-02
2.434359803579814463e-01
2.423704790082434057e-01
-5.433797693520436844e-01
-9.111880135099217903e-02
-3.379831152556575513e-01
2.962448712618861446e-01
-4.578709345161353084e-01
-6.900156093349298081e-02
2.327416302808846954e-02
3.617224994747997857e-01
2.417716552195227353e-02
5.342133704588873933e-01
-2.996361187831702022e-01
1.196079791230696826e-02
-3.130970120111444821e-01
2.587603235717187977e-01
2.073601025820285271e-01
3.225184429903942274e-01
3.410084920519543816e-01
-7.451089272737978497e-01
-1.062745205510164243e-01
4.733789050051331326e-01
-3.797119538127984306e-01
2.184153754047194196e-01
-3.815995219857532539e-01
-2.236749690025919279e-01
-6.660529146062819927e-02
-5.551655719747923545e-02
4.569091937334555931e-02
-4.723319027381197577e-01
-2.306126714431068203e-01
-6.790785901524785950e-02
-5.775266016788616064e-01
4.068529433560631459e-01
4.532765713839804755e-01
-6.460453023567105379e-01
3.394862558140714914e-01
-6.511518166853218215e-02
6.920419004794009510e-03
1.857304754606152741e-01
3.166906139856241476e-01
-3.482436301779081034e-01
-3.221488421883496600e-01
-4.660083096120689050e-01
3.664645323581882663e-01
5.960540952136657300e-02
3.449230971176502347e-01
3.657760785538649584e-01
4.760423942967309530e-01
-1.167334141037191103e-01
-6.368392234356240467e-01
-8.565616504233214412e-02
1.407766893782414763e-01
-1.691630738275930745e-01
5.836005463825999495e-01
-1.370764105140365174e-01
3.900564816450383110e-01
8.850561952590482728e-02
-1.069851006494794143e-01
-3.444943086414388178e-01
7.149235427105765650e-02
-3.547896686924147391e-01
2.899275887139216579e-01
-3.708499420527542889e-01
2.311127377238459124e-01
-3.660108959154009800e-01
-6.542988801338078808e-02
-4.096688250701188139e-01
1.109857793319172781e-01
4.017795390294682800e-01
7.999513098034891079e-02
3.406738105079210044e-01
1.971198548719694521e-01
5.612001551315837222e-02
1.311963592647041599e-01
5.977196611785606795e-01
2.427308317274655680e-01
4.140132024399449939e-01
-4.512936694100875418e-02
7.720703686691574030e-03
-4.653503617774858436e-01
3.180066137978681540e-01
7.362878966371898259e-02
7.976256530692543700e-02
3.664028426536362071e-01
-6.262049958217112966e-01
-3.865245467663375178e-01
5.165929765502279281e-02
-4.511040990896242331e-01
-3.520414080042362226e-01
-4.777238211408826873e-01
-3.195043150054326375e-01
5.073394794429828547e-01
-2.862136591814445352e-01
-2.889288776542868753e-01
2.337268560222489078e-01
3.399836364115382814e-01
4.205925800449674123e-01
2.808971321391470211e-01
4.053986130411219024e-01
-3.992264067634699876e-01
5.020929769211880389e-01
2.697122436753743857e-01
4.644647334203211297e-02
-4.707540552983841553e-01
-3.645827412732701167e-01
2.068427370427467216e-01
-2.202219402704921891e-02
3.891547254184889448e-01
4.457466281766112592e-01
2.067444016495226244e-02
-2.716466736142797433e-01
1.635115692630295103e-01
2.460649789869638615e-01
3.781930905994381753e-01
-3.838911112583840435e-01
3.775685485862981805e-01
-1.450460585537499403e-01
-3.939803279802467362e-01
-1.425199942067136849e-01
-1.685347082337603775e-01
4.630143064381224138e-01
1.717076589874396708e-01
-4.479762491193064466e-01
2.393348221411534249e-01
1.768627524579082649e-02
-3.614008904666471400e-01
-3.900986245898986904e-01
-6.154609655685097658e-02
3.106398609965801416e-01
4.004079421435376984e-01
1.181451060816272325e-01
-3.289556072990284519e-01
-3.062339591070641909e-01
-1.936618115665184048e-01
-6.891896073423771085e-01
4.446320415829305706e-01
2.675891075863555124e-01
-4.615016934787336544e-01
6.362574310858333249e-01
-5.817686182762058650e-02
3.282213796017872109e-01
5.070407801805469905e-01
-9.086463269975664225e-02
5.881733106922683307e-02
4.067843536834945817e-01
-1.280503765812035510e-01
2.482934463179861106e-01
5.526447093312828462e-01
-2.146992292901284405e-01
-5.305725656939001000e-01
-6.247402304814488883e-01
-5.386633286667437404e-02
1.635599810283089595e-01
5.397965358091940669e-01
3.880171078171415489e-01
5.128509437128697668e-01
-3.831533727652807753e-01
-4.634545885160951673e-01
-4.796135771209350529e-01
-3.452279953016369474e-01
-2.490346461937273381e-01
-3.072881058853083047e-01
3.659631035128165788e-01
3.581631362871965374e-01
5.085976637632352304e-01
3.126734033324246043e-01
7.619156245279082307e-02
2.533447090734661789e-01
3.349149887868274611e-01
-4.130239464990357878e-01
5.886545685835578579e-02
1.907283008947642522e-02
-2.985389157138454985e-01
3.497638102467187649e-01
4.906591198682407340e-01
-2.455626871390155230e-01
-1.909615096991263139e-01
2.902964433540624611e-01
2.911179292044616673e-01
5.581339416630425321e-01
2.955722457411104065e-01
3.039179994933965956e-01
-1.847716509984470290e-01
1.988667518751670860e-01
-4.553023372151667747e-01
4.286930590680672615e-01
-4.263926470137065911e-03
4.859555295212510395e-01
1.935246302376784633e-01
3.088179640920221125e-01
1.677229635353806037e-01
-3.487619148946877190e-01
1.616250940206673814e-01
-4.519370553000686686e-01
-3.941831603920362692e-01
-5.308884795621761077e-01
3.490676229310976098e-01
-2.030966946140014828e-01
-2.033322777198351416e-03
-2.186638746488654417e-01
4.012375422590977458e-01
-4.621658679797332470e-01
3.230528372839792106e-01
-2.984238881186391801e-01
1.305684575399429226e-01
4.747547838305244405e-01
4.990912828175749771e-01
-2.138582534883319286e-01
-1.601753914123545119e-01
-6.549284630353766623e-01
3.041441261836739240e-01
1.783582485504469073e-01
2.057883022057520883e-01
-5.456905843340582596e-01
-6.355075064494944970e-01
1.086753730022900766e-01
2.011714367855825247e-01
-2.681254940143247278e-01
-1.887394661023379661e-01
-4.629565863182763530e-02
-4.016838625480594338e-01
-1.348976015019388575e-01
1.715082215965804679e-01
-2.694887120466794572e-01
-2.718305847964490041e-01
3.832084840256120839e-01
4.270806056840978360e-01
9.851559097909390328e-02
