6.038071738785620590e-02
-4.006225405341584667e-01
-5.511138698617475962e-01
1.537908915715862079e-01
-1.829859442176699491e-01
5.819484785273461025e-01
5.598430175581439183e-01
1.609852017603505270e-01
-2.099083866508122398e-01
-3.223154930488545400e-01
-6.610032564216729023e-01
1.509615060487029814e-01
3.681064942561464437e-01
-8.893270150415001629e-03
4.989539064770956434e-02
-3.882824534346621115e-01
-2.607027439410907754e-01
8.841855155864732085e-02
1.530224385284508493e-01
3.736413100274731947e-01
-3.383269951455569191e-01
4.362391252070686454e-01
2.630910294208884670e-01
-4.693063586406945875e-01
-2.445434325093786554e-01
-6.153311444363693816e-01
1.179461682338384804e-01
6.655020227819270773e-02
8.141967044598519276e-02
1.307552653517203844e-01
-5.386348797506967934e-01
5.047892824243537246e-01
-2.651247206128795608e-01
-3.304809920946461532e-01
-3.713643717383023346e-01
-4.417156987802449419e-03
6.796202017023733610e-02
2.597310892639994595e-01
-4.877173105659185492e-01
-5.526556630245761659e-02
-4.549948387624437318e-01
3.584817469948206603e-01
-5.130043245788196149e-01
6.322767634468429154e-02
-8.036338700349029973e-02
4.283620308125442588e-01
1.251696240378166736e-02
4.920748855056534810e-01
-3.926819552356840548e-01
1.264098778072137719e-01
-2.112610658172680567e-01
2.970379434668939944e-01
2.502809046812475291e-01
3.127629742530282364e-01
4.146111739232294369e-01
-7.520767099468306238e-01
-1.375853259502110015e-01
5.252679559801729514e-01
-4.510931101880819583e-01
2.941613389224417840e-01
-3.955976653192243009e-01
-4.867628292169876580e-01
5.008297894882397794e-02
-1.536709194641244780e-04
1.207317195668491938e-02
-4.958300445889836094e-01
-3.041187393733630895e-01
3.751928926479014548e-02
-4.791018808750147628e-01
1.872625571140113521e-01
4.428130383483009358e-01
-7.207427788370304178e-01
5.540289154868831556e-01
-2.051788251445441635e-01
3.247610701764806485e-01
1.432472144393750202e-01
3.055461722885710607e-01
-3.989888035035551450e-01
-3.148990543868637193e-01
-5.255306109141898441e-01
3.725396160101817067e-01
1.240444783244993576e-01
3.364075084085658141e-01
3.525880571257116181e-01
5.041614428803689041e-01
4.412577876588375664e-02
-4.019897183441011879e-01
-3.038791841805311700e-01
7.743182735547893270e-02
-3.131612826401995453e-01
4.580517425634568762e-01
-9.014255712459573466e-02
4.065567131056736505e-01
6.759712561673436593e-02
-7.930864796095279945e-02
-1.147943833165597782e-01
1.917582574484892888e-01
-4.363745779184082796e-01
2.530360332422879610e-01
-2.801004228206658286e-01
2.082161486822211582e-01
-3.475760865212187412e-01
2.935740951519966516e-02
-4.778258642143574098e-01
1.784961086218930515e-01
4.606694010782563797e-01
8.038779927948606907e-02
1.717524524397500696e-01
1.882436105992343345e-01
1.703184434602560970e-01
2.055078746774997578e-01
5.180150470836970555e-01
3.070410027960170929e-01
4.307233239801171454e-01
-1.085850886681398453e-01
1.009867996370011900e-01
-4.330267448007505404e-01
3.606965849036344873e-01
5.845316930329297334e-02
2.773864494442412898e-01
3.614938025203700001e-01
-4.314181570452892966e-01
-4.748519194408350463e-01
6.775319921951777902e-02
-4.417359744510420683e-01
-3.335627720979846833e-01
-4.862386138967137450e-01
-3.610924127960221108e-01
5.956852276986677186e-01
-1.441859930097653120e-01
-1.334645716999910137e-01
2.736975737157451016e-01
3.597420341786059517e-01
4.586590188572929327e-01
1.674951417931016540e-01
3.642016767110157760e-01
-4.138492139002882264e-01
5.115977718916315808e-01
1.611873640843680400e-01
1.788001756673845422e-01
-4.928574260251151751e-01
-5.113525621839214441e-01
-5.198479613964579471e-03
-1.830336956201973619e-02
5.191787929300355486e-01
4.189283801682344155e-01
1.290281430281376152e-01
-2.823089758739781852e-01
1.383875667011041644e-01
2.591976037868812255e-01
4.216474810131741746e-01
-2.869884112509511476e-01
4.163731988908924153e-01
-1.797193825810701195e-01
-3.950150379042954851e-01
-1.172536096851514720e-01
-7.616427988674871752e-02
5.710451764038749767e-01
5.317439498012489080e-03
-4.672334020781408470e-01
2.381363190019070153e-01
-5.683609617832332400e-02
-3.338484023470106310e-01
-4.061278871803859492e-01
-2.192049929125981789e-01
2.765808900284514316e-01
3.472103232341694490e-01
5.591560509422660585e-02
-5.448654883975512231e-01
-4.053759980321149925e-01
-3.241047117162284552e-01
-5.154886658911379538e-01
4.538714538534603382e-01
3.001985706189498337e-01
-4.157596382821849845e-01
6.386125069094732432e-01
-9.886659108434336929e-02
3.275045825645298003e-01
4.781041801019553783e-01
-9.928205476554788356e-02
3.078921730207771768e-02
-2.372525677880482631e-02
-1.043223044763738616e-01
3.443444501771948385e-01
4.955259400276632586e-01
-7.203095186484925749e-02
-5.001601587224014933e-01
-7.137833250594354251e-01
-1.012587232680951244e-01
1.291287891199789095e-01
5.476873456723582168e-01
1.222721237387082993e-01
4.101595187471361315e-01
-4.438716187113321276e-01
-3.241172167076620814e-01
-4.375476021983463193e-01
-5.482195130256128923e-01
-4.146567555250602749e-02
-3.268136965536047045e-01
3.763366276811636046e-01
2.179088554299312142e-01
4.866761395269820767e-01
3.323548282320867853e-01
1.219488842082261659e-01
2.541024154742529961e-01
2.975502959089653676e-01
-3.830526999891233908e-01
4.954237618783147168e-02
1.007450576539035969e-02
-2.013707199283322757e-01
1.188008230764518447e-01
4.713783690057760101e-01
-3.011068156209335545e-01
-3.338064715008705607e-01
3.304106542757281328e-01
2.014676172208386684e-01
5.653784541226153371e-01
2.607904529770225799e-01
3.007473740747169111e-01
-2.421397913914484223e-01
1.699605016299438609e-01
-1.656624789982514001e-01
5.298147726366797539e-01
-5.928362075152536492e-02
5.472400136380333180e-01
2.434385705582025050e-01
2.296664398121530115e-01
1.505347196942724564e-01
-3.158718289360230580e-01
2.202902345056278466e-01
-5.049662829976002687e-01
-2.860402773876677407e-01
-5.837311405470606562e-01
4.224421344201894080e-01
-1.794968125216119814e-01
5.580435487134585704e-02
-2.156430237237506597e-01
3.244304427971810845e-01
-4.692600130036324035e-01
3.589521930955200668e-01
-2.330796583006847222e-01
5.506130367951452692e-02
2.379212801269353084e-01
4.194223987974979861e-01
-1.511874196837837137e-01
-9.760765013392760925e-02
-6.370850508501429976e-01
1.893085140051924964e-01
2.816846611295216185e-01
1.687629084794860235e-01
-5.467480289462506304e-01
-6.918269027096684010e-01
5.156415107092451877e-02
3.334605343468338146e-01
-2.782442186179250321e-01
-2.420187686470936239e-01
-1.132743531693485572e-01
-3.638904787974947541e-01
-1.701767113211301585e-01
-1.233971542153789180e-01
-1.490120512152722787e-01
-2.494571609335673457e-01
3.297575409560776771e-01
3.287056425621112110e-01
1.225047078177828042e-01
