-1.159907441053792398e-01
-5.202387020191732159e-01
7.217964674740429132e-02
2.089222400329882601e-01
-2.295163344678203821e-01
-6.979795910024204630e-01
9.744758020106627505e-01
4.021340160650430651e-01
3.230320684956374255e-01
5.040692429500903682e-01
1.324889046173778340e+00
-1.538418715481201793e-01
-6.757006006884445082e-01
-6.806043099086946935e-01
-6.731225486714362827e-01
5.927352747144682965e-01
-1.039290530888419495e+00
-8.484942451803756391e-03
6.161249873908591912e-03
-1.082205144237090799e+00
7.615456660106509901e-01
-3.032869654316550090e-02
7.461781357082262200e-01
-1.591023386731604261e-01
-2.689202808880195583e-01
-8.838074311420132112e-01
-2.245697046236307948e-01
-8.589368798580858666e-01
-1.063027212838165037e+00
-5.981074603885938590e-01
2.843577462330007521e-01
-1.362465732899601267e+00
-2.007760802617226115e-01
1.177215320168347734e-01
-2.827437902087998056e-01
-9.376821068893081979e-02
4.635947460525589037e-01
5.970990340433213195e-01
-4.417791353024148604e-01
-1.666505788170262181e-01
-8.826163458733987666e-02
7.921403706599543515e-01
2.928600660215709417e-01
5.370007526895796968e-01
2.257806325241800138e-01
-3.373996656401737626e-01
-3.307839848541088146e-01
5.219530501468405692e-02
-7.671010041422257064e-01
-4.820266793022769947e-01
-1.745130253741735693e-01
5.508385233282991900e-02
-7.489182228750455028e-01
-8.969769638049336358e-01
2.843359903316260984e-01
-2.923202179420825164e-03
6.433450606806481176e-01
-8.005853839262706551e-01
-9.121471515030482591e-01
-1.801018230345308169e-02
4.286146865369403480e-01
7.981929904145916854e-01
4.593521746384183202e-01
8.677290970806439407e-02
2.857304201023214141e-02
-1.431020411695994032e-01
3.964474233526872338e-01
7.538855266774402430e-01
3.013108742733008327e-01
-3.873456224683080595e-02
9.598755086527579472e-01
9.291492154884706256e-01
6.089924363151595355e-01
-8.369380405367770059e-01
4.621074416033543741e-03
1.621708999302464149e-01
8.833924849547436509e-01
-1.607698258865161600e+00
-2.713492397426718883e-01
4.153080770515774622e-01
5.488520694802155875e-01
4.202442685945644296e-01
7.679007689778151180e-01
-2.881453868424510567e-01
-6.041964404534380106e-01
9.309385870929781648e-02
-9.338262418282989863e-01
3.465284036056012207e-01
5.332980275102243706e-01
3.667533618425584674e-01
1.671176026503879974e-01
1.531709969438408425e-01
-1.065925657907018653e-01
-1.685418144934884843e-01
3.255747074845973810e-01
-8.750251577240131251e-02
3.023322163729670331e-01
-5.945245020438949535e-01
3.622939827147244052e-01
3.830312720379475677e-01
-6.796673601390121888e-01
-4.792790094141386459e-01
6.537638434998103154e-01
8.738167205316339503e-01
2.075774752031353532e-01
1.593262822976211912e-01
9.275822323885722920e-01
-5.427193875121893996e-01
-6.112929541505311981e-01
9.119929946264455634e-01
2.127284760514609463e-01
-3.636888902078707630e-01
2.364657699373664546e-01
1.205947184561963481e-01
-9.781079972143078560e-01
1.186023130427347638e+00
9.999369608726844660e-01
-1.196199069300096784e-02
9.828640168558584467e-01
3.980995858026487033e-01
1.125603704461909160e+00
-4.911545051173854537e-01
-2.404071123836526991e-01
6.402182630611300551e-01
5.273523557288052332e-01
-4.836070673149577281e-01
-9.492242663439451889e-01
-3.467866270680970975e-01
-1.037800563282053612e-01
-1.447266735746812749e-01
1.300051519463061522e+00
-2.622317744159787800e-01
-8.059117768080016342e-01
1.986605468558397258e-01
1.219629599515947405e+00
-1.217300545087447450e+00
9.606872599214875130e-01
7.444950925289297583e-01
-6.186399788474483685e-02
-1.157005477685136841e-01
1.569546705894885874e-01
-5.800196985444581177e-01
4.507320174732654117e-01
-9.655610757173278547e-01
8.910010772547169999e-01
-5.922125748951432289e-01
6.867505359038784674e-01
5.187621120913827877e-01
1.411414805337685152e-02
7.674329428571913247e-01
1.337506311354567767e+00
9.752215324558755061e-02
-4.033536410596114674e-01
-3.204513106411731593e-01
6.064199190177760324e-02
9.913640065106796850e-01
-9.657252547901526984e-01
6.142269170258289890e-01
-5.856846231403457503e-01
4.743822594752670208e-01
2.859781498917528531e-01
-4.615007703946085726e-01
1.988237012190461339e-01
-4.448994718997950071e-01
1.235638517206548714e-01
-3.945826332845929763e-01
-1.983088689242936686e-01
-2.437778329041258019e-01
-4.390095333357578733e-01
-8.988068352766989122e-01
-1.435408363940375298e-01
-8.394276099606872155e-01
6.230184432817189588e-01
-5.552022255353299407e-01
8.026123592427369946e-02
-4.185899994608612840e-01
-3.080906085144286544e-01
-1.287478038536303604e+00
2.220370732330332331e-01
1.450291009931969355e-01
-3.337124205807268096e-02
-3.187179040296874710e-01
-1.593147878947036578e-01
8.554506748437060715e-01
-1.106418472270551012e+00
-5.644922021597342798e-01
9.305862370939931294e-01
-4.748613698568948105e-01
7.943371661213556312e-01
-5.529147783754667644e-01
-1.688376163615688874e+00
1.221320077673796467e-01
-1.500562777571215367e+00
1.304537646182460486e+00
7.488447189362656964e-02
1.084421675030963428e+00
7.541715766856306180e-01
4.128790521310909956e-01
4.198303716202611557e-01
4.562416939566986684e-01
5.810413833843433018e-01
1.221390645858573265e+00
-1.386863953009945583e+00
-9.457167107190949107e-01
2.744197862060047122e-01
-7.325684267341965317e-01
7.783985640697688169e-01
8.801391810043166508e-01
3.798302181024122426e-01
3.972769634078388012e-01
-8.935342922597159232e-01
-1.776342879605231628e-01
7.712934674672931035e-01
2.118172373358549798e+00
-3.828583318913838518e-01
-7.409632755807231685e-01
-1.241512368142616562e+00
8.351713703808472111e-01
-4.557297497702408329e-01
4.534301437126708745e-01
1.186394753676448532e+00
2.816570917986820355e-01
1.673465195835233121e-01
4.505798820025607165e-01
-2.273906491750013470e-01
-9.343151055373093428e-01
4.309388200828661031e-01
8.701431561154504557e-01
1.169626348077458466e+00
-5.139424309099932531e-01
-5.617320115835230387e-01
5.165585577861295796e-01
-1.306617930648922843e-01
7.118252562043771992e-01
9.080235851198907859e-01
-1.052015617228136080e+00
6.250488785886858523e-01
-1.681654896943762800e-01
1.006399394483554088e+00
2.881015707721776287e-01
-9.914831403870194571e-02
3.721311057704546621e-01
-3.382643099783446683e-01
-1.374993396561339232e+00
-6.584134102958218993e-01
-1.119961530496469182e+00
-9.773255176836148639e-01
9.424941773636381637e-01
9.957331502114139532e-01
-8.052691910558512634e-01
6.229220836310928044e-02
2.888975335744024542e-01
2.935416419873926319e-02
6.065292066713408037e-01
7.130645031141240597e-01
-9.652371316642613941e-01
2.976105946463952767e-01
-9.219509299764627741e-02
2.252429552028953896e-01
3.369473336852298329e-01
-1.015181390699679609e+00
-1.379487176437299567e-02
7.797189262113066732e-01
1.606198024484315479e-01
2.855129684126785916e-01
