1.675720537895339923e-01
1.188004063362395613e-01
-5.231961812428365111e-01
2.873635508015399687e-01
2.844350179296030179e-01
8.128278442051524166e-01
5.628062322409461693e-01
-1.197861536062793109e-01
7.595803337645732345e-01
-6.884322692418961553e-01
9.068957796080900913e-01
-6.078455850127983950e-02
5.210021126082806653e-01
-3.228398322659480346e-01
2.397693429798319897e-01
2.176753399608239992e-01
-3.695693861363560373e-01
3.498450916183897252e-01
-5.449159134788716941e-03
3.842871486594409136e-01
9.143926291791055760e-01
-5.354797384882892253e-02
-6.839981510605459558e-01
-5.534405735011400651e-01
-5.649141066727190186e-01
-5.777489764208549872e-01
6.571742576554489013e-01
2.473080990621399078e-01
-2.066189520770149723e-01
-6.390921578117709778e-01
-1.862320816304927629e-01
6.139739503069479021e-01
4.167038702007606066e-01
5.423189397735102002e-01
-3.661162559641706338e-01
-1.199278230622211616e-01
-3.289977071347465198e-01
3.118850858491604150e-01
2.024100785147897597e-01
7.140609851802319774e-01
2.775810474097351044e-01
7.811938536830997926e-02
5.356341191993130302e-02
-7.986545751819142946e-01
-5.972378698215472514e-01
-1.826733940879956553e-01
4.386968392953785045e-01
-3.223874608917953744e-01
4.343175813218922432e-01
9.156514065568878147e-01
-3.291917679480047543e-01
-4.342905227112936473e-01
-1.713708217635596665e-01
8.794021617292051562e-01
-4.564323441941964266e-01
-5.399263698439124015e-01
-8.747658381884446666e-01
-6.052513883517525173e-01
4.461862543977459516e-01
-1.969435547008793197e-01
-1.555447025628660107e-01
-8.562923700503566327e-01
-5.091474317520905402e-01
-6.571406865836681988e-01
-5.986385866428893809e-01
7.190042577269617485e-01
6.608594957554869698e-01
-5.270336314069177241e-01
4.926895670023643259e-01
8.218705427283672371e-01
-1.866449860511822934e-01
-6.416086193117953584e-01
-9.715069389906774155e-01
6.443481007408600192e-01
5.617203958049217238e-01
-4.596022167353897014e-01
-3.768016086887964189e-01
4.733821585576216684e-01
-2.970915518852417225e-01
-5.951390679880630419e-01
-6.829614325539955511e-01
-1.136859661771512986e+00
7.555892551463938567e-02
5.430711373169061496e-02
-6.357891661330945521e-01
3.155853211640433642e-01
-1.359584031305866469e+00
6.948474874676979773e-01
-1.360126028562604894e-01
-8.141972059873818779e-01
-1.791833226859838035e-01
-3.827015631527994621e-01
9.999729122427694072e-01
9.140887385324258929e-02
-5.338755495785962868e-01
-6.417226040291996725e-01
1.228896558934096106e-01
2.080600403689012445e-01
-8.253381638289767341e-01
-5.226022277199802168e-01
3.799082330727281409e-01
2.348874242174354698e-01
-2.874591644875554852e-01
-5.258192947316713273e-01
2.273760625679179803e-01
4.080943329606623315e-01
-3.571288926485758353e-01
-8.037146317862160494e-01
8.136682006885689322e-01
-8.088305600997878209e-01
9.168285014790098497e-01
2.374993618321548094e-01
-9.671929650283563884e-01
2.688200914670977326e-01
6.163102320246827137e-01
4.989189383269181377e-01
1.540148894857393813e-01
-8.978838144124308140e-01
1.540818972404596199e-01
1.890655968640051476e-01
8.692460588857713333e-01
-8.344324584901239295e-01
4.663062377010476212e-01
5.072173064998859449e-01
-6.321397793466909665e-02
-2.738832147462080258e-01
3.410197130985626046e-01
1.717595219311636168e-01
9.800122063529101979e-01
-7.362730344989749653e-01
-6.746170795388410912e-01
-1.602293990873189244e-01
-3.662605379080898782e-01
3.531159685188560715e-01
-3.219015178990822790e-01
-2.461694987283742364e-01
-8.237977496525112908e-01
8.127828609126552806e-02
3.590613610692858781e-01
-1.201037717424888740e-01
8.810535371852057374e-01
-8.559132468372800950e-01
-6.780798155577678621e-01
1.159172192212805097e-01
-6.124527030593520660e-01
-2.510650153360205472e-02
-2.694845388303166445e-01
9.144721582703967400e-01
-6.971764738402841388e-01
-5.057573721765349362e-01
7.228847151066244425e-01
5.680390781185653548e-01
3.619946847886856833e-01
-6.326548562888190119e-01
-4.971538131426793683e-01
-8.399443800466397381e-01
9.466290066591969143e-01
-1.235091188170847065e-01
-9.119445757593804824e-01
9.364679868003715768e-01
-1.299561108871292170e-01
-4.479100851392390226e-01
-6.087777893266490548e-01
-9.470869807924331418e-01
-1.260673408690602404e-01
-1.071439034038219607e+00
-6.395498381249256070e-01
2.040713591818896777e-01
3.799292636021536218e-01
4.818951537675080221e-01
-9.044756613670539291e-01
-3.568563447360262320e-01
2.092475727184641698e-01
-5.379070451529157637e-01
3.959481654481173951e-01
-5.703839125652594433e-01
2.959933455716137196e-01
-5.203882514769730960e-01
-8.403900234191525875e-01
-9.384500724651443360e-01
-3.427569497434308499e-01
2.042957158612013213e-01
7.409971193229425435e-01
-5.601302836720711831e-02
5.837554073923241216e-01
5.815942255276662642e-02
-9.420772523057007186e-01
-2.634294537151951054e-01
6.438284284536728297e-01
6.804913777427412658e-01
-1.204272248175208837e-02
4.276396525117420744e-02
-2.285995245115002295e-02
-9.209719004303893453e-01
9.959829737708627562e-01
1.009954738950795683e-01
-5.864853689411826387e-01
3.989484662790072633e-01
8.459820176387311541e-02
7.532191313117773124e-01
-8.090458376575393462e-01
9.300076778877526262e-01
-2.754117955847430466e-01
-8.688095583461146187e-01
6.882059561853814955e-02
3.713713081913363467e-01
1.285888229884912803e-01
-2.180031568279943155e-01
-6.765548785328279191e-01
2.653828098687682768e-02
-5.803500675313554291e-01
-7.695285017161777041e-01
1.334573534163152608e-01
4.168268912724968356e-01
3.971809538333237466e-01
7.206915420883022172e-01
-4.361382661214152634e-02
3.926163578984425140e-01
4.314218166033374491e-01
-4.455541419426778393e-01
4.301691817703714449e-01
-9.864941607553114888e-01
-2.393587132121629546e-01
2.229038852788431946e-01
-1.338618956216199862e-01
-3.630971717973716650e-01
-3.249037019264764403e-01
-8.785903059005606419e-01
-7.396137069118182694e-01
9.418477280274917263e-02
6.971739845483204689e-02
5.252290984467071766e-01
-3.259345290181125954e-01
-4.622659550414076612e-01
-6.494811826540198840e-01
-5.290530110246383089e-03
-1.475949869133668102e-01
5.093612706403571888e-01
1.180540573172683683e-01
1.844005844147995621e-01
-9.009099849206256838e-01
8.950858972569983862e-01
-1.052075522380748751e-01
5.368180783862690486e-01
5.356070201890934523e-01
-5.795207070156872531e-01
6.017339854528360732e-01
5.649512199910211585e-02
5.896513240633010078e-01
3.596726186760235144e-01
-5.382081660812745305e-01
-7.863599151923091890e-01
3.022038325107856416e-01
7.423038783858260103e-02
-7.852331761352338013e-01
7.290983038002341043e-02
3.762331822297828587e-01
6.714305488399066046e-01
-3.619697462029713986e-01
-1.089734457493278796e-01
6.829722054728979419e-01
-5.717358190891466130e-01
-2.717130436487016354e-01
-4.181457261921583957e-01
5.696002584427932725e-01
