6.737474169840396154e-02
6.300794506824685115e-01
6.110192857365746022e-01
-2.970483778626750726e-01
1.253138323700107581e-01
-3.894970023858882469e-01
7.123079626135004894e-01
-7.524246411452431005e-01
9.845117981631688053e-01
-3.728452147749772294e-01
-5.727160597550359222e-01
-9.231206297013800910e-01
-7.738307707878873121e-01
-5.680157601179784965e-01
2.035766595811031032e-01
2.579938564344487206e-01
-9.247780822977522686e-01
4.116056628506654103e-01
7.162777338323867982e-01
5.172127716838019751e-01
-4.918970042186059932e-01
-1.281504036371017285e-02
6.141163101454565343e-01
-4.160665042117631662e-01
4.892283064251690128e-02
2.723567695490808349e-02
-7.322322380592954927e-02
-3.272588984541278667e-01
1.124162093742198110e+00
-1.076427796878174581e+00
1.330197343233557206e+00
-5.032631583055355851e-01
-8.687200057950283938e-01
-6.396798674751420499e-01
3.281670147306430252e-01
7.177988374201962340e-01
1.808011267923095300e-01
-5.323077013586408057e-02
2.846130437663284551e-01
-1.939867908363565041e-01
7.980423488570556056e-01
6.644306531928976245e-01
2.643542031791460967e-01
1.286354340662460016e-02
-3.815844812625506233e-01
1.367188747961634032e-01
2.613949782651552312e-01
7.417872479542414466e-02
5.179524167448000815e-01
1.335971693928910131e-01
7.131327851047875033e-01
-1.413780313433341984e+00
6.964632362897325013e-01
-1.074108446503058367e+00
7.087943473405424744e-01
-4.042897046098612446e-01
1.326191839365147951e+00
1.001715872992771317e+00
-7.192946693800981173e-01
4.506561397523682344e-01
-8.973994749352509626e-02
-9.035299710801636408e-01
9.253209164223248351e-01
-6.554683162491227177e-01
-8.163934639898637879e-01
-6.364510219542782732e-01
-3.868350323723213635e-01
-4.709272040638219359e-01
-1.138695873424566685e-01
-3.860192466019508051e-01
-1.429604300795509042e+00
3.645662323597332888e-01
-8.311309331047711524e-01
-5.735490124984086169e-01
3.892883180849063818e-01
-6.563363856466053470e-01
2.506683682822836712e-01
1.557750979241167011e-01
-1.477810778588274365e+00
-3.208802152123994555e-01
-2.624639175344226638e-01
-5.036102783498284108e-01
-5.077038808915645962e-01
-8.488096393426519670e-01
1.164709126568838737e+00
-6.382853279357793008e-01
-9.553557618067101131e-01
1.894166312481306291e-01
2.677410640394427555e-01
-8.151630101877012091e-01
-3.738206694725255130e-01
5.649526577557765217e-01
-3.230584125502207749e-01
2.829319922039275070e-01
6.149162618812964443e-01
7.677222158191179258e-01
1.160193694236736350e+00
-6.431427209180138327e-01
5.099529354190392993e-01
-1.708739124942945109e-01
-1.155250779107192205e+00
-5.974106295707435343e-01
7.120840106394594748e-01
7.332810251280790226e-01
-6.041288426029671754e-01
-1.829423426814426601e-01
8.016549440990274888e-01
5.784721543902653362e-01
-4.546464207891868781e-01
-2.883818840646227288e-01
-2.767744189867348825e-01
-5.255484111582290341e-01
-7.102960724724525221e-01
1.940841965818914661e-01
-3.156195537338711832e-01
1.055448243738700054e+00
-9.840666423328570112e-01
1.104990824971296082e+00
8.028856808700735037e-02
-1.032123831200171704e+00
7.731185886686391395e-01
-1.075621210431818575e+00
7.384872598458854798e-01
9.741432031680945514e-01
-2.120383610400795038e-01
-6.107593021243669096e-01
-1.184462972508010470e+00
6.673928084809331862e-01
-5.048953005468747035e-01
-7.526413705141243859e-01
5.088133723098376970e-01
-9.293252059122945052e-01
-1.381139224487851980e+00
2.077149255469303291e-01
2.586368698352311535e-01
-2.015287750244880716e-01
4.445951631130810600e-01
-1.626695235847615550e-01
-3.254842580455378220e-01
-5.472058887312702957e-01
-6.500984784891918888e-01
-4.164058615789270612e-01
-1.296284691915437826e+00
6.426498619899938536e-01
-8.303115811366257315e-01
-8.730985026774686908e-01
-3.950239182713126684e-01
2.054576160921842698e-01
4.806927491679680031e-02
-1.232404524185046757e-01
-2.128056759099420936e-01
-3.903770914541661030e-01
-8.283640012302777578e-01
-4.148648527350796145e-01
-2.958845160323975154e-02
-2.452929361959746979e-01
1.369584802106543764e-01
-1.019717632532740836e+00
1.098025020691670295e-01
1.026467236369241087e+00
-5.458329897233726857e-02
4.334460657576159615e-01
5.694333695123988681e-01
-1.406531418240868803e+00
-4.056415897493087508e-01
1.156848831437205405e+00
-1.598454919704160204e+00
-7.654431846198193057e-01
-1.430478916921080312e+00
2.789016510769649626e-01
-8.871537738025315756e-01
-1.441938278334907175e-01
-2.552668370942665077e-01
-2.516964841027256594e-01
-1.287145176708312189e+00
4.767813697265924078e-01
3.026610125373671578e-01
4.437806470725640384e-01
6.669896915059744247e-01
3.146080456848754370e-01
-1.276875509476803394e+00
-1.014647626949314096e+00
-2.159986265628588420e-02
1.363089528320271082e+00
-8.235625626790734621e-01
-4.398492455907598853e-02
-1.318671810393652888e-01
-3.630341337664197976e-01
1.577663309774310463e+00
-2.045000133861207825e-01
1.865582576075144883e-01
-7.564783220558193300e-01
-1.968684218207341630e-01
-8.531075998648675052e-01
4.942961474964339130e-01
-1.108294068096700613e+00
1.221742225935774084e-01
6.094600772561287183e-01
-4.995679063720839252e-01
-8.843712268391290543e-01
1.352436275049758940e+00
-3.486256388333418554e-01
-7.865052924995612482e-01
4.486089127781126007e-01
2.874628069017425847e-01
8.656086169243824013e-01
7.205908391743454100e-02
2.534966002902605542e-02
6.128314382863384591e-01
4.700743803173026425e-01
-1.576686260746657631e+00
9.567454819019892698e-01
9.644981959444451913e-01
6.273376459926403026e-01
4.283990610322870318e-01
-4.413303560347933696e-01
-2.334832047064508975e-01
5.558713848677155900e-01
-3.503858601096199177e-01
7.448751660247991957e-01
1.893417800062528134e+00
-6.842122900817854125e-02
3.787546510317885140e-01
8.899216147350110795e-01
-6.754871011057811403e-01
-1.287174440408449527e+00
-3.153270970191381917e-01
2.193016243908296192e-01
-2.912032455171396084e-01
-1.203015763149805073e-01
1.565938792917216604e+00
-1.436271672562220658e+00
6.933139032244206579e-01
1.061879736027937726e+00
9.958903362867006503e-01
-4.138501176922413372e-01
-7.463318930417933705e-01
3.559872876637160122e-01
1.021077171839082975e+00
-9.017125296658390354e-01
-3.230568862339126546e-01
-9.899399045391601426e-01
-1.863197247183104310e-01
9.898075574129038268e-01
5.305961909765204432e-01
2.636034850314614708e-01
-1.204916778763385654e+00
-1.705951107053981786e-01
-1.666445740102979189e-01
7.864520084543775713e-01
-2.937981023926915514e-01
6.153246447088752680e-01
2.390885388403795608e-01
-5.701409512214339337e-02
1.594436713191583754e-01
-1.296060008591698454e-02
-5.796902658725661128e-02
-1.186964745192363058e+00
1.115562402690530863e+00
6.711447165060746567e-01
-2.829866114373302821e-05
-1.870477167997362855e+00
1.828804180217337705e-01
8.729423501236310834e-02
9.602267419650560853e-01
