-1.045268797319509169e+00
-5.175521290848513756e-01
1.669959401537663535e+00
-4.292198602813934727e-01
2.309912207591351407e-01
3.475032108877737502e-01
2.295355811502442223e-01
7.283196076715565681e-01
-7.024708381368571786e-01
-2.914186288615255860e-01
-3.428213018849496363e-01
2.423610749087672100e-01
1.315169613964176087e-01
-1.409955348929508467e+00
-9.166684344960263076e-01
-1.172421139316305538e+00
1.401001505168945060e-01
1.151329419936805154e-01
-1.045882815236797159e-01
-1.390185543280234026e-02
9.860201210906097691e-01
-1.158324841113806958e+00
-5.140065178524682032e-01
-4.237374661863193004e-01
-6.242667277830962203e-01
-1.087422255203645438e+00
6.814572466117028160e-01
-6.544570172881378767e-01
-9.297264149086131857e-02
2.494955642037077204e-01
-7.882465705089485297e-01
-4.765377719910074417e-01
3.449932223118595820e-01
-1.353987703177559787e+00
-2.186923971510836839e-01
-4.805274717536474061e-01
1.546814132410500253e+00
-4.926226784247421386e-02
-8.532430420882372024e-01
-1.582744503665099778e+00
1.140957857420755950e+00
-1.413929105447802925e+00
-9.852114973883409066e-01
8.391587774327174953e-02
-3.067785287550004458e-01
-3.239698236544169552e-01
-5.061024973070125110e-01
7.695446748253373936e-01
-1.611147638838430929e+00
-4.773545414905096540e-01
-1.377751903277123491e-01
5.826253576032757175e-01
-2.576208711915255467e-01
2.781937824448099672e-02
1.038619465288744825e-01
-2.683064601520672166e-01
1.902891958193690392e-01
1.955253311613300848e-01
1.188670151153078669e-01
-2.002951369010766425e-01
-3.417938249405749751e-02
2.631588411036189790e-01
4.222747519828113916e-01
-7.761679904876216396e-01
-2.207884776973574048e-01
-1.538238796958813825e+00
-5.112121641636631075e-01
3.449439770210433465e-01
-3.787110290644947197e-01
-1.856239872082825482e-01
2.821968556422625451e-01
-1.545014273523181991e+00
6.539367442733704516e-01
-4.397212948209319183e-01
1.073147968329850821e+00
1.073738856787779028e+00
3.500939890613453120e-01
-3.929748734339314487e-01
-8.277708570780275554e-01
-2.474853062619321586e-01
-5.300144589017035113e-01
2.363945254672482899e-01
1.089430606769208776e+00
-3.542944216626546794e-01
1.019238357939012407e-01
8.112619718640208255e-01
-9.815817687800860725e-01
-8.561963572842264947e-01
4.390705852138649945e-01
-1.170624971968003525e+00
-6.034895406095470705e-01
6.512096893014670540e-01
8.743185435885322265e-01
7.274792430952645717e-01
1.462592757155827261e+00
4.849972699018739175e-01
-1.615828774649480937e-01
-5.010621040444748209e-01
1.441446095245171755e+00
-6.620020264298585033e-01
2.011671471722817017e+00
-3.494741940211569808e-01
1.366873615610746606e+00
-4.744204470216254466e-01
-8.891176577197077435e-01
-3.958958024562688194e-01
1.128025266378873459e+00
-8.254805277529454477e-01
1.075469106089927962e+00
-1.059286789062407586e+00
4.317453239245611085e-01
4.047335584494788918e-01
-8.381029929842973569e-01
-6.650567232982365073e-01
-2.600778168491996722e-01
9.375012531553452710e-01
-9.371778131054853134e-01
-6.217859482796437298e-01
-7.244821474109672810e-01
2.014661550737095741e-02
3.610478739748527732e-01
5.251778423166820753e-01
1.295383764356559109e-01
-1.209540681085298219e-01
3.795785039301186048e-01
1.264961705759278576e+00
6.460395959069960004e-01
-3.310112133896157549e-01
-4.878937029411383186e-01
-4.437605667569095580e-01
-3.399305422058502280e-01
1.499193822154708977e+00
-6.061865400507859825e-02
5.405826975240216603e-01
1.343905573840086909e+00
-1.012730101861984533e+00
6.549125783044260629e-01
-1.946427352475709749e-01
-1.379280379719623140e+00
-5.382154453184092580e-01
-2.800688930632217466e-01
7.195415352855505375e-02
7.815163946206389323e-01
-1.299290003358825718e+00
1.398699988661833205e+00
1.237547046416131558e+00
-1.052170838373347683e+00
-3.300950664714110139e-01
-7.392005837454881378e-01
-1.202180525110034148e+00
6.987949471080365793e-01
2.956529781867585083e-01
1.121342997064279867e+00
-4.672714752834729590e-01
5.939775384681706960e-01
-3.131677342286108279e-01
-6.119497084304796886e-01
1.473241689284901401e+00
4.777292664179298431e-01
-7.700362414442193382e-01
-2.175584752821274059e-01
-8.185227930035070543e-01
-4.646762431717659791e-01
-9.456449233332364646e-01
7.738813610284057676e-01
-4.648103563594118137e-01
-1.397852243491161550e+00
-1.626048369653116388e-01
9.551469737812162686e-01
2.882837351175383533e-01
-7.017557854234840464e-02
-5.802899041020730397e-01
-4.969467481314160384e-02
-2.361020694890154648e-01
2.756788257557064581e-01
-1.078918720836935741e+00
4.971354588981914402e-01
4.709157530336767206e-01
-6.151214312742083745e-01
-4.966428003885771658e-01
5.085159145770529188e-01
2.035823590657696025e-01
5.252307963357844001e-02
4.728575233863285820e-02
-8.197079725027529851e-02
-3.190235994891308380e-01
-4.351344837107988806e-01
8.326312411399396929e-01
1.266528293521602677e+00
-5.476780463546045974e-01
1.191765311360575147e-01
-4.584397905746211421e-01
-2.157490207176432362e-02
-6.520010480901479166e-01
-7.766354586592761899e-01
1.705812857785671932e+00
-3.047271572976872345e-01
3.347593267006735429e-01
1.275416420362065484e+00
-1.555562800708740478e-01
7.860091761361082119e-01
1.194531313731565181e+00
-3.098041802323053817e-01
7.308098646189248315e-02
-3.046155380742223140e-01
-9.746567804414121294e-01
-3.601330272057410853e-01
-2.831126101462377309e-01
2.188832330235264134e-01
1.431362098637857461e+00
-1.691414542637506901e+00
-1.046860120077975020e+00
1.353584855914130580e+00
1.248227363405407520e+00
2.826906106578290223e-01
-8.435881942765494079e-01
1.682001824682018420e-01
-4.841443270333340987e-01
4.742229216641151157e-01
6.863479830675098814e-01
-3.173835197156798515e-01
-4.303207285667051685e-01
7.386610097960016885e-01
6.651342296291677947e-01
-1.418222919130862403e+00
-1.930166947644815223e-01
1.891224794101886930e+00
7.281852637422242536e-01
-5.145847847724935864e-01
7.253204863111225587e-01
-7.182739364288976969e-01
2.511308094691678816e-01
-5.537916003291685207e-01
-3.430548318958678844e-01
-8.021705932587772647e-01
8.564892073316704435e-02
1.510782220699691258e-01
-7.096366782539622609e-01
4.848041329984354997e-01
1.890188993874545031e-01
-1.342489823396195991e-01
-6.942484967224911152e-01
-3.800066757233399040e-01
-2.367049516378366691e-01
1.429987032461367047e+00
-5.515381830536167929e-01
-2.738003994109985961e-01
8.745185991469771603e-01
5.890023723671291567e-01
5.429825749749771502e-01
8.193642358246571167e-01
-1.191619460378440465e+00
4.156606572360931340e-01
-4.973348759458462998e-01
-2.071291991405759814e-01
-3.267784072459870570e-01
-4.792332561363791266e-01
-2.266515138967272747e-01
-5.445439363689713597e-01
1.414860517991133326e-01
9.886020515720927992e-02
-4.033031809633648157e-01
1.523618327219314450e+00
-7.498332509382005240e-01
3.959868328451376374e-01
