2.958133432840570620e-02
-1.267519869384196030e-01
3.584320818364153394e-02
1.139597980070368999e-01
-3.772172689326239725e-01
-4.385604551709749166e-01
-9.989498821073787838e-01
5.807485563626187952e-01
8.244681336297624563e-01
7.347465588160698724e-01
8.922603888227083058e-01
7.797595799807865991e-01
-9.612086160573570792e-01
-3.696395844790809626e-01
-8.737675572063641205e-02
1.060897294629012944e+00
3.917395941763260891e-01
3.767838661127723143e-01
7.634344150592454747e-01
-1.439656384792998567e-01
8.815847714237694532e-01
-7.238133468490528521e-01
2.785937733426245289e-01
3.181171892742517548e-01
6.501156713827584976e-01
-8.159466577668206266e-01
-6.765745824018162269e-01
1.174010279666318768e-01
1.603332312086285238e+00
4.197247368596365713e-01
5.479966470831598713e-04
7.920090932910195392e-02
-6.921958357826898389e-01
9.893850336038217952e-02
1.594417491980320234e+00
4.829153952964606589e-01
1.167778659340423131e+00
1.078102729000745885e+00
-5.588392284792762510e-01
3.592377336459266490e-01
-1.063872402024037322e+00
-4.506863465843791161e-02
-2.328556818000656614e-01
8.297706325740838995e-01
5.604078553876040703e-01
4.846256777598363374e-01
1.469435741122710137e+00
-4.115385566476256196e-01
-4.576659577847156934e-01
1.130284742631344042e+00
1.577019894595791616e+00
-3.077567145351620681e-01
-1.648689750656957109e+00
-7.514126184158569366e-01
-7.657651835184070555e-02
-1.415630588826931824e+00
-7.026408617431851855e-01
-1.881304229587130283e+00
-1.285055748468401315e+00
7.808265648679147963e-01
3.284510793724877975e-01
-5.989479110667620398e-01
3.972155952483287233e-01
-8.937702312331596843e-01
8.501453403598471237e-01
9.674694771731199294e-01
4.404108005615083310e-01
8.849414373729826977e-01
6.180572553892648147e-01
-1.164782002300787767e+00
-6.482872348683237362e-01
1.396333430727588476e-01
1.569786231507255825e-01
-2.851481261567675451e-01
-8.787119374433566277e-01
5.778026079664210224e-01
-2.347187858396365678e-02
-4.340248308744275030e-01
-7.100576742901889560e-01
1.292058374698177525e+00
-3.426786036383659695e-02
-1.325389421023426273e+00
-2.096107610389934817e-01
-9.370252979614599464e-01
-6.129642672296217176e-01
-1.433872031656928114e-01
3.168428331024569777e-02
8.741554177785038071e-01
-1.662113370033437842e+00
7.396200192587343292e-02
-5.492006513110380128e-01
-9.429968892635259836e-01
1.307440284157450172e+00
8.622376598638246126e-01
7.441216090176896447e-01
2.283612662565099316e-01
1.738229891074069278e-01
-1.229030094191096323e+00
-3.232667118803741468e-01
4.263194469974682099e-01
4.306292406049664900e-01
5.533987147714121146e-01
-4.706201411052292616e-01
6.647813086212678302e-01
1.107601425550144514e+00
-7.317221258781401172e-01
2.062955485859240268e-01
-2.002920699992340459e-01
1.114875166851576394e+00
-1.621151246070892560e+00
-1.506496740073252738e+00
8.535492943856828330e-01
-3.796643745202497033e-01
3.655679213170098252e-01
-1.754896309767816076e-01
3.621160064680771784e-01
4.037865671622180574e-01
4.158252882830739128e-01
-5.484734865628372313e-01
-1.124875433761122423e+00
-5.895248348965059781e-02
-1.807061261430741084e+00
-6.424981051721919689e-01
1.807713806159353120e-01
-6.501049277673700555e-01
-2.050556444989594662e-01
-4.611328873170170151e-01
7.209603882634927352e-01
1.051107436627262803e+00
1.904835463901496939e-02
-1.042228806724373680e+00
-8.465988418530332460e-01
-8.841006611466031284e-01
8.848264573654669451e-01
-4.864385036668417150e-01
-2.822406773693429960e-01
-9.449271292964427360e-01
4.224057938911415233e-01
-8.546896870749121078e-01
-6.993959928035393681e-01
-3.308973867711835215e-01
-7.022024786181512157e-01
7.814114947513881582e-01
-8.521484081517790576e-01
2.524168240271517649e-01
-2.063389437727378262e+00
6.099445734706945288e-01
4.897891417400751513e-02
5.529300922474766899e-01
-1.488587566889431890e-01
3.183607417394104244e-01
9.826463023680158670e-01
7.399055075886078470e-01
-8.361851328585155896e-01
-1.308414091977866178e+00
-7.348664018748294335e-01
-1.665084549896641786e+00
-8.502775572769551982e-01
1.000326413780752155e+00
-1.598086726857974593e-01
-8.500040307316634181e-01
4.754821836720507511e-01
2.153565673191149554e-01
8.138180535068904042e-01
-7.923615953769884701e-01
4.686380455582611626e-02
-9.406474330909566639e-01
-2.001264387892618957e-01
1.167543589949564531e-01
4.922553231208770530e-02
-6.768710713784698019e-01
-1.718513352248723924e-01
1.770383196908161816e+00
-7.439772447369139008e-02
7.651520572457306546e-01
1.041257190299236690e+00
3.663770226152481824e-01
-6.351254404313154689e-01
-5.940969650230285559e-01
7.198200646429970817e-01
-4.228771302284170530e-01
-7.360927741029690274e-01
-7.161198075278746300e-02
4.704948247478377699e-01
3.108588576689345073e-01
9.099935856186077698e-01
8.461684890950932347e-01
-4.099060055315522089e-01
1.146484654068892883e+00
-1.980895627242224843e-01
8.578953222433366443e-01
8.427600391563592197e-01
-5.706976304001875056e-01
-1.262814696257035241e+00
3.182948007526717471e-01
1.692094622920207847e+00
8.908187444175803549e-01
-1.449614242704313494e-01
1.213804817954805770e+00
-1.081468941554270202e+00
1.697594870710774084e-01
3.250010591183544184e-01
6.074579706268948831e-01
-9.264147167930720794e-01
1.055987569797174341e+00
1.187092648259505445e+00
-6.352851186232055802e-01
-1.239864792340628907e-01
-1.417577381045584395e-01
3.596060111169346873e-02
-5.324203559396383234e-01
-7.172386864362495507e-01
1.257056026325205744e+00
3.376744047240959334e-01
-8.304252222439594266e-01
-1.309534072874836363e+00
1.578223413141283671e-01
-4.663593245328353509e-01
2.361931828855317050e-01
-3.766523721090240806e-01
-1.024046180792814731e+00
2.962334246287545714e-01
1.613829914686907285e-01
7.609862847573232170e-01
-7.183647855665096227e-01
-2.891731643812673336e-01
2.590428019926231951e-01
1.348645599230605674e+00
5.767121605346663404e-01
-1.262623915820664688e+00
-1.321446908556119348e+00
5.253438872963832607e-01
8.484556384800745477e-02
7.586017413148893329e-01
6.951614459172411609e-02
-8.026702599727533194e-01
-1.238660119983728158e+00
-7.632890943395073124e-01
-3.704197592283023366e-01
7.970855522854347619e-02
-3.825084216662387737e-01
-5.694859744615086150e-01
1.241056216219156738e+00
1.323381703345056781e+00
1.593881897905878642e+00
3.922732196100708890e-01
1.307246783217612895e+00
-6.215094814340000884e-01
-1.007148515589225024e+00
3.673833571421654121e-01
-7.015544488969888137e-01
-2.137333272218413516e-01
4.082801142085973334e-02
1.522879496357060214e+00
1.147761878150800996e+00
-1.820658543775374172e-01
-4.057213999784675118e-01
8.926658862464083022e-01
5.761723918271488554e-02
3.734867138771086337e-01
-1.060417449430122394e+00
-6.065137089208834098e-01
6.821003182688172295e-01
6.476756849768662283e-01
-7.383633328994944067e-01
