1.263061280292231137e-01
-2.780105141468739438e-01
-7.402231545736839835e-03
-6.080313095984819505e-01
-8.976061239089350163e-01
-5.751491521509082272e-01
-3.169091468326003247e-02
-8.658403605873834508e-01
-9.807099140017435657e-01
-1.428667431586683190e-01
-5.219973363318810566e-01
-4.090828284780940738e-01
-9.966028286879518028e-01
3.415923161825246135e-01
1.487318184937904908e+00
-2.045271729681331641e-01
7.160448157195161700e-01
-9.058543545296551258e-01
-6.106019027604998595e-01
5.479846887803780930e-01
4.118748103468505284e-01
-1.839201663217194138e+00
3.344630744133161304e-01
-6.097370116955862507e-01
4.604984006372595529e-01
2.696593331410297445e+00
-2.032919212829999434e-01
7.049380385916840241e-01
7.170802826628879245e-01
1.477877890665246774e-01
9.542790717965810021e-02
-2.152838122550824185e-01
-2.355673678531496340e-01
-1.773325284355387055e-02
5.742896229037168787e-01
3.907298030970807190e-01
4.438109178553794054e-01
-4.744799020305367487e-01
1.068683000417407492e+00
2.844594426658433317e-01
-2.757529356922916453e-03
5.329042984539944516e-01
-8.090256306826938415e-01
-2.270999117585540406e-01
6.938384235585957072e-01
-1.270161840565800837e+00
-7.598274746680034886e-01
3.583672599221301436e-01
1.033329561662991836e+00
1.842585154075164211e-01
-3.690550515151946875e-01
3.725928366908859424e-02
2.771240395503873910e-01
-4.007087689076271886e-02
1.276074389697787526e+00
2.234240348140943966e-01
4.908318279987105015e-01
-3.317030465606746747e-01
-2.213432103152510044e-01
2.271719282224033687e-01
2.910744171426220550e-01
5.963107576648395414e-01
-5.728918309320231161e-01
4.913170925202973160e-01
7.153837498034396614e-01
-1.032776320688433502e+00
-2.335500912267406415e-01
8.350975710325136969e-01
-6.358569264053759440e-01
1.339803654881180250e+00
-5.206970112002431428e-01
-7.558564761886857331e-02
9.440740547324701915e-01
-3.478464050189983836e-01
4.235044760375453188e-01
1.320473947554196226e+00
4.813980124031200236e-01
-1.154905871122452327e-01
4.567546547813569613e-01
-1.028954772893619501e-01
2.448816170659866009e-01
-3.337511632068161649e-02
-7.166754775334955863e-01
-5.859712316704729362e-02
4.716196135066405004e-01
-2.055560758301180901e-02
3.661956525170031451e-01
7.603065973823621704e-01
-4.554475893866372083e-02
6.741538765871430972e-01
9.356266055444916185e-01
-1.275080621054366925e-01
5.095240830896676787e-01
-7.164184001164504156e-01
1.598162771858986919e-01
-1.237264804859715461e+00
4.083253222705162666e-01
-4.304993054265107699e-01
-8.373252475856449717e-01
5.171510493603043157e-02
-1.858595443183247431e-01
1.383017104895536420e+00
8.305332305960893002e-01
1.070173390995586615e+00
2.522772260315537807e-01
-4.386278090361203086e-01
9.353758876861143490e-01
-8.773185728209791368e-01
-1.167556165996687323e+00
-1.980332757287109335e-01
-5.618005313878558782e-02
-5.804187452925265722e-01
-1.642311095749502681e-01
-6.093140062051839445e-01
2.144752188260780623e-01
-1.100137871417922186e-01
4.312374812608722463e-01
-1.241539796279060637e+00
-1.734005858608653194e-02
9.692264122075765487e-01
-8.045677764959351386e-01
7.532644991762131870e-01
-2.411501944198731762e-01
4.074227325587104209e-01
3.627315240931797136e-01
1.237219575634537078e-01
-9.476778833419713388e-02
3.416143404341737133e-01
-1.009036137600746397e+00
1.372997650626562205e+00
-6.785960593196445068e-01
-1.053396460968294202e+00
1.063674923933459082e+00
-4.284921280601120541e-01
-7.737586562641762811e-01
7.018513936096666406e-01
5.955752411539458890e-01
-1.257490227789438197e+00
-1.771588346299213246e-01
6.284505975750549478e-01
1.810998794688303271e+00
1.250812999160343830e+00
-4.386956084136003353e-01
2.763368953465180633e-01
-2.383233966359667999e-01
8.618848131815977087e-01
9.317884476923524173e-02
2.316445779125005933e-01
-6.169105526765981118e-01
5.301031667681024295e-01
-4.586084872652832489e-01
-2.609711251536375176e-01
4.295672169770211601e-01
-6.557423566484731348e-01
1.525593135476108753e+00
-5.355359818415055262e-01
8.552366044487812458e-01
-1.048250389154567808e+00
-1.342864419125391340e-01
-3.956526769653013198e-01
8.524379579453247313e-01
6.336511961379653890e-01
-6.428482373302648600e-01
-3.367743474940287918e-02
2.964494527121551704e-01
-4.993372716181349036e-01
-7.110192121293712475e-02
3.906123823491032265e-01
2.277470776688269860e-01
-8.250723172194509569e-01
-5.711039573471974329e-01
5.185916573997653711e-02
-3.479171063346966908e-01
3.633685645034354650e-01
-1.143926115532953425e+00
-1.388678434556870789e+00
-9.472732111586106285e-01
1.145747803713364377e+00
-2.965901057126033025e-01
-3.465833403524165024e-01
-4.061043000724903207e-01
2.358623488062433493e-02
-1.750318770854226991e-01
-5.045190958658264391e-01
1.105355610985346626e+00
-6.395169576649746279e-01
1.037831899782015732e-03
1.282569578190201343e-03
-7.283595394543312951e-01
4.065248712998643099e-01
1.868586977780719027e-01
1.239463804079452558e+00
-3.786053367243827905e-01
5.664596742878780233e-02
-4.752784948120008512e-01
4.908957226142147690e-01
4.691119983248170922e-03
9.971893213820509638e-02
-4.788603956466325196e-01
-8.648501304409795809e-01
-1.943165145498919610e-01
-5.856574145675575993e-01
2.434083615967380654e-02
5.648358521233481921e-01
-6.298302943576808977e-01
4.610941270654860258e-01
-4.778162233706398920e-01
-1.156296085363602177e+00
-5.893095944408924813e-01
3.667929077851443398e-01
-6.685591505195744855e-01
-1.094388112991606876e+00
7.439978627058958516e-01
3.168838379944080019e-01
1.082736864070025923e-01
-6.688684018046109347e-02
-1.898839591820512818e-01
6.396002812559031803e-01
8.862465597153004193e-01
-3.550658346421901590e-01
2.373749970973637047e-01
-5.492125450190854519e-01
5.293485055298382536e-01
9.163545055512307691e-01
9.713326096044446745e-01
-1.197250422697724304e+00
5.959880990231976039e-01
5.264600889356979563e-01
2.692760185841021059e-01
-7.187985321672185623e-01
-7.698813611771705423e-01
1.008298209078957619e+00
3.327217558217230309e-01
-1.013834899283348356e+00
1.000029706511304184e+00
-1.279300300753916542e+00
-6.623042157379850359e-01
-6.198016882712542586e-02
1.789664477867673131e+00
4.653096465317088648e-01
6.968336069972920210e-01
-1.467365349415541420e+00
-1.174031040807783227e-01
-6.948599532441743221e-02
-1.508896448728162420e+00
-7.709813542026657807e-01
6.419738124479681396e-01
-4.961337768254449609e-01
1.240936364049566309e-01
-6.235067468705413063e-01
-9.699167708700067170e-01
1.121829548751871686e+00
4.149199823150309108e-01
7.958295432071075259e-01
-7.235998540101064025e-01
-2.813462587843856277e-01
1.585782193386243266e+00
1.480513951147354845e+00
9.783327897256415273e-01
4.295596758865272147e-02
1.794033427216442655e-01
-1.624381196578648101e+00
4.704312055560871952e-01
-1.085030369394117011e+00
1.881088969577277559e-01
