9.093498085830602484e-01
-5.126128263841506216e-01
-3.524184943898954758e-01
-8.506702146824403066e-01
8.685756766379650884e-01
1.098695111314542228e+00
-3.425182865188333703e-02
1.676322932943452138e+00
-3.858649420933590868e-01
1.488858355272169032e-01
-4.020761817834005436e-01
1.270062815716141436e-01
4.589580513786207794e-01
8.202610027318668617e-01
1.346691584909770256e+00
-1.374645087738767812e-01
-3.904495448645756706e-01
5.513955508227239566e-01
-2.318913961506006149e-01
-4.668791761261182893e-01
3.078231659992625158e-02
3.645673764464962274e-01
-3.729146399189786631e-01
5.624467492441870275e-01
-1.587013336844877331e+00
2.576342015032125343e-01
-5.942586626636177094e-01
3.626467426121521287e-01
3.972618671785688171e-02
3.794364531866559753e-01
9.061800859527009422e-01
-2.188950085242289401e-01
-7.081928412318411192e-01
-7.678643826202948830e-01
-8.909155068685055134e-01
5.613794808502650113e-01
6.039841376028922681e-01
1.776506743750277950e-02
1.780297929544050195e-02
-9.304197171641741537e-01
-5.267338551968894222e-01
-9.718873049270022602e-01
-4.320847548760403667e-01
1.211409760233346233e-01
7.539646471614056544e-01
-9.878757421233873570e-01
1.250576615742696185e-01
-4.655350650797585033e-03
-9.825509466489028565e-01
-9.120668833709266732e-03
-8.374791060712261093e-01
-4.439866831681597015e-01
6.600687638166401472e-01
-2.740602102397731166e-01
5.729185233377586117e-01
4.204131953932097043e-02
-1.185867534549425173e+00
-6.866661314702970920e-01
-2.012737059847199417e-01
-6.530872790364847802e-01
-2.602937827225113021e-01
-5.800771107030732177e-01
-5.687878837067492643e-01
7.699142012769917276e-01
-5.595145896496012128e-01
8.245423323472039767e-01
-3.918716911143148574e-01
1.297923788834134395e+00
6.993102089801614962e-01
5.590561919004310987e-01
-2.315436165594551565e-01
7.545922218926002234e-01
-1.106769669087249164e-01
-2.889161332848382835e-01
-1.505225020333075925e+00
-1.492368853485926516e+00
2.380642231951877186e-01
-1.322543662331503000e+00
7.336418530901025470e-01
7.817563247376324576e-02
-7.387938850513834366e-01
-4.190041019434684322e-02
-8.052457001983504004e-02
8.838087961906451184e-01
-9.136672279407056507e-01
6.377689175194257709e-01
-4.503760989642627832e-01
1.012469241607785453e-01
-2.273298505453924534e-02
5.918498063891395322e-01
-3.166112551041265766e-01
-7.551320950055826486e-01
-4.398539301082263764e-01
-3.737237447759849673e-01
5.185779631780362831e-01
-3.353104758381906247e-01
6.471561571327533180e-01
1.091908928102778287e-01
3.879619428419641691e-01
-1.266782157268065534e+00
-1.018100106140060745e-01
-7.336777215451462109e-01
-1.660107440973046522e-01
-5.170524322099636638e-01
-3.226558647738461683e-01
-4.654876293663501863e-01
1.011790668138894400e-01
-9.943040657652022496e-01
-9.967761711623909227e-01
-8.486712601523129784e-01
-6.850773239681648974e-01
8.093555721115286428e-01
3.193976869544160602e-01
-8.307678295315306105e-01
3.491211471284382806e-01
-4.761416923554243064e-01
5.086432810540489902e-01
1.878675474715459925e-01
-4.361477373949774750e-01
7.934980927667778516e-02
-5.240978146906962731e-01
-6.355024922798669929e-01
-6.388436532390797673e-01
-3.097824914174924782e-01
-8.387301593560445578e-01
-5.363247904433550151e-01
-7.920665757230652693e-01
-2.200299158510909958e-01
9.215488990654044921e-01
3.703648949385623945e-02
7.293206529280802375e-01
-1.042359679761937219e+00
3.431304674698651969e-01
3.612704170937830472e-02
-1.182313828770614084e+00
-4.403808399403241758e-01
3.022811594631533705e-01
8.643998176348797191e-01
-6.321971303426604516e-02
-3.589295825945277296e-01
2.145454980260735889e-02
6.043806098872056554e-01
-1.338018111842821378e-01
5.483450010090997750e-01
-2.487771197978440596e-01
6.049824871091165068e-01
-9.788523692390396769e-02
-3.314837667611811867e-01
-2.267370238734868759e-01
-1.049530630039138934e+00
-1.050042395364769288e+00
5.518755068753390391e-01
-4.288265444459984366e-01
-1.155183565749519081e-01
6.775482023698997658e-01
9.401397854750258576e-01
-7.679253013681335283e-01
1.208177440503715783e+00
4.265327177010717619e-01
-8.068032874417101485e-01
-2.069358167834067230e-01
-3.274340473863784351e-01
1.197439495026185741e-01
1.850810833348863316e+00
-6.160507121652599727e-01
7.572506871430724207e-01
4.196145168558456651e-01
4.557058730909585020e-01
1.179066071126782855e+00
-2.203997471149366227e-01
-2.828530588448485150e-01
5.543112892149143489e-01
-2.585743074057260671e-01
8.892312679553815435e-01
8.060520939928091932e-01
-5.353265150185078092e-01
-4.193746854484873277e-01
6.177269588182303650e-01
-1.158412839792200000e+00
8.585830487120560406e-02
-1.084762012464808079e+00
-1.066476639606199761e+00
-6.730354857036087157e-01
9.051385181720781326e-01
-1.401050428107835921e-01
-1.046198888434445751e+00
5.258325435549564553e-01
-6.248289736924483861e-02
-8.254973943459877894e-01
-3.914649439128898845e-01
3.115866692260574333e-01
2.101878282351418381e+00
1.018627254303809404e-01
-9.342827023295263711e-01
4.994555908646587661e-02
-7.395811877188600558e-01
-5.955771158124782971e-01
-9.743239315999731032e-01
4.645328052955672860e-01
3.302873550946834325e-01
1.225248119187836826e+00
-7.305203770324719681e-01
1.430700234945728733e-01
-1.014448531997103498e+00
1.527291040918417941e+00
8.684373211527652847e-01
-4.847137768316123196e-02
-4.144288132080325426e-01
-5.755832479649856115e-01
-1.809654144674452958e-01
2.663904585672542957e-01
-7.459861587432468077e-01
1.252167435067037760e+00
5.967277496241594203e-01
1.421602802211599403e+00
1.711092375183244640e-01
-4.954292827630537022e-01
3.551763632417751504e-01
-4.323158807179864338e-01
4.068126532419858998e-01
7.138745939027992815e-01
-2.990698708211669832e-01
-7.990915204542723416e-01
4.772986193037578873e-02
3.284430349262082993e-01
-3.448563766235402395e-01
-8.734258770670034755e-01
2.976324348102393769e-01
1.017772374430243598e+00
5.256971485360715235e-01
-5.649436442901638600e-01
1.616381299448454545e+00
1.364950548880073056e+00
6.584377788636799345e-01
-5.988554549301310370e-01
-8.524932435330995206e-01
-1.367446327730532207e+00
1.422844460033461544e+00
-4.160607068676605014e-01
-1.257978274352903880e-01
-5.805574396598028875e-01
-5.748703507473081897e-01
-1.144069556291149592e-01
2.310815601985541923e-01
8.653503970592533179e-01
1.562411863997229255e-01
-4.709384439622186780e-01
8.808671221024666487e-01
-1.283722758576698597e-01
1.957389577983952855e-01
-4.696611663090621280e-01
3.437322924681828207e-01
-4.605193028273416589e-01
7.547218180689083677e-01
-1.125788318584595993e-01
4.113980410759372486e-01
2.333474890707712412e-02
-1.030662524854191187e-01
-4.831045413528047838e-01
-5.426296466657243300e-01
-2.006204801670380400e-01
-1.965860990997157498e-01
4.447624715623781921e-01
3.412538412703427504e-01
4.653987133528920128e-01
