3.272664497902981751e-01
2.101700383258360005e-01
1.573040970517773918e+00
-7.984274992418942674e-01
-1.476651349871799523e-01
-1.097181905675863156e+00
-4.482337049733325363e-01
-2.376742643729067295e-01
4.313775335191500915e-01
-6.093074690544241223e-01
3.186897691304035329e-01
7.386196025142433008e-02
2.734928903238917353e-01
-7.188237860642907595e-01
1.092932502721357002e+00
6.554263191032780878e-01
3.581393648505164506e-01
-5.637395488873375715e-01
-5.143104536610112465e-01
-4.323893979426008949e-01
8.847445820458812449e-01
1.971445586033964137e-01
-5.959726071791837665e-01
9.734172680376083076e-01
-9.599340502618222137e-01
7.376251266907063453e-02
-9.109797821749722191e-01
3.361506145222390440e-01
8.017290735353592712e-01
-6.887846966183086561e-01
-2.583141841694976959e-01
4.057085285311701206e-02
1.755711028471589885e-01
8.854818990617787655e-01
-5.265492179667844441e-01
3.024331459758015095e-01
2.562508115759475347e-01
1.032415607705656546e+00
-1.600325634131824493e-01
-5.055009113456869763e-01
-1.448782288169606081e-01
-1.526023227698127815e+00
-6.763976913859376383e-01
3.742072863002569583e-01
-6.300505441906849580e-01
-1.519829208198863579e+00
-4.508168132433802988e-01
8.229039251025342949e-01
7.638242459419811170e-02
-4.994839847061702809e-01
2.091732648135079753e+00
7.701600729418247582e-01
-9.022348091142706750e-01
8.007872669367595009e-01
-8.186291685648969807e-01
6.357634909279344382e-02
5.861215266848293082e-01
-8.369313064496586296e-01
-7.592354357347738114e-01
9.695557165036412517e-01
-1.129076986758174250e+00
-3.762324289871687988e-01
8.702123509970044468e-02
7.822000791725074453e-01
-7.979322362755169040e-01
7.343481245434783922e-02
9.809872650171078678e-01
-1.296412497048810564e-01
-6.330129148795949900e-01
-2.355487482481351813e-01
5.534136254099594199e-01
6.223745948726451260e-01
-3.924319241404478631e-01
-6.617023936756472047e-01
-7.493096592935433176e-01
4.902651223493985078e-01
-1.368266396031302179e+00
-4.668346379264851631e-01
3.228979903873396284e-01
-4.728478236300112103e-01
5.294130635288473163e-01
7.439382399997584994e-02
6.925624095935775104e-01
-4.677467909614426711e-01
-6.983552175748781732e-01
-3.455419205193269172e-01
9.199126829972774644e-01
7.820939202522743106e-01
8.185797995827597262e-01
7.697635405905247641e-01
-4.013674473399502229e-01
6.751732615539030036e-01
-8.328972003363606103e-01
-5.435370271629764716e-01
8.528694184654557198e-01
-8.423306132080066178e-01
3.161666230300126390e-01
-6.249539089615219201e-01
-4.407875903471486501e-01
5.310510992416560550e-01
9.932922781565214354e-01
-4.009988301199693961e-01
4.019442093931649973e-01
1.573926334269743488e-01
-4.115898280897490324e-01
-5.255273179703667807e-02
2.908010013344864975e-01
-3.111720171494691822e-03
6.988471435132472820e-01
6.525744675673952333e-01
8.509070397135156671e-01
8.850081192031727939e-01
-6.613937991339882139e-01
9.549024451241789890e-01
-1.063625889230798593e+00
9.341766888269618097e-01
4.616674211955493212e-01
-5.474153243408796943e-01
-1.163444135270271795e-01
3.732872677504438519e-01
7.543121966555201841e-01
-1.056845512264840692e-01
-8.786664772458989692e-01
7.315584468685751296e-02
-3.776699672601206981e-01
-1.685002012232014401e+00
6.247596369402164118e-02
-4.995994292522785152e-01
1.759954108713493448e-01
7.321901297816657550e-01
7.091305474972628420e-02
-2.555915081169424785e-01
-3.837764994985922717e-01
-7.137073117252399346e-01
7.042756167035939541e-01
-7.710192178833881194e-01
4.360988195027113989e-01
1.719766171836408231e-01
-3.792065365712298242e-01
-7.427498489801087622e-01
-6.603557068543763897e-01
3.721405049095558581e-01
9.417733153990484607e-02
4.905512774113535146e-01
6.161364316212556425e-01
-3.235348602428064768e-02
2.904084158408872796e-01
9.733923147943074339e-01
5.153611702422697949e-01
3.837605705600452000e-01
-3.913563591378088624e-01
-1.352297156117110877e+00
-8.871179760108827139e-01
8.609238275853664524e-01
-1.391101132755322989e-01
-8.781231503307804775e-01
-4.982405480482927085e-01
1.291952267295136125e-01
-9.495515665360116930e-01
-1.451271647132635012e+00
-9.925658757084734329e-01
-1.732598811031312025e-01
4.721020932474862541e-01
3.778282560473115725e-01
1.393613828186518910e+00
-2.011881155273670396e-01
1.791366311180111748e-01
-1.137475447267494388e+00
3.745482662299015608e-01
2.273604219249827363e-01
-1.041063645912572388e+00
7.198830391889816660e-01
3.802570690734510261e-01
-7.657730171058725333e-01
-1.746644529637021215e+00
1.150120607918597493e+00
-7.225243566885661828e-01
3.408690315703010731e-01
6.947616576562354318e-01
1.980432997072709977e-01
-9.768713884168095385e-01
1.156433059809343078e+00
2.208299489649651892e-01
-4.867728641357995656e-01
1.102352739916222291e+00
5.334307679793565127e-01
-5.399236126918716128e-02
-7.403459706088075798e-01
3.894496111689841888e-01
6.358541449755330532e-01
-2.163368186887816846e-01
-3.991377989161677409e-01
5.918060409304338743e-01
-8.528210813469089269e-01
1.586867104903479042e+00
3.030230410154818865e-01
-1.855791971285175590e-01
-3.461970562961846909e-01
9.756129282633755340e-01
8.189518571373330946e-01
-4.833442626182280488e-01
-7.978352762558212907e-01
-2.727534574981258508e-01
-7.143099363694762616e-01
6.494448542917483636e-01
-1.087953179555333882e+00
-6.593635810699347566e-01
1.454857686889360069e-01
-2.751636563317917950e-01
4.048214412747927482e-01
2.269077446086284477e-01
-6.089179416000485290e-01
8.574826584219177872e-02
5.841975083120730661e-01
1.581495321932541165e-01
5.409944037935422445e-01
-5.510695407624393027e-01
1.227135138805062864e+00
4.553844047029705910e-01
-5.503833561985885803e-01
3.979668660829275284e-01
-5.034638389556644889e-01
1.999882817924201195e-01
-4.025917091013542226e-01
-8.008704444092613617e-01
-1.128767399172119212e+00
4.202686005562722427e-01
7.922831954780038544e-01
1.147956791154279177e+00
2.886111061710564529e-01
-4.259025680740227138e-01
-1.017011774737818897e+00
-1.610700976489065905e-01
8.688719019654498332e-01
-6.657988193726800397e-01
-1.047359578941460034e+00
-1.001215453181169224e+00
-3.929559266152821140e-01
4.570203725157600538e-01
1.700683044530615362e-02
-2.728988764471882433e-01
-2.880302894210697295e-01
-6.261452702851781904e-01
3.563740582142547186e-01
-6.331340771521057897e-01
-1.125056068023061462e-01
-2.032608523509577547e-01
-5.967900457251820723e-02
1.734957381175823432e+00
-1.811300538903140855e-01
-1.082145556196144609e+00
6.043302270941534049e-01
-6.856730103247365982e-01
8.038296381468745810e-01
3.012437338529350139e-01
-1.622031306916917326e-01
-7.240632294896658383e-01
-3.627524401902549878e-01
1.618401855125524980e-01
-2.552897748128907240e-02
-3.773860435704073923e-01
-4.771381541498543877e-01
1.530898261934574123e+00
-1.818874143982520231e+00
1.326907556049537806e+00
