3.311777608325613964e-01
-1.062220374134207335e-01
1.301583116791625416e+00
7.761660292404372052e-01
-1.150091802900840010e+00
-1.975436881074181805e-01
-8.726330407080427065e-01
-1.111694980159230739e-01
-1.137265353396950118e+00
-5.438053113596588162e-01
-4.798799999988871967e-01
5.940821977311057100e-01
-1.137871690162240323e+00
-3.584928423246425133e-01
-1.271348570521765309e+00
7.018152757017788179e-01
-4.422429588169449755e-01
-1.693334792994333871e+00
3.665145195935278211e-01
-5.866990108255114578e-01
1.566348019909148848e+00
-4.621544341173574044e-01
-4.674436345558111161e-01
8.093718800490989906e-01
-7.751741636918814127e-01
-9.155305109348805814e-01
1.262752035607853651e-01
-4.889713544987961402e-03
-1.555620791879142040e-02
4.042204456755153497e-01
-3.959413183842455664e-02
9.257684479794312526e-01
1.123205594165928911e+00
4.940266229944345611e-02
4.367749181025181726e-01
-1.154928008421612362e-01
-8.568589575208962472e-01
2.093475930389216977e-01
-2.231885938282336390e-01
-7.442969401215682179e-02
2.703482681361632500e-01
1.617707644022287061e-02
2.293298395344388618e-01
-1.622656344069619005e-01
7.220468263226413885e-01
1.557202005840916947e-01
-1.285905421757826517e+00
-6.025333478237082652e-02
-7.833029394359172226e-01
9.892237511041448439e-01
-3.612163593813572660e-01
-9.190879206478883567e-01
6.628694503859775544e-01
5.873768659118141500e-01
-5.456090269283355720e-01
-1.217214770160526038e+00
-2.933564738747302947e-01
8.199524680032374002e-01
1.008085542439481008e+00
5.261127653434181095e-01
-3.176650604270214173e-01
-4.589440891904491560e-01
6.200589249443426709e-01
-1.189836701853251411e+00
-4.017596808042126488e-01
6.969335214455412153e-01
1.025379589802394742e+00
-6.810535186308377398e-01
3.852206407787813758e-01
-8.020167835128104716e-01
5.186857345603679281e-01
1.051775220815803213e-01
4.734999186796486348e-01
3.486435160958368251e-01
-3.477956404452370309e-01
9.493200375501638089e-01
8.184004679724781184e-01
6.689104577773707927e-01
-3.155782736358541674e-01
4.223654820107239360e-01
2.959878423424008309e-01
2.835416949529994679e-01
-1.016968318070760269e+00
-1.853199479332325428e+00
-7.274589761980508884e-01
-5.641730978561660947e-01
-6.071128102440586094e-01
8.789245299832540992e-01
2.973484060060229139e-01
5.780233299448420681e-01
6.150796374624216689e-01
-6.778999633026978611e-01
2.160083290903402342e-01
-6.485770969803228425e-01
-4.146188314751675374e-01
9.321633952534325029e-02
-6.862413524683412813e-01
3.557345392413668872e-01
6.057958418307292092e-01
4.356493282261386102e-01
-4.555433077233783656e-02
2.754578327231467783e-01
1.896797238711231959e-01
-1.087544531717265173e+00
8.181412031292107923e-01
-7.480033004019187581e-02
4.381311614285293699e-01
-3.400641602442510125e-01
1.229826289199999145e+00
7.378916989781434399e-01
-4.023602403498802715e-01
-1.038256855729496220e+00
8.443877270529809298e-03
7.087174333681929284e-01
1.454476309902388853e-01
-1.856349982144345212e-03
-9.784763570624179785e-01
-2.106659506093568335e-01
-6.148643870188823524e-01
-9.254063299318693314e-01
-1.099643510702889238e+00
-3.181284626912327940e-01
2.339165241934806350e-01
5.294080888003233065e-02
1.577700825088492298e+00
-3.325442654821958999e-01
1.699869548205940273e+00
-1.548689999681274188e-01
-5.223782944077082213e-01
2.056592775027017983e-01
-4.277069044144620191e-01
8.250726666165779655e-01
-9.781688459672780445e-01
-1.284902405500243372e-02
-9.953698789316156592e-01
-2.293790004669320926e+00
9.139222892586842395e-01
1.200467334104768469e+00
-6.714858733729567319e-04
-2.663065609667316647e-01
1.439113687202265623e+00
4.445235310128933803e-01
-6.027276112819979215e-01
8.618243897955180088e-03
1.644944454074562246e-01
3.120224528850688017e-01
1.101474678486211278e+00
-5.273368464416112733e-01
-5.798247812626716735e-01
9.367665715117418079e-02
-3.158117249867760656e-01
-1.837289723237289119e+00
4.041226013531275529e-01
7.415071726551361042e-01
1.831015258207577823e-01
-4.214721750975790049e-01
6.616299533747487249e-01
3.236339115610060713e-01
1.391213868737446679e+00
8.028252154037320842e-01
5.596897263238919118e-01
4.215136428047652761e-01
3.633146392676203096e-01
-3.810399455624186027e-01
5.335316290185914134e-01
-1.075812095033045868e+00
2.725871826765258188e-02
7.637568058618603439e-01
-8.081426193834112537e-02
-1.408156745250616515e+00
-1.358863744259209971e-01
5.921450223549082903e-01
7.900688549254576420e-01
-3.701785244453389412e-01
-5.083905464444311573e-01
5.233021241803721413e-01
4.700281898760572119e-02
-5.549381175318710557e-01
-7.094026508869746284e-01
-4.292240000629993224e-02
1.723809204829749309e-01
1.293323031972977821e+00
4.655228427486615694e-01
1.191257499218149274e+00
1.255328517289031387e+00
-9.129618784360494788e-01
-1.368514532417459684e+00
2.995615716710908205e-01
-9.369916578550434583e-01
-1.207653556654559868e+00
9.667666312063426526e-01
1.277542111831417304e-01
-3.133874868214394094e-01
-6.422666287897893511e-02
-1.376065132630964749e-01
-1.051838975647605867e+00
-8.010437933680921718e-01
1.105256300785013579e-01
5.973508028085174892e-01
-1.320309223558129075e+00
-2.999287751057312379e-01
-2.383312030410542071e-01
-2.021626034231729374e-01
-9.147024003738263298e-02
-1.529713899324567805e+00
-1.292335058378454860e-01
2.683878277351400277e-01
2.120011049269245884e-01
9.170606853788615398e-02
6.195851634459437207e-01
-4.192442363399716543e-01
-5.105140860187693530e-01
-6.382425792046049207e-01
6.268270624766558718e-01
-1.540020038565994565e-01
3.866033075141345199e-02
-8.033862565799527733e-01
1.869357312821623873e+00
4.379311604177771877e-01
2.679242023577321774e-01
9.605282622273506599e-01
-1.859850105020234290e-01
3.430866216713874817e-01
3.276186890748811753e-01
5.584864280291618188e-01
-7.228189569585432572e-01
-5.596009095821524726e-02
6.776265851237033289e-01
3.113500985223521811e-01
-1.684295888103773953e-01
3.710186634945994433e-01
-1.093539626920376762e+00
-3.262535351364553304e-01
4.973407017413604136e-01
-5.632071459960105164e-01
1.140947074948390760e+00
-1.611851929400876626e+00
-6.447370410525778972e-01
8.006966629969118898e-01
7.223808563838436392e-01
1.160805040163096935e+00
9.473755106646325475e-02
3.331893190873269628e-01
-3.058758837809734121e-01
-9.771359006349753518e-01
-6.357885060662187282e-01
-4.318589914955268116e-01
1.894533265784474341e-01
4.868886208084499678e-01
6.603449811628081534e-01
-1.330858182235534537e+00
-3.229979476516731118e-01
7.552526302788467039e-01
-9.129064508070425799e-01
4.349987288831133059e-01
-5.579743915828072609e-01
5.838879183607911250e-01
-1.189777882477031312e+00
-4.340820302462411462e-03
5.435602624529694005e-01
5.646326754159196604e-01
4.120728579322652241e-01
7.450793089460029384e-01
8.867715659792761995e-01
-2.648135982872804384e+00
