1.021916781502548721e+00
-4.175858031931584113e-01
-1.257862214127277056e+00
-8.199118233621118801e-01
-1.967982386434802722e+00
-1.369575239280580448e-01
3.888694451505554373e-01
-5.017570227790191240e-02
-5.968350877623990192e-02
2.484975909955220441e-01
1.591133547261428527e+00
-1.609141007444419014e-01
1.572754110149828244e-01
-1.533969535296699327e+00
-9.484971755117348469e-01
-1.113014339632916183e-01
-1.671483473492272331e+00
1.161864837435473641e+00
4.772839003208116382e-01
-8.593284290422870120e-01
2.601493628205750142e+00
-4.642017247059149199e-01
1.428486436970282547e+00
-5.553773702939375223e-01
-3.879485027879589487e-01
6.826527424199818617e-01
-1.850743230188480748e-01
-1.511308418250344676e+00
1.047410468495321823e+00
-2.174517026261303942e-01
3.451081353532748919e-01
6.639975668632798200e-01
9.117107160995284731e-01
-6.763473387939626935e-01
-1.339588350329225852e+00
2.058991647665209257e-03
-1.298657564302237777e+00
-2.510763397884108183e-01
2.572222672129040322e-01
-5.464218167326788667e-01
-4.345430741212180092e-01
6.836237632613223481e-02
-3.716629701373468375e-01
8.131916348101247971e-01
8.518510545431958736e-01
8.098936269808116872e-01
9.549979051190776724e-02
1.017967212082332429e+00
1.514031199994920307e+00
1.034279296961711170e+00
1.380120632830911243e+00
-8.562396829542386900e-01
1.035570904912035406e+00
-2.127006206601441018e+00
-1.699898296625916627e+00
-1.141018694013072210e+00
1.132117887826194602e+00
3.970957594053173834e-01
1.486085669673359755e+00
1.797855396516361726e+00
8.881925078193592116e-02
9.647115091386126995e-01
-1.246132168444878396e-01
-1.169251422491569326e+00
-1.814292310092731064e-01
-6.667797279720178993e-01
4.262549781681451155e-01
2.929246602119695009e-01
-5.255296987642823492e-01
5.089044421601400803e-01
7.447199303198468456e-01
2.506948541429256050e+00
9.339702387610577805e-01
1.028868742282922133e+00
-1.261573142691897020e+00
9.477683452023203392e-01
2.930492256493238412e-01
-2.618661741306138602e-01
-5.534953786470790948e-01
3.569049503104721577e+00
-1.380165882360338880e+00
-7.214186504593207427e-01
5.678734127960393119e-01
1.033828651064471416e+00
1.129804004635793779e+00
1.792021254031464395e+00
-5.634550451987313524e-01
-1.390002361871609526e+00
-1.466346564196240543e+00
-3.866593932563344715e-01
7.997741706861685174e-01
-6.243430705102890332e-01
-7.539461004972991542e-01
-1.129392690264541699e+00
-2.955727950874140308e+00
1.519842728589987924e-01
1.467916789224477658e-01
-1.396775707869355010e+00
1.409874131587710355e+00
-1.370706900866199174e+00
-5.364015100475350017e-01
-4.350560034688454869e-01
-6.468777285054433390e-01
-1.546512287629976390e+00
-5.296255180387904327e-01
-2.590403747154958580e+00
5.705948395410304075e-01
6.917576884899654388e-01
9.891376788908916584e-01
1.877989592302583111e+00
-8.758744497687351860e-01
-1.606135321801272386e+00
-6.784501531710105393e-01
-1.768449162781613015e+00
-1.539101946651154407e+00
-1.633070615929926639e+00
-1.391937330037530396e-01
-1.562979845098168286e-01
3.103553580284059144e-01
3.186795620386762562e-01
-4.022297009426692993e-01
2.241179713925497974e-02
5.472106329934376401e-01
-6.686436939328423978e-01
-4.580952682853184355e-01
-7.788336586980321163e-02
-1.725256174101265971e+00
-8.866356907198061910e-01
-1.015088354797022419e+00
1.410546045249980174e-01
-1.750996421590164775e+00
-3.497667676653498092e-01
-1.243786344050357595e+00
-4.559867299463867818e-01
-3.399514080941044014e-01
-9.546454164734687886e-01
2.381313569123647778e+00
6.354063239381466666e-01
-3.691516104130960763e-01
-8.170012534030574036e-01
8.953319107939146093e-01
8.659447235057573522e-01
3.432284073074077235e-01
-6.876657687787783857e-01
-2.582417753680227968e+00
-1.908612171923920853e+00
4.901372259031776535e-01
8.273619700490240092e-01
2.525863381249434658e-01
-1.119035537906577504e-01
1.144127046268183623e+00
1.244481976258018152e+00
7.331131443323006813e-01
5.234910869629250119e-02
-1.691235427407221437e+00
2.392485003339565597e-01
1.286270781243933348e+00
-9.399402678112817044e-01
-6.144237832559290569e-02
5.873924890426809320e-01
-3.924049270006413903e-01
3.967105419868285354e-01
-9.713371581057187454e-01
-1.737316177551377461e+00
1.168161533160549048e+00
2.133605919903264203e-01
-3.820461226067513594e-01
1.997092193100532098e+00
-1.749054764471949186e+00
-4.789664811521122667e-01
-6.748521470678744971e-02
-8.980286096931930917e-01
3.444078720849191866e-02
2.251593587766675952e-01
-4.047388245029334697e-02
1.309518006427543346e+00
3.100430860639696307e-01
-9.317015877593575190e-01
-1.256634705084239911e+00
1.006143967665607653e+00
-1.780021685107839424e+00
-1.151442817326110646e+00
1.403286617551847026e+00
2.099988065722350417e+00
-4.862067095368037273e-01
-2.149847058270051736e+00
-1.449274390418807457e+00
-1.216172287502778060e-01
-4.722385043492934309e-01
7.014528207697903195e-01
-1.848712416627904087e+00
1.688494039048079820e+00
-8.189530850847637211e-02
7.294950570900213260e-02
2.199486937209205184e-02
5.486921718611470489e-01
3.864354023774877467e-01
7.014920867677610916e-01
7.675417898688405849e-01
-8.456153972169849764e-01
-8.080446543547625815e-02
9.110870968514417356e-02
-6.569754067450344071e-01
-3.298797727771383137e-01
7.811468818179051476e-02
1.046731693144522302e+00
1.244608931747981651e-01
7.652888398045295526e-01
-1.769161933450976942e+00
-1.960441588061852536e-01
-7.930391655906430248e-01
-3.749260232682001259e-01
-4.419668238783263647e-01
5.599365206854434174e-02
-4.884666564644523645e-01
-5.837173740907584119e-01
-1.503143891656451014e-01
4.406635427728718968e-01
2.335580879734069804e+00
-1.968776272142908068e+00
1.480795308745446459e-01
-6.370657311590219862e-01
6.910231474710804012e-02
-1.537482189850934322e+00
1.554456542382014028e+00
-8.955746070630699052e-01
-4.216103302833704713e-01
2.907047726031344315e-01
2.555610084692476747e+00
-1.871472918393974338e-01
1.193374356606434539e+00
-1.515440260675436690e+00
-2.687396419610330600e-01
-2.558620266820467171e-01
1.411195172995205693e+00
-6.518523398851755468e-01
-1.253033179668086472e+00
-1.411543719815228748e+00
-1.612212844964734160e+00
-7.452460627054255937e-01
-2.255544011283169503e+00
7.828535052874802114e-01
-3.131392038998712102e-01
6.949120351047438637e-01
9.813227483932542849e-01
-2.183418337893995309e-01
7.954796130846728541e-01
9.253582611515460687e-01
1.413301752941301448e+00
-7.936147895402542174e-01
-7.123442217916604591e-01
2.258545758440144713e-02
-8.198300386886495095e-02
-1.615955704863418774e-01
1.878524195025331744e+00
-5.613931202557636002e-01
3.743648850409250772e-01
3.608322483933596447e-01
4.112822146245598831e-01
-1.241129972814694060e-01
-1.524009983914207833e+00
-9.943441193415641921e-01
1.454232904528145021e+00
1.888631842140842343e+00
3.549863388397595521e-01
