2.079571538341335735e-01
9.324845591992294569e-01
1.451999763139652622e+00
4.681503112172352710e-01
8.176621001416202184e-01
8.315988902314144227e-01
-2.379578126117599113e-01
5.471504252354292275e-02
1.392731408397260562e-01
-7.756108927233285044e-01
-8.328790402190485720e-01
1.156602575110089459e+00
-1.585492705833920213e-01
-1.094898764199616181e+00
1.211968791685434477e+00
-3.266955766588411358e-01
-8.237662660872797638e-01
6.560394989209647476e-02
6.555979595629856105e-01
-1.271002564930298062e-01
6.801385556590419101e-01
-4.306036865366908994e-01
-8.638840492074871813e-01
-1.114148185932632984e-01
-1.951941492833438208e+00
-2.030368320128135007e-01
-2.383169959660522141e-01
-1.899874057119051773e+00
-3.134854728579055116e-01
9.336143669256508071e-01
1.222717732393956425e+00
-3.174009322704732239e-01
4.883734844168347022e-02
3.401694264515493782e-02
5.466864734533878334e-01
-2.929867179689400469e-01
2.160529390155846663e+00
4.900666371964154666e-01
1.179741690113795149e+00
-4.119775353196403200e-02
-1.678973521958568305e-01
7.406552805387460747e-01
3.999334289104134466e-01
-1.672336111710470696e-05
1.349093444497041494e-01
8.417990075126549065e-01
-1.071249353654587066e+00
-7.886717072557923869e-01
-7.602337196376729445e-02
8.645045350141253859e-01
5.111882888205885322e-01
-2.635126618953321231e-01
1.045404482679508806e+00
7.217183465152751110e-01
-1.811800609306866705e-01
-3.741306457296069699e-01
-3.268473120158170708e-01
1.134139039990217812e+00
-1.625986989520824988e+00
-4.541405603474202302e-02
4.049908371320706246e-01
-1.202702671243690014e-01
-7.424516539872119125e-01
-7.501182770461137794e-01
9.239729709760575727e-01
1.850385839945619670e-01
-1.181181462123148396e-01
-1.044280728720948126e+00
6.022874105124167432e-01
5.506464093197634968e-01
-4.093172926104237108e-01
-6.201429239833172735e-01
-4.417878024562768569e-01
5.326929414085279646e-02
4.005780942816785650e-01
-1.188426118331406434e+00
2.530495797160371430e-01
-1.062169402476415891e+00
8.182331783564558148e-01
-4.256856868027392160e-01
7.735981446435419295e-03
-2.374152311759623046e-01
-9.234282360941328260e-01
4.456698643617955646e-01
1.805717057561303518e-01
5.566419274122994532e-01
2.470129967465100052e-01
-9.307490975413329481e-02
1.464773933339752476e-02
1.151538706848239890e+00
-3.180388237936934703e-01
-1.343934688035266278e+00
-1.712993629896714110e-02
1.587881912049724509e+00
-6.397267123141654466e-01
1.422617596291723963e-02
1.044944043221718299e-02
5.129151604801049924e-01
9.269820902872911716e-01
1.787908217238337594e-01
1.102690200504605977e+00
-5.651906003166040637e-02
1.207041132568266395e+00
-7.960607874254321814e-02
1.971156683730012626e-01
3.567149703932633864e-01
5.212798929379927060e-01
4.961493931741901009e-01
5.154927292229030122e-01
-1.161344698354184857e+00
6.794104328842696106e-01
4.428195779300220236e-01
2.398064470239628654e-01
1.231389973272768668e+00
-7.338826075334166088e-01
1.363961332847220875e+00
1.019580803636957134e+00
2.601458715584853421e-02
2.286619354189933784e-02
-5.512760271209277141e-02
2.581180203880066859e-01
-9.484643330447810605e-01
-6.720476782742923483e-01
4.405393241679925742e-01
-7.659427755537940863e-01
8.528157077392106711e-01
-1.460093055603611578e+00
-1.817701741451198671e-01
2.565259093767676690e-01
3.809919013459867054e-03
-1.026335319678696623e+00
8.716504024832474329e-01
3.375949606817428839e-01
7.551784335057256659e-01
2.166844743604795509e-01
-1.021841574094769722e+00
-5.347193248780784947e-01
2.520428807215677747e-01
-1.208912099861547462e+00
5.184781380784645455e-01
2.939537328183333686e-01
-6.560326940927865280e-01
3.367803994239690346e-01
-5.138809687782812663e-01
6.730165302936492733e-01
1.352777327287517428e+00
-5.551249296779330322e-01
3.370275436881564612e-01
-1.322985161165309398e+00
-9.784713507406948008e-01
8.274807325237474309e-01
-1.035357731657253089e+00
9.203143081077453935e-01
1.231039483812531810e+00
-1.592883198874405770e-01
8.454861037499056264e-02
1.198296362159848860e-01
-1.078027368681604425e+00
-5.406854874513384868e-01
-1.714476731741950144e-01
3.151596611651987789e-01
-6.110243875946484993e-01
-1.159329132887115588e+00
-8.106991563878451768e-01
1.013520579270898336e+00
-8.828901992415723043e-01
-2.857908501859526273e-01
-1.731470183361011994e+00
-6.189088835603557825e-01
-1.490347579570380443e+00
1.871870509731172527e+00
8.640428157540451792e-01
2.101472166391900043e-01
-3.314235280201127121e-01
-6.823983256011466603e-01
-1.264595430836927825e+00
9.747934034548753068e-01
1.397253536238090899e+00
-1.236081348482336084e+00
-3.711606195733971880e-01
6.081460750889633449e-01
-1.558347786078749575e+00
4.981829277670617451e-01
3.803012336433049256e-01
9.565366157376899992e-01
8.254273629525734624e-01
-7.531630892815648348e-01
1.046271477176714315e+00
-3.296725056558905131e-01
-9.067052565204438697e-01
-9.367789591577448949e-01
7.166059710022218976e-01
1.265782894438076678e-01
-1.369042634397651614e+00
1.049368599471318886e+00
-3.299081008953624883e-01
4.746331790303774389e-01
3.542285309911767377e-01
1.839475032647565345e-01
9.533901412168797052e-01
-1.044446126798804997e+00
-1.478587356731113189e+00
5.519934540194099126e-01
-6.606000592036871399e-01
-1.054719621583920963e+00
1.729809407852491709e-01
1.989190415604394635e-01
-8.732530285886839216e-01
3.142332948971356954e-01
-6.460813075013025486e-01
-6.916344364862367922e-01
-1.493775950035012290e+00
7.995858692246158306e-01
1.949734141502154072e-01
1.881147495838959849e-01
-1.526019782576888417e+00
-2.087500307436612468e-01
1.196666260083009359e+00
-1.674487235380106576e-03
-7.517784005980455708e-01
-7.021628191597837354e-01
-3.787937906621602346e-03
-1.836882710246925121e-01
1.154111254533122688e+00
-1.331788769596313760e+00
2.565136664071268613e-01
-4.973444004509191552e-01
-4.126283248140054094e-01
6.360803655281112023e-01
-3.641354556598547232e-01
-7.251669117876818893e-01
-9.630674059083567107e-01
-1.528300250754576428e+00
2.791282551627094488e-02
-7.546988444396263152e-01
4.114456173461752964e-01
-4.029910824459699281e-01
1.356053268886174834e+00
3.111270183716188242e-01
9.231869688003891961e-01
-6.729687043429940507e-01
3.789088569984192523e-01
5.655911059166132127e-01
-7.708335537578430152e-01
5.302794519301012865e-01
-3.163300212053761773e-01
-1.321515351841431540e+00
-4.814003310523052304e-01
1.109953873676240210e+00
9.831535517822707071e-01
2.513809029269000739e-01
-9.981599672581239480e-01
-3.983263144728299565e-03
1.045374874005921828e-01
1.063402169555870969e-01
-1.060567566555344232e+00
1.459821061136857001e-01
6.465504808893987043e-01
4.247349843554644178e-01
7.866831413910646553e-02
-7.450102081122259023e-02
-1.402004901014632932e-01
8.331498687147815829e-01
8.476116734872216618e-01
-4.542937912122850808e-01
