7.708253219519947685e-02
-1.358257058383801341e-01
-4.777156314171686069e-01
-1.336059765524276743e-01
8.534856919186245561e-02
-2.489777135235495681e-02
1.628892713869122266e-01
-1.826359697513572078e-01
4.038412469588771314e-01
-8.529707203142354588e-02
-1.052914220257128997e-01
1.838606734637954210e-01
2.290712531699020393e-01
-4.752728738031602451e-01
4.546919394780152279e-02
5.099024916603796254e-02
5.396628927872194892e-02
1.001117919790139588e-01
-2.365384207663079330e-02
2.222388667652185623e-01
-3.094292288280086622e-01
3.202751648530809958e-01
-4.713269468921134076e-01
-1.256266501458311313e-02
1.241059977602679276e-01
-1.247492529628395075e-01
-1.375642040690581991e-01
2.243272755189798240e-01
-1.521919473943924017e-01
-2.667866092247688226e-01
-7.212402410713672496e-02
2.519550228807734826e-01
2.867382193942024093e-01
3.557742320387851098e-01
-5.327244432092342885e-03
1.659200675243597545e-01
2.732443205568536593e-01
-1.201085057664787181e-01
1.153644673399598086e-01
-3.585173921776343420e-01
2.075614812719123181e-01
-2.593290863067377883e-01
-6.570703345405562446e-02
6.241640155168728943e-02
-1.287565012616138233e-02
2.461766244558171446e-01
2.669671757100863796e-02
1.041782544909678199e-01
-2.509749046539469508e-01
2.895146650829489299e-01
2.084411212659636331e-02
-7.572270745199413677e-02
-1.063800650920562474e-01
2.316676125160168631e-01
3.504992687083391956e-01
-3.264563897506853052e-01
-3.177232282143324094e-01
1.527934063089660122e-01
-7.063742196700263654e-02
-2.377126684573868109e-01
1.051511048764573325e-01
-3.174394280235220966e-03
-7.570081897631805723e-02
2.276404078714706902e-01
-2.799045215706758016e-02
-1.179176101241573293e-02
-4.665446364792588674e-03
-5.371291844220488221e-01
-2.358852592152128336e-01
-2.252362745353931883e-01
8.014028852162283223e-02
1.338530395624812630e-01
1.092179536727247158e-01
2.027585959739202082e-01
4.489573448606357653e-01
-2.592617278038253925e-01
-1.517943710413996450e-02
-6.242740406399291397e-02
-1.661961366130543238e-01
-2.115453802830446484e-01
3.112416897690384321e-01
-1.126057669648787146e-01
-1.818266984474707082e-01
9.157349333397890589e-02
4.362413109599497796e-01
2.888296815793901517e-01
-1.775449182358690425e-01
-2.716583177790250492e-01
8.360589635237083983e-02
1.081276677536513880e-01
1.170690031138400811e-01
-1.195940689428012793e-02
6.271819231671729722e-02
1.941911891814896429e-01
1.538451627956611001e-01
7.317189040759214391e-02
1.176288065019831519e-01
-3.008959861605067232e-01
5.313348329063033448e-02
6.108256582863472867e-02
3.949607844698541093e-03
1.812572774499205397e-01
3.250207051711581085e-01
-6.846331956064885538e-02
-1.247122736599155096e-01
4.302472873838733558e-02
8.512463139491312225e-03
-1.225947796087111241e-01
-2.412079443254207811e-01
2.591102076102464458e-01
-7.043205357634432784e-02
2.949788195946116964e-01
-2.353768636743558129e-01
1.099543480613563023e-01
-1.392697816525622079e-01
1.178101243534267345e-01
-2.538959997425159487e-02
3.906750671693461352e-01
-2.630313319505425684e-01
8.104279080157400506e-03
1.825942184367712884e-01
-8.841144453174148987e-02
-3.301229759118781693e-01
-3.496009679011688465e-02
2.749547800395365504e-01
9.435551980407190509e-02
-5.512600298470385352e-02
1.130575802309289613e-01
-6.280134270053699952e-01
-1.290189361290932646e-01
1.951112012693354270e-01
-2.790509021419856905e-02
7.638739563346795547e-02
-1.421578517112028761e-01
7.470682972965943247e-02
-4.624011945367972193e-02
1.120178274847051236e-01
-7.947331187353592896e-02
-9.308630255985259061e-02
-1.739440754966162239e-02
5.819022408091387155e-02
-2.227121894568892257e-01
-1.792019249024695560e-02
2.147920322954790726e-02
2.541566994257344336e-01
1.184576167757285525e-01
1.089380807886242281e-01
7.703490445238425632e-02
-2.685041037318714602e-02
-2.364108027037590820e-01
2.065030585553369047e-01
3.622818691653305612e-01
-1.245770767395611572e-01
-2.035523034604272696e-01
3.890802213483181005e-01
-3.822918166810527346e-02
-2.166778925242976439e-01
-1.259959738934230966e-01
1.096682956049313679e-01
-1.108472501441722935e-01
7.511731252596384745e-02
7.389329996033555670e-02
-2.340126317338052098e-01
2.776752716718274283e-01
-1.784498145635836086e-01
-2.003524606506539851e-01
1.682501685282511983e-01
-1.378079723062730633e-02
-1.494201582893835978e-01
-5.424336124753389998e-03
8.654537710974521958e-02
-8.354980802578695909e-02
-3.268146823477159624e-02
-5.501488820554836789e-02
3.122167760479243048e-01
3.177809280108291334e-01
1.337812626940387828e-01
-1.376505377551711651e-01
4.946580314025063319e-02
1.651883026817734523e-01
1.252971381167595488e-01
-2.732218390407655795e-01
-2.987634252112142050e-02
3.479752664741016244e-02
1.965805490890771279e-01
8.223624767305925953e-02
1.634406801249321528e-01
4.821272461779158025e-03
9.946225969386260357e-02
5.011912718122985000e-02
6.144408606600326728e-01
1.297410299277624857e-01
-1.279987543780871095e-01
1.801214329129376401e-01
1.429328769718850589e-01
2.452340842933984355e-01
1.872648943722168557e-01
-1.528092879304031870e-01
2.190373122969706543e-01
-1.746930770914743025e-01
1.460343529138183605e-01
2.936380283422022619e-01
2.154797619689596822e-01
-4.708673909942925895e-02
3.177603443658962856e-01
1.884783154635416569e-02
2.176593585735160652e-02
-1.867017794449069568e-01
-2.201089463026295601e-02
-3.820620112021858583e-01
-2.181785375488803636e-01
-2.488545981869733914e-01
1.888224837615041507e-01
4.806438792914355940e-01
1.173370062621989229e-01
-1.142322357176515646e-01
1.946040513661964066e-01
1.080335159804633183e-01
2.797413631187755101e-01
1.666814727421983555e-02
1.660770938369349747e-01
1.374157831082309933e-01
2.380887611729992637e-01
-2.019578970239335747e-01
1.880366963656515955e-01
-1.799166115054132431e-01
-1.762424656009071722e-01
-9.508751473942111954e-02
6.876846477559372950e-02
1.327939462462518483e-02
1.084226883292369187e-01
-1.032737113431277942e-01
-5.791785609133363877e-02
3.433689239804983695e-02
-1.244196862597390374e-01
-2.873516223273040460e-01
1.763940063426362725e-01
1.799976143059181799e-01
1.083090730820199590e-02
1.351611062049041384e-02
7.654353250829297461e-02
-3.381458175133481014e-02
-9.756685493546890520e-02
1.634150551348549085e-01
2.333928539595989948e-01
-1.054329260209503905e-01
7.979952210039341354e-02
4.747385680491046367e-01
-1.608790792180286866e-02
-2.634988278397428774e-01
1.415591838028490979e-01
-6.844585411954760834e-02
2.583873889760995302e-01
-2.356018072123288731e-01
-4.300347189199730386e-02
-2.301391284400115256e-01
-3.345895999104582241e-01
-1.264092699437783518e-01
4.841046081414026037e-01
3.176589559406043373e-01
-2.190804802256723915e-03
-1.387388018707136350e-03
-1.512221074070615456e-01
2.598507295220747193e-01
-9.114449439193925140e-02
