-1.438690079917616105e-01
3.616049822672374736e-01
7.009375165771292160e-02
1.942412663732969724e-01
7.917895327057092869e-01
-9.073839433128882970e-02
5.026398228548445424e-03
-1.230497565754027911e-01
4.668672271190156264e-01
-6.997705759994122809e-01
9.153399490203072419e-01
2.419018025435615282e-01
6.192795777602290164e-01
-4.613734585736450899e-01
-4.986436157442309947e-01
-3.658579557424617157e-01
4.164199988150536491e-01
1.938547728249773172e-02
7.578503770250510918e-02
8.743026709131189733e-01
-2.728820299885614808e-01
6.590994007753794293e-01
6.249965378330727406e-01
-6.005210522819308672e-01
7.783099936605042402e-02
8.987017112153883325e-02
5.598534630140686863e-01
3.218309151436812288e-01
-7.371512330774409039e-01
-2.152393207191523050e-01
5.838756342164247437e-01
-1.946621999101187939e-01
-7.546290994239016614e-01
1.173048454661965723e-01
3.894392621198780047e-01
2.749609825035318478e-01
-2.830012225281950400e-01
-4.765150413705069310e-01
-1.901188489171774521e-01
5.212530988575266866e-01
-8.962759570582485846e-01
-2.386632047406238577e-01
-8.123825018579166057e-01
-3.591985344140415926e-01
-5.566368276317501529e-01
9.673937203627327452e-01
-1.766620388497397443e-01
-6.798604237610142986e-01
-2.706436738511386331e-02
4.873520726102108513e-01
2.001316945337230369e-01
-3.355400205990062279e-01
-2.449459673920608704e-01
2.048709332502835490e-01
-3.272732206982916781e-01
-1.035945497369224588e+00
-6.225842422115324126e-01
8.206718791948063307e-01
1.812057012447332305e-01
-1.667450587426455577e-02
-2.886445513155099230e-01
-1.158144095017775710e-01
-3.259679140930359376e-01
4.178173617251851324e-01
-1.448323144442331678e-02
-2.511122209562786090e-01
-5.517792976195274868e-01
2.082885243355999672e-01
-2.171869711500544753e-01
-7.172984674658728910e-01
1.845608972458409047e-01
-1.205952372978731924e-01
8.235451843888809131e-01
-1.992905699342589765e-01
2.450559937375849096e-01
4.609168278724448120e-01
5.704089738502914342e-01
3.327782577152091914e-01
4.218003801863112745e-02
6.346183523004019778e-01
-1.115616968771713235e-01
4.409247832683926838e-01
-6.345285041721132613e-03
-1.018734216350719590e-01
4.931257163862157178e-01
2.346820987981876883e-01
3.830050732509029943e-01
5.662894358127429362e-01
-5.231313281308024310e-01
5.779920743077320289e-01
1.933152260958135304e-01
-6.064941327188333453e-02
4.655631838084629548e-01
4.650940992010244024e-01
3.785266297278810921e-02
-2.256835814861624656e-01
5.224114459249074027e-02
-6.192319133517935059e-01
-1.151131267522675916e-01
-6.395279951894483617e-01
2.254491153178183049e-01
-1.371681639008600628e-01
3.965708324609018565e-02
-6.616093331756281448e-02
3.229496765514804912e-01
2.023283983245171003e-01
-5.816111381325095309e-02
4.263907606034522679e-02
5.822643764208542683e-01
-3.449427828598038426e-01
-6.544750944272421656e-01
-1.653691101580622158e-01
-3.630804135119306553e-01
-5.342809174261897720e-01
-3.904457577540756397e-01
7.256377667561615397e-01
8.124618933546432498e-01
-3.419578198600137231e-02
1.189780523388586086e-01
-2.969719676721281898e-01
4.857123720228565533e-01
-9.406801062438518990e-02
-9.540420507462077371e-01
6.204677538695264616e-01
5.927952501123622264e-01
4.990454049062372777e-01
-6.207424608611600281e-02
-7.125754064340492633e-01
-2.514107278398338696e-01
-6.121424074620444022e-01
7.425529484085058307e-02
4.333987535399675961e-01
-2.631254084711760477e-01
8.021947983725470355e-01
7.876744896509383365e-01
-2.622204357448547629e-01
-2.919929171157975567e-02
8.204950200730920518e-02
-4.380940335925818108e-01
-7.827214029223550362e-02
-8.792182978716313047e-01
-4.343836633634226008e-01
4.247189399894660267e-01
4.668086006089774420e-01
5.052894972581967181e-02
-6.988162444260358486e-01
-7.535641299541649962e-01
-1.897204425577205811e-01
4.492933528230564910e-01
-4.365123113847028113e-01
7.947041358340107831e-01
5.836945761906404684e-01
-4.032471865960215451e-01
-4.265061077380279952e-01
3.505930253527833607e-02
1.788386714599634608e-01
-4.902582485636576282e-01
-5.147363234720798708e-01
3.200068075930285749e-01
4.460672412561050848e-01
4.189720179592093530e-01
4.134279624872542191e-01
1.168134198003490942e-01
-5.301723246058165362e-02
-4.308659296486903045e-01
-3.040297143601398133e-01
-5.403931107341438667e-01
-8.252930957946336132e-02
4.445374743649712634e-01
-5.712403604054746564e-01
-2.773370313538695564e-01
-1.717276507203365776e-01
-2.348913116018543912e-01
2.175859163826920906e-02
3.632076983933565373e-01
-1.157752502211178980e-01
6.811496738031475040e-02
-2.920758158829243056e-01
7.936291958141649117e-01
-5.914445116043240969e-01
-2.191603008967501487e-01
-4.364458724718917049e-01
7.326120556038495657e-02
-1.392369492449436752e-01
1.586557647068341792e-01
-9.268260915940618183e-02
-3.598395771437054025e-01
-6.719062200639606131e-01
9.065224660839599213e-02
-6.225266372205062737e-02
5.238608925132250960e-01
-3.610120041318531925e-02
-1.658710266927432286e-01
-8.204237625201094009e-02
1.650299738566668450e-01
-2.792824930096570180e-01
1.757944701765161710e-01
3.932313003315113242e-01
4.410196142087748905e-01
-3.194185092088304145e-01
-1.726522236735261728e-02
-4.688408793556309018e-01
-3.417879925184292844e-01
4.488378119195682858e-01
1.927307411995872743e-01
-1.554305515791416514e-01
1.168951915304670131e-01
-1.336060693069718308e-01
-2.137510939502527130e-01
2.629812501071637776e-02
9.100942329028494093e-02
-1.943625473620561595e-01
3.524923470841564432e-01
5.105646141411164241e-01
7.692869469841695507e-01
-6.312704811745701861e-01
-7.632484885275298003e-01
-7.020188044839009711e-02
6.704807902110448969e-01
7.927591754983859262e-02
2.314945378637992546e-01
-5.274810780034375757e-01
-3.672087886464904249e-01
-1.077215391621707541e+00
4.249667250347192171e-01
1.948579921437216811e-01
3.379470257488310647e-01
-6.223482463269002229e-01
-5.083264571962281542e-02
1.055173243459529564e-01
6.895544826002730776e-02
1.453206572990117240e-01
2.502329183730389595e-02
-3.903594628812893097e-01
-1.229795076235917772e-01
-2.520062720074900398e-02
1.032798178246119303e-01
-1.936524992011556812e-02
4.728049662435632738e-01
7.502146645199314623e-02
-7.604741415635022372e-01
2.575362582710940540e-01
3.353577544384698239e-01
-3.735697036658932602e-01
8.578155834127143553e-02
1.751589724468813891e-01
7.248746630795643853e-02
3.789297305394975224e-01
7.758697685343264316e-01
2.925791858071472573e-01
-4.181022689365345713e-01
-1.881955723820197823e-01
7.867336535150293297e-02
4.699086313862932407e-01
4.280606430546275432e-01
-1.928726860996493597e-01
6.024408526738844749e-01
-6.211232573265934587e-02
4.975900947413225417e-02
1.823420751915423854e-01
6.090208990045464787e-02
1.231258645423801701e-01
7.831174663469930852e-02
1.806525973488977144e-01
-5.290975221260825201e-01
