3.311249266175747552e-01
2.697045608141966366e-01
-5.350876919503766427e-02
6.517700636796100455e-02
1.821677424081930285e-01
2.559345495441357476e-01
2.724840912908143009e-01
1.052151991611690596e-01
2.446034440479613881e-01
-4.263108017613863043e-01
-1.302084942439218351e-01
-8.868613117484724917e-02
-1.444711978011209430e-02
-4.891382845006437829e-01
-4.322964505925150913e-01
-9.099326014799836992e-02
-3.608346873736992255e-02
2.227467002436637200e-01
2.492500363069714564e-01
2.710111397265025923e-01
-2.035345596858668116e-01
1.633174489342240632e-01
-3.627569965061676616e-01
-1.001611383409103384e-01
1.320933651368916828e-01
2.462552482472351589e-01
-2.125784493402088637e-01
2.456906181681988710e-01
-8.186377292822827334e-02
-9.813991200922497771e-02
2.035298988501276773e-01
2.794429034625079411e-01
1.095315584373121320e-01
4.501152065549537395e-01
3.737080050633030670e-02
2.302018057977573973e-01
-1.801005324120529272e-01
-1.180710559748951727e-01
6.411095808195508249e-03
-6.148517520227295696e-01
-3.303410528921443268e-01
-2.981485000885513159e-01
1.225011743509933984e-02
2.088888854638841219e-01
-2.563612540330948569e-02
4.237166714241281107e-01
-6.091481055336912115e-02
-2.715832967308363655e-01
3.817715084437063588e-02
1.735794350266963715e-01
2.137956458353009181e-01
-3.865101819965646168e-01
4.341589734453907279e-02
3.311189063074702899e-02
3.237243864747446631e-01
-1.379217837432063498e-01
-4.610733573503844607e-02
-8.505205516155106560e-02
8.548893316404998499e-02
-3.593611998698053034e-01
9.276336468648983813e-02
5.623891879111060643e-02
-4.123770924731648968e-01
-9.977807472115234055e-03
-1.966118011573187996e-01
9.773940599452154987e-02
7.175955133221627313e-02
-4.489866831610284659e-01
-1.882466459917916390e-01
-2.454257563973859246e-02
1.930592089946019940e-01
1.546623216786314758e-01
5.146894696017128429e-02
1.677914073110612914e-01
5.880760199323742388e-01
-2.783148788702430876e-01
6.756958796859884042e-02
2.087150430970202697e-01
1.088168603977677507e-01
1.502609460590258704e-02
2.788330041163754602e-01
2.881031863849175395e-02
2.244320568928917167e-02
-1.926367856692099978e-01
1.623732207538763350e-01
3.518903666537867014e-01
-4.484012341773938592e-01
8.788975078264402857e-03
1.153863843188304983e-01
-4.850866943568064860e-02
2.661275995705255637e-01
1.860463367237204235e-01
2.336212704651083327e-01
2.807847105422214273e-01
1.333515515632612836e-01
-2.399098742019531993e-01
8.374171579807650201e-02
-2.877532602545734841e-01
-9.283529010959906680e-02
2.388984015800230953e-01
8.139603000455575277e-02
-2.387153710811598939e-01
-5.304827920144983278e-02
-1.379012051694931129e-01
-1.691430103297594245e-01
-1.388502174316842142e-01
-1.231371467795671359e-01
-3.349391613687758840e-01
1.565476631399981833e-01
3.262495158818485841e-01
1.880719046375249059e-01
2.798783260379176241e-01
-3.336599900426789889e-01
9.178149896884353620e-02
-3.041124212796534471e-02
-1.528566648138552503e-02
-2.090739365215297380e-02
2.960628649579249982e-01
4.691320686680024166e-03
1.879253685740533142e-01
3.629280758010637320e-01
-1.899124588262081637e-01
-4.474219266488275726e-01
2.248874115798883133e-01
1.775047168420433308e-01
3.089420843863652788e-01
-3.500565897368740353e-01
-7.943460132158325360e-02
-3.710291150766080182e-01
-1.612237966357822627e-01
-1.122151841436252184e-01
-3.081187352349157305e-01
-6.250967088764872170e-02
3.972071713209894550e-02
-3.976140593457702099e-01
3.523417847120129398e-01
2.858211394944861761e-01
-1.749529429256058838e-02
-1.313707942447860377e-01
-1.119648884931990218e-01
5.052232992996817662e-02
-1.122285117769106499e-01
3.810261852454723819e-01
4.312649343906471006e-02
7.094005853140977758e-02
-1.543790171207718720e-01
-5.193141749367032045e-03
-8.615936719291134027e-02
-1.533621186400890291e-01
-4.338738395911045931e-02
1.233126727719174309e-01
3.393245844870862449e-01
-3.660295613705782936e-01
-2.742768934739946429e-01
2.277239918050669443e-01
1.802256512338193395e-01
5.134518485765268703e-02
-1.087498414153492549e-01
1.713625765342889906e-01
1.098863173623242928e-01
-4.270859252394318406e-02
-1.755318207146716047e-01
-5.499104660668485689e-02
2.464930623481235428e-01
-3.910195260099177395e-01
-3.101830851653081950e-02
-7.574546915305492567e-03
1.336389291216208697e-01
3.859322657473271967e-01
1.987664009457745795e-02
-2.064667888581072919e-01
-5.864975037888940645e-02
1.040327734693636125e-01
-8.837557612501224791e-02
3.010004962001306961e-01
2.054025912464680498e-02
4.265325254537984945e-01
-4.939175570392730918e-01
3.071146392760399912e-01
3.665755012058204976e-01
4.890858239275673869e-01
-2.881539507880699902e-01
1.929948806122150362e-02
1.666419512966906824e-01
9.312336518636383023e-03
2.076670208623208058e-01
9.230895952314513431e-02
-2.562654527609877775e-01
-5.232074018496475354e-01
-1.042020697218542236e-01
4.818960272340826467e-01
-1.453766189836715461e-01
-1.559728469710510712e-01
-9.752014882203358104e-02
-1.164178386187234848e-01
-2.680192334728471182e-01
-5.012864072197407983e-02
-6.441543216914150105e-02
6.634237907202975015e-02
-1.723995664929657279e-01
-4.230682762690501225e-02
5.229412776207116309e-01
2.940340902697085035e-01
2.235328812889328942e-01
1.773929836878768151e-01
-2.666411603241363171e-01
2.935753165410360799e-01
-9.622162414858403956e-02
-2.160608515327965828e-01
-2.441839983178302198e-01
1.492417771340516230e-01
-1.639260080353229787e-01
1.995531180371651614e-01
2.688081075447764645e-01
4.217452708186261029e-02
-5.047773978191443245e-01
-9.611388399095092266e-03
-5.974887117256370839e-02
2.083190213533481772e-01
2.657922643148977748e-01
1.833129731404148366e-02
5.117233200108899614e-03
2.372673153366600673e-01
-2.347475370072075185e-01
4.743622592323236686e-01
-1.010177681541239159e-01
-1.767912946950574438e-01
-2.929217307531531977e-01
-2.252443296413000617e-01
3.483658927208577172e-01
-1.376830526022843615e-01
-1.017706251919278659e-01
-9.196539386579440090e-02
1.172063802116207754e-01
-6.474940589272495939e-02
1.033152601896403580e-02
1.686467282736586470e-01
4.419715723133111340e-01
-7.290439068673904011e-02
1.348196461411898528e-01
-1.925415920036492867e-01
1.865251772059868252e-01
2.903146656326487385e-01
6.372796395190699625e-02
-6.253508109709099427e-02
9.920382679888886668e-03
-7.357964253721449577e-02
2.861800121527894314e-01
1.104290724626009849e-02
-3.250683509552818595e-01
1.700714937468774113e-01
-1.939611406409942895e-01
3.748754690439923820e-01
1.812770517787271884e-01
1.976666204821645248e-02
-2.626691407172979109e-01
5.972597088359352796e-02
6.840000216916422571e-02
4.674666435127834418e-01
5.213548690672838160e-02
2.158336030425091895e-02
2.526594935686174992e-01
-1.540149386292554434e-01
-3.066754941352316521e-01
7.038254696912071839e-02
