1.746563702389797301e-01
1.752900144936647142e-01
-2.768851047034535107e-01
1.723636208986624452e-01
3.016960587870010091e-01
6.282287195704071292e-02
1.759111588694635131e-01
1.949847590116433882e-02
3.001045517945973851e-01
-2.934580118537244431e-01
-1.107927427253517366e-01
-1.150390792476788521e-01
7.100089699316591840e-02
-2.812263209494312299e-01
-2.713659473651122145e-01
1.452514763375563518e-02
1.070068622708975487e-01
1.376561801845073152e-01
2.489920470973600031e-01
3.119834831847601020e-01
-1.489322668841464303e-01
8.387367450671724678e-02
-4.538334409505144773e-01
2.920812669770147044e-02
1.945962437232916509e-01
1.536738903487684937e-01
-1.150986921187762829e-01
2.134321201897871612e-01
2.004504179320285573e-01
-1.729206300501537896e-01
6.325650349239370085e-02
2.110616079000819933e-01
1.547487254968303860e-01
4.243793595403180796e-01
3.450798405138631730e-02
2.327733870495660440e-01
3.780277775652229194e-02
-1.407896863515435970e-01
-6.702015239878146395e-03
-4.700715346576651021e-01
-1.707567552947299172e-01
-3.066192999982805811e-01
-4.364970406413101051e-02
1.742585717308231530e-01
1.628870441668586744e-02
4.191131457417852646e-01
-2.714053769314983544e-02
-2.550093710316178597e-01
-1.098129989445558730e-01
2.001530818031150016e-01
-3.156370792127910496e-02
-2.919729248734749816e-01
-1.122375069537956405e-02
9.610242172946330264e-02
2.863094822069041645e-01
-1.471384773426010484e-01
-1.606755205830565914e-01
-6.068981237097807735e-02
4.897376845216248886e-02
-3.551839739977861177e-01
2.767430971654240984e-03
1.243726084980009000e-01
7.655220702830856094e-02
-3.473045585457853329e-02
-1.178157992382048436e-01
5.896615656534515137e-02
4.917449068213677194e-02
-6.240979884364894481e-01
-2.982429058020870105e-01
-1.003851229163171127e-01
1.751662296059147694e-01
4.598340078359754168e-02
5.455212231693032376e-02
1.593289579573121950e-01
4.956888249453575424e-01
-2.081386910958658298e-01
2.611850069761540993e-01
1.297348830409227605e-01
4.047717320881598357e-02
-5.019526239730685846e-02
2.852270458250317775e-01
-1.326803699241129592e-02
-5.887507155743187948e-02
-1.381958072799668591e-01
1.916382492332439347e-01
3.475373533776531243e-01
-2.927623512628955149e-01
-2.500638885692139587e-02
5.971098869267771336e-02
7.252536409886604918e-02
2.017547508542074097e-01
1.404152748495407499e-01
1.351610142489201305e-01
2.366299047692889956e-01
1.322559292790820296e-01
-1.145156497700419579e-01
8.907946099942576357e-02
-2.044497589528143644e-01
-1.888542091926089794e-01
3.870129676144576925e-01
1.872758047693402761e-02
-6.613311515528090545e-02
1.411840809181165446e-02
-1.511332232049411861e-01
-1.680214871286386247e-01
-7.772588102399344279e-02
-8.078910420767729250e-02
-8.762670125620825035e-02
2.012536199356796535e-02
3.123384891859854462e-01
3.630939163070432407e-01
2.905637873666356841e-01
-2.932519587241578796e-01
9.898059279598106497e-02
-5.769110269106708655e-02
3.587435563575040037e-02
-1.649324416932607812e-02
2.743329792585104121e-01
1.964231165314569705e-01
1.990534333688648849e-01
2.719082480458009377e-01
-1.531062158136525519e-01
-4.128125813736034377e-01
1.576647694444992254e-01
1.629699685467426995e-01
3.143549520298657973e-01
-2.363286194317504030e-01
9.704371168587927476e-02
-4.045338645903089336e-01
-1.599299527154354750e-01
9.730695880133352627e-02
-2.218601486314745741e-01
-1.194653986843651899e-01
3.572240676483370153e-03
-8.430527209196819749e-02
1.582571909579397751e-01
-7.666516831472930393e-03
-8.259465606045073016e-02
1.696177708721186006e-02
-1.680600990267750172e-01
1.551984968492623428e-02
-2.716939952988478568e-01
2.377807200457981995e-01
1.001987077115027297e-01
1.268112158754271523e-01
-1.840021338849512911e-01
7.061266834635550327e-02
-4.127315564502858497e-02
-1.560415156936557357e-01
-8.226376284642695352e-03
1.531074816152843687e-01
3.492009327356108139e-01
-2.202002046462512297e-01
-2.889447798118524036e-01
2.527614258901613731e-01
1.523786442542416908e-01
-4.762187172398971852e-02
-3.140094067087030871e-01
2.583871466355012192e-01
2.260059448106181354e-02
-7.114896289566070842e-02
-8.137589091024732824e-02
-1.043423616826398975e-01
3.540003272785677280e-01
-2.405501210615835217e-01
-3.235770806573942671e-01
-4.577681180331090449e-03
4.875552501887768508e-02
5.332949181347876322e-02
1.890833289332231534e-02
-1.025920868696682808e-01
-1.117463486199696820e-01
6.312874043958256742e-02
-2.051939721437231190e-01
3.853378888086915754e-01
6.056647435004283708e-02
3.956635161651496091e-01
-3.158814759174320419e-01
2.015708091366623100e-01
3.181605883723594985e-01
2.915112507947350551e-01
-2.567422135296411057e-01
1.697910878047850097e-02
1.776879304061950993e-01
5.778061247432701719e-02
1.601817479264798783e-01
8.381107630097443806e-02
7.863253516814917854e-03
-2.030607984348626327e-01
1.484546826277008402e-02
4.835803669841295394e-01
-7.749816178634394426e-02
-1.439967121182120779e-01
-3.920877829767030476e-02
1.163262714563679384e-02
-1.870662647634156461e-01
6.705117354763372173e-02
-1.298685308069590649e-01
-3.712062729062381994e-04
-4.730150331313470735e-02
-1.815673825046208029e-02
2.904142758164871552e-01
2.542626284299043804e-01
1.496454315282105263e-01
6.520833464381545763e-01
-2.063197913535227690e-01
1.725186406697079289e-01
-4.753257030121954552e-02
-1.809447354571717403e-01
-2.658292795824813703e-01
-5.281865602434048651e-02
-1.855835308384720661e-01
1.972879730836877843e-01
4.325328720908250268e-01
6.579883967630695274e-02
-3.647408579000453455e-01
3.483835636175783290e-02
-1.215602806454141316e-02
2.766761006003852219e-01
1.345281699608818771e-01
6.035344176343413608e-02
1.290449229020827933e-02
1.352631709728778775e-01
-2.031635146036601947e-01
3.290709473076058322e-01
-7.445860133770770828e-02
-2.128780131215067539e-01
-1.475178221728343231e-01
-2.121713573270442854e-01
3.192998124691179829e-01
-7.166267692480289553e-02
-1.018764670313047627e-01
-7.230443226599708728e-02
1.368048216247441662e-01
-8.061517795813408216e-02
-6.155572946031952208e-02
1.685736492261219466e-01
2.870297136398242688e-01
2.006403527849069668e-02
3.159553924178785111e-01
-1.915484293833827345e-02
1.703864603216231066e-01
1.826626368174026072e-01
4.280513056892215618e-02
5.528891447883876875e-02
4.289130047082613528e-02
-3.133239814047326238e-02
3.081423963821975365e-01
2.591487961883327112e-02
-2.797687172018155644e-01
1.357483313092512911e-01
-1.626338140904119989e-01
2.479274861556997611e-01
8.022685990788994137e-02
-9.076100254808067147e-03
-1.529146057444270290e-01
-1.425460383660902969e-02
-3.410819185480584714e-02
3.239947724705671828e-01
2.243533889316036700e-01
-4.273353494722173518e-03
1.890314092076220698e-01
-9.488733160541892864e-02
2.502254924541557832e-02
1.051441727119740641e-02
