2.374254849034377890e-01
1.677163171896801919e-01
-3.095049988369407146e-01
1.936335088521979886e-01
3.695759765587410817e-01
4.836725274159587445e-02
1.440003653116391780e-01
-1.422835310779835827e-01
3.165412220950719613e-01
-3.737072178203826311e-01
9.236111126163380758e-02
1.482046255495549775e-02
9.639488149931055294e-02
-3.631546890645080405e-01
-3.878927253199557779e-01
-2.264256332605015243e-01
2.471770109862131415e-03
1.373885613081554657e-01
2.107232389382677207e-01
2.124948259367928638e-01
-1.443082711038739530e-01
4.547992025389031856e-02
3.903728937103526087e-02
-2.195385652716807523e-01
1.974271191422003469e-01
1.162366205034998934e-01
-2.129290813983845954e-02
1.378606249021598340e-01
5.468908626341495438e-02
-3.298529357553037222e-02
9.818842248931311523e-02
2.435239549703451800e-01
3.357163174959769403e-02
1.832048939508538199e-01
1.334657401589545711e-01
3.075197931620155672e-02
-2.550121490354633966e-02
6.288312095229958709e-02
-2.454445249924038785e-01
-1.615317899501912680e-01
-1.930380239559089384e-01
-3.747973765701763660e-01
-2.022064461243998634e-01
2.856492807526379574e-01
1.758659300761110933e-01
4.346515958177054606e-01
1.540323262985280328e-01
-9.669097795167325149e-02
1.753087117567961317e-01
9.779700334176072429e-02
1.268884060565680927e-01
-3.788251879222377938e-01
-8.273010092812160821e-02
1.760617659936963841e-02
1.884859146407249775e-01
-1.750453503819273116e-01
-9.835876174069362043e-02
7.028390588385925730e-02
1.095110696279704421e-01
-2.353049741057772482e-01
5.666190751942079551e-02
-1.183790239465611627e-01
-1.661485829587965035e-01
2.868235916280147402e-01
-6.736440751710168207e-02
4.696864550445715297e-02
1.625071704971679798e-01
-5.005512724170770866e-01
-7.704347762354059326e-02
-1.524403673935981890e-02
1.721103662249647837e-01
-1.603222745798738719e-02
1.491049055903060361e-01
1.183884246948822966e-01
3.834810258294591989e-01
-3.111370181495458631e-01
1.710155278215706176e-01
1.742711513900411791e-01
2.150006109961813405e-01
-6.909433904632625301e-02
2.105022161745304654e-01
2.658520561994975884e-02
4.037406143293956889e-02
-2.090855597567202739e-01
-5.530451290364866296e-03
4.193077011432710943e-01
-2.426663998391817012e-01
-5.711923356720321338e-02
1.067175613105731252e-01
-3.327176470302173339e-01
1.585783743046528527e-01
2.542780973500070041e-01
2.290187576153807775e-02
2.734132091835044243e-01
8.119583586223930172e-02
-2.270008782750551624e-02
5.127274064868516529e-02
-4.929595614478415877e-01
-2.581809272199123151e-01
-4.512903158600944931e-02
-2.584580534881954217e-02
-2.123817349886653882e-01
2.365086245416299082e-01
1.153350003237139237e-01
-3.074351359224259395e-01
-9.020856113403569188e-02
-1.965752825891738942e-01
-3.327940761846705509e-01
1.825480736020498040e-01
4.029208170953327839e-01
-2.931414358498390937e-04
2.282686432787807140e-01
-3.035085129942295956e-01
2.760255597172214248e-01
-8.343921749418174716e-02
2.024784833391841676e-01
1.806533350710271824e-01
2.684824931086988720e-01
7.439551367195501586e-02
2.644683229716013884e-01
2.108889156695523404e-01
-1.142354934740529154e-01
-4.047728983371493561e-01
3.180996430585742440e-01
3.690940719868426867e-01
1.724586186812138711e-01
-1.035104378339981868e-01
3.067962028764709137e-02
-2.186080393435660130e-01
-2.315098629780850958e-01
5.451996610084768047e-04
-2.409215556090724686e-01
-7.132165955338969077e-02
1.000037229438832387e-01
2.671712523871231926e-01
-5.460529156438527487e-02
2.002651915293651025e-02
8.906974171715043020e-03
-3.600698733750853364e-01
-3.943370404160037035e-01
-2.075539740925661999e-02
-8.393174362746820549e-02
3.400472572909641888e-01
5.580069721311739506e-03
1.296208155652431582e-01
-1.943407668194606919e-01
-5.385424851757913967e-03
-1.983101113533607962e-01
-1.508023666204252877e-01
3.933593549693347596e-02
3.489723076538020496e-01
3.807458491301202175e-01
-4.701811756335562698e-01
-3.092958486999214385e-01
2.443028244456941778e-01
-2.100107790106288397e-01
-8.206762721559732188e-02
-1.171435716413475742e-01
1.674038735421576052e-01
-2.755917571591109255e-02
-1.645671582228217522e-01
-6.110630606325329062e-02
-2.055922641044668001e-02
2.723546256026937451e-01
-1.381914055625100834e-01
-9.022583024670602359e-02
-1.779448192510612314e-01
1.853418293685817342e-01
2.185532995341765428e-01
-1.856682188766114461e-01
-3.713682147189455440e-01
-1.853157234648355189e-01
-4.613126436910644501e-02
-9.901136717398029141e-02
8.577744933566111563e-02
-1.001465452575260942e-02
3.693707521021224460e-01
-3.099303448062321609e-01
1.344466215511155860e-01
3.828434433357079114e-01
2.986800027132090474e-01
-3.168729915802963593e-01
-1.130977232704765412e-01
2.224968925262401642e-01
5.258385259962120029e-02
2.241413106791849963e-01
2.325775594313141403e-01
-9.427330013657200802e-02
-1.792382430365060952e-01
-2.705435322067707427e-01
3.763885100266235462e-01
-2.757380869338141305e-01
-2.378031246280635780e-01
-2.230458731280196005e-01
-8.925629252297728744e-02
1.226666491818791983e-02
2.749227768101125680e-01
-9.708282110911646556e-02
2.494702608816801170e-01
-1.832033303817760250e-01
-8.887209086572271655e-02
1.905485847614559192e-01
2.166339717764252382e-01
2.782278794771566588e-01
2.036842521448606891e-01
1.758011360256950539e-01
2.325482126388547788e-02
7.478404450841324991e-02
-2.857910542189115444e-01
-3.550603189391477454e-01
-8.846869452749492324e-02
-2.323159543650350212e-01
2.261900511187204255e-01
3.379241650253859142e-01
1.129771074538952341e-02
-5.728267516374503376e-01
-1.184837251156566351e-01
-1.207415501188005141e-01
1.086024818256997454e-01
3.232712113038461732e-01
6.871020246995890313e-02
1.311808558887878062e-03
1.081612533593472036e-01
-1.308370184122724655e-01
1.974563784128003374e-01
-4.443329168083346575e-02
-1.731683504194387047e-01
-3.911667353584999951e-01
-2.091205807078218293e-01
4.834032788959432558e-01
-1.521589281885690759e-01
-1.254259841337127257e-01
-8.216601856256980363e-02
1.406413419883639215e-01
-2.970002294152196409e-02
1.272951362254934327e-01
1.440429613905404027e-01
3.534018414301007271e-01
2.653626232361487938e-02
-5.225501068096001511e-03
-4.900200651989747302e-02
3.351138163840268192e-01
2.753686220081102975e-01
-1.055042492416692901e-01
1.299096808609679909e-01
9.765820289794199804e-02
1.105253042613135589e-01
2.900915065729865461e-01
2.719807498811427360e-02
-4.517294640469552980e-01
-3.530492640248828612e-02
-1.683200801816951697e-01
-7.652661876454219803e-02
2.071728129205848978e-01
3.972465185247547881e-04
4.373256589318315346e-03
1.311459565094012097e-02
9.112542737849041452e-02
2.457272170581545345e-01
2.986011450681774759e-01
1.295123189966400079e-01
4.201232177651876287e-01
7.051462989607701348e-02
-1.535203856559913538e-01
-7.469692124875861039e-02
