4.779148563334186250e-01
1.997372656132171131e-01
-3.370296883656741516e-01
1.966514292258948748e-01
2.340874496380797587e-01
7.491041337318044002e-02
3.526622911578400910e-01
3.306204356247408049e-02
1.665279520994572549e-01
-4.523028294016769313e-01
-5.344037647455585072e-03
-8.997531764905394858e-02
1.678727748174377310e-01
-1.791213405708157458e-01
-3.386473831016548752e-01
-1.447608675416556245e-01
-8.247588349608511726e-02
3.875124319655636196e-01
3.221640467570615063e-01
2.147761094842258744e-01
-1.671594860134200111e-01
1.756312237056805725e-01
-4.313706642481661691e-01
5.690707880215917225e-02
1.515568866685525484e-01
2.280361685432384100e-01
-1.154453703617834559e-01
3.785791566836596012e-01
2.265263066980083284e-02
-3.159933573924445516e-01
-6.840461757400162490e-02
1.956739772525410426e-01
2.490760710280507939e-01
3.302450633292471904e-01
3.128967916773159330e-02
2.084054357030513116e-01
-2.205390285712247878e-01
-3.889069126364597118e-01
-2.100624598437414448e-02
-5.434410704681680304e-01
-4.394979774587820520e-01
-2.606281321164459763e-01
-1.819441972833363008e-01
2.984105121515459036e-01
9.892476785659770622e-02
5.651880912646858324e-01
-3.377904194325631604e-02
-3.738521315220332264e-01
1.350813769898618066e-01
2.570160301008596049e-01
-8.656803595915654737e-02
-5.438091875061501490e-01
-3.461237817389867244e-02
-2.179537082916926938e-02
2.207392018872533224e-01
-2.719699936471686730e-01
1.025224364143156874e-02
-5.580004046230568893e-02
7.853482143817289152e-02
-4.487370397922839649e-01
4.983276111549861387e-02
2.023039131217749254e-02
-3.668408731441283877e-01
-5.398376918928371460e-02
-3.054129178556216351e-01
1.098707679158811013e-01
5.666027470816684120e-02
-6.627802469062348267e-01
-3.182356695234301869e-01
7.296975659103088763e-03
2.492313293615548153e-01
-1.011177217924615623e-01
1.252480432884027495e-01
2.883659541309676611e-01
5.007640058521818371e-01
-4.357464655225939398e-01
1.876717913059568754e-01
2.484866845294669835e-01
1.848449453006551502e-01
9.297898279258931531e-02
3.558898290210151805e-01
-1.947711174003454448e-01
7.536066411014569200e-02
-1.788316859719044360e-01
1.730344896419546696e-01
4.333966935990856140e-01
-6.755231292856261893e-02
1.929943754256984445e-01
7.487861841201065571e-03
-2.057478682592273622e-01
3.545324450559821927e-01
4.553309100608613491e-01
1.550296741990905003e-01
4.989974452660173032e-01
1.315538342799368599e-01
-2.216910761272501140e-01
3.914186444754416683e-02
-2.845049489081097893e-01
-5.189706790221424448e-01
4.445836088192077207e-01
3.857891145617675654e-02
-1.904818409005458735e-01
-1.115165795790852288e-01
-3.318157011246997135e-01
-1.402484510527532424e-01
-2.421743108408171696e-01
-1.531109325197071436e-01
-3.878193089000406824e-01
1.162590121158469936e-01
2.269281518953605303e-01
4.204836549156208969e-01
1.034425202264253052e-01
-1.687354036230440113e-01
2.784448123559754018e-01
8.876014979229504553e-02
1.552136960858681580e-01
-1.076983872822900867e-03
2.711291143342855481e-01
-3.086495870457219015e-02
2.842203638755806949e-01
4.808423915333864818e-01
-2.185887051753041821e-01
-3.914106759464390795e-01
1.495840989502843499e-01
1.704247787595116470e-01
2.238784490371972247e-01
-3.941031853106244931e-01
1.651032198435564702e-02
-2.896902942716604312e-01
-9.868380033702689458e-02
-7.916441514153862991e-02
-4.825261952029350487e-01
-1.196404820871811159e-01
5.285633713935694589e-02
-1.556429825336172190e-01
2.516400269231258147e-01
2.123930831685136855e-01
8.092073661017792907e-02
-3.217441817460268139e-01
-2.227237304069371593e-01
8.059992870460597203e-02
-2.670683989083790233e-01
6.057765836093969014e-01
6.701438114029210913e-02
6.476103205753980241e-03
-1.745987320249743902e-01
-1.330256910150863781e-01
-7.812620122890484575e-02
-7.601513951061675267e-02
4.925077253912224506e-04
1.042192524424224997e-01
3.608422680190814802e-01
-4.095545768748671267e-01
-3.405335680151722055e-01
3.686096292596227064e-01
1.451274696209555737e-01
-1.474559621676382881e-01
-1.801833607878728372e-01
4.144056981219373936e-02
1.967464454668845508e-01
-4.126985638136113077e-02
-2.095810515023021625e-01
-1.955852015012493617e-02
4.049078622110760528e-01
-3.818416055873654624e-01
-1.686683599809886136e-01
4.557214247418878150e-02
2.278166018812677607e-01
2.672300651520862491e-01
1.900162198991717233e-01
-2.098316901809199608e-01
-1.537624048085644290e-01
1.500759231883087019e-01
-2.351813080242689535e-01
3.352126177480684310e-01
-1.492158578400673563e-02
5.160071573473768991e-01
-7.157342097107244339e-01
3.219415109478402925e-01
4.874002221374505450e-01
4.252486169845289821e-01
-1.758021299596252141e-01
-3.909956422123650466e-02
1.400884269149558770e-01
-1.954664890880700723e-01
3.492992376229048235e-01
1.633812200375188706e-01
1.109261877704453281e-01
-3.843979180725614064e-01
-2.592120472194379133e-01
5.667522810141688572e-01
-1.751288378844608751e-01
-1.273024211669459005e-01
-8.083392450114429417e-02
-1.815496405475480746e-01
-1.323532367200546400e-01
-1.853026202839972159e-01
-1.104118606919952950e-01
1.374076339216351306e-02
5.681976801980825886e-02
-1.501619010023048650e-01
4.093189141951447674e-01
3.390997263629155212e-01
3.052555470896715084e-01
1.092441834314013260e-01
-2.601178038476750221e-01
1.945565588227742282e-01
-1.414267735021403627e-01
-5.427321525729817964e-01
-4.145741167958166828e-01
7.857896693247634623e-02
-1.683887336665969847e-01
2.690382159128074102e-01
3.594277814191637610e-01
3.232506827670975080e-02
-7.492974229926860907e-01
-5.857882257189386821e-02
-8.795882574001348542e-02
7.813970454233573615e-02
4.116415963532568112e-01
7.377091944555425052e-02
-4.530493535965460228e-02
1.040734907941726350e-01
-1.681954855162030027e-01
5.455569181844079907e-01
-2.130279688036973151e-01
-2.167569333698890766e-01
-3.339007177250570280e-01
-8.327188010482908243e-02
5.572039813528435470e-01
-1.894090637136356114e-01
-1.083373928727173752e-01
-1.195505470378851465e-01
3.532301947697287225e-01
-7.424656863343138957e-02
7.423228659738231872e-02
2.229250062642978425e-01
5.333527041755083964e-01
-9.411158021013898978e-02
1.088745158503356125e-01
-1.712851499307163350e-01
2.513935163781109705e-01
3.283924155458181060e-01
-2.317911112669614471e-01
-5.900640403605027229e-02
1.150621820380331728e-01
-1.257510004526266045e-01
3.718211608806220037e-01
1.801282544292887033e-02
-4.601885768285335354e-01
1.973972956342813778e-01
-1.005271614396519575e-01
4.708002944184512817e-01
3.966183765638505720e-01
-2.307344253641752108e-02
2.182778574983962883e-01
1.478236273397731670e-02
1.893146557932244844e-01
2.507518366603169735e-01
1.493436638949836581e-01
7.579679956485173287e-02
3.853827866264025737e-01
-1.522766215667109013e-01
-5.554974393943593047e-02
1.090207490427615583e-01
