-5.714427798033844264e-02
1.268130837915668885e-01
-2.222505365101437591e-01
-2.919176313632773079e-01
8.645779101899221386e-01
2.945796150693578697e-01
-3.455633864982909920e-02
2.584207102684362711e-01
5.259568148561307721e-01
-1.638406617501812212e-01
2.298097370819730534e-01
-3.762104234722900009e-01
-3.051643660795076984e-01
1.434662888943004366e-01
-2.217592633252665202e-01
-1.710595640590131528e-01
1.103741050092769405e-01
2.760502908536334732e-01
6.010856465106443336e-01
-2.119799930460437021e-01
5.432474726141001131e-02
1.999864305470808457e-01
-1.969779622435851585e-01
-4.089263127919967600e-02
-1.940065634848574250e-01
5.908182264582519938e-01
-9.989053905614886375e-02
-9.646853734020577331e-02
-5.942536174600332455e-02
-1.250066799435101683e-01
-3.236896056959694401e-01
1.974234694228274023e-01
4.076379024713866484e-01
1.227676227183505109e-02
1.630509722458937105e-01
9.587675934839900993e-02
-4.295665182673820137e-01
-5.463434565680964639e-01
1.937148217702644171e-01
-5.378318059437972032e-01
-2.388331665078183008e-01
4.986597936006588738e-01
3.948187369648068490e-01
-2.292587235990714012e-01
6.268973369208818980e-01
-2.795015674065315370e-01
5.701576698883170646e-01
-3.174793918962666162e-01
6.181832221285957774e-01
-3.532039179763268866e-02
3.158068324708648289e-01
3.191023417701959186e-01
-4.447561916042915842e-01
3.734423007607223788e-01
-3.507635236198269890e-01
-3.740191265307584723e-01
9.610201699894888039e-02
1.199015504504282736e-01
2.101545922422821677e-01
-8.208538279226929024e-01
4.629396578502834592e-01
-2.311152356606613334e-02
1.024459926151524980e-01
-5.117628004268455211e-01
2.049494006159777448e-01
1.467798375156513790e-01
2.054313582460032261e-02
-1.020729208506839791e-01
-9.350878874819450182e-02
-3.247373571499304612e-01
-2.008799855868204087e-01
-6.087976400826949908e-02
-1.413900567493242555e-03
2.721982909754069313e-01
5.999300743366369204e-01
5.158384870993055760e-01
4.112621697865382342e-01
-2.852954440956487758e-01
-1.245139114845144890e-01
3.277612192540018121e-01
-1.622489461011758227e-01
-5.034258582431649920e-02
-3.116372414244697464e-02
-4.909946536589996358e-01
-7.063662021308333427e-01
3.337085115911271882e-01
-6.250570103070696160e-01
-2.166930761738483646e-02
1.842892677649548561e-01
-1.197604240959390109e-01
2.515921041878895759e-01
2.202298747519317590e-01
-1.394010003207849790e-01
-7.509725013351176148e-03
-5.254222458547997965e-01
-4.491308725545714031e-01
-3.288028140568690638e-01
-1.368336722285974361e-01
-6.798444091220038343e-01
4.281136425948076640e-01
7.889752928011958821e-02
-4.520842501910494193e-01
-3.805492110846147580e-01
4.793348597494835328e-01
-5.019752994167931970e-01
1.749640093720703504e-01
-1.289785464034328699e-01
-2.869165355732340439e-01
4.689079782418191789e-01
-1.434024321965740589e-02
2.089162356451936819e-01
-6.289502052501695362e-01
-5.629447090058681269e-01
5.771881360845410036e-01
-1.101067729268156714e-01
1.633917240458004905e-01
-2.583478556296261441e-01
1.704196325148505109e-01
-8.090210461758695626e-02
-7.388775334636621395e-02
-4.883105777562954386e-02
1.884761217126824651e-01
4.126399618536179537e-01
4.865698778614329645e-01
6.002051279609454948e-02
1.876801863189947184e-01
-2.883123404076493590e-01
8.954538673806897164e-02
-6.084845899166703154e-01
-4.808461344543758509e-01
-3.207232589749822171e-01
-3.596096132131536005e-01
-8.776540702045376730e-02
-2.731777280384303230e-01
-3.742261222349457239e-01
-2.549090825680880856e-01
-7.458775982598760956e-01
1.674844077454838709e-01
1.071713848047791129e-01
-2.380967996434286416e-01
3.097979404616079124e-01
-1.693205452309214376e-01
1.623490423028898511e-01
2.477266591152110509e-01
1.804654611079400950e-02
2.498138262800205789e-01
-3.537943083912301612e-01
-5.558335315542816124e-01
2.456073909410886047e-01
3.073084007550705432e-02
1.781351605439667751e-01
1.009181025761919370e-01
-4.752752166449206173e-01
-3.467087678842459830e-01
2.272250099112762822e-01
-2.528716204565241155e-01
-1.596513770794850962e-02
-3.716592049640629059e-01
2.654860893251986820e-02
6.108696493877554534e-01
-4.214277140475782835e-01
2.411549038248712862e-01
4.080417040161031239e-01
3.332443259283418557e-01
-6.474945738835502507e-04
3.418193291001613843e-01
-7.792387820629337325e-02
4.313020873702986258e-01
4.222187015179341696e-01
-5.894868624505057442e-01
1.689182262761645681e-01
-1.424385820672839364e-01
3.686548337137333098e-01
1.367483808390093092e-01
2.576391090994966104e-01
8.305890476860447458e-02
3.776973823566752708e-01
9.161144838971635451e-02
2.453779861841973164e-02
6.781477006833965815e-01
6.569149667952660643e-01
3.720449214862100451e-01
-6.785555788705460722e-01
1.931205638869714358e-01
8.798745861228934872e-02
4.351265851213099722e-01
6.529443306026421201e-01
5.975703566289441993e-01
1.918092539174962308e-01
1.543801018825003424e-01
6.655607454722040073e-01
-2.640862611024543116e-01
-1.436473243753345896e-01
-2.058526843001564355e-01
3.061076150789583394e-01
4.031246405753163842e-01
4.025387198263438715e-02
2.174767728064324612e-01
7.147034156848308672e-03
-5.558968725803152822e-01
-3.481723299646417580e-01
6.124564193668459167e-01
2.331423058049153785e-01
1.603955155637206975e-01
1.739600745311713492e-01
-3.336966404512334283e-02
1.794669312136409622e-01
3.855443970418116484e-01
1.638602258657718136e-01
-5.294771056748620586e-01
-5.431356618905343048e-01
3.139947779542733852e-01
-1.549738439240164745e-01
5.611017067143739823e-01
-1.245429409808788135e-01
-4.474383782553729150e-01
2.859508695541373990e-01
1.701472788990864571e-01
-7.064281807831209736e-01
2.060018006191764728e-01
1.296479676079532739e-01
-6.901872094110467204e-02
3.548066746038406327e-01
-2.099735447598548577e-01
-2.213192888112047729e-02
-2.745377054964701635e-01
-8.567080686211006602e-02
-2.696058004047001688e-01
1.706746264411013181e-01
4.139505617339009902e-01
-3.269892858417512427e-01
-6.462522593749550071e-01
3.369041137288411036e-01
5.517162508137642973e-01
-3.247863524273542080e-01
-6.211014044818219393e-04
2.797020679856211944e-01
1.916815201538294433e-01
-5.789970700927745684e-01
-5.985192183741072647e-02
-4.850921142336245828e-01
3.400705114759489112e-02
4.179383934415537016e-01
7.519358220982454988e-01
-7.407915769907597037e-02
5.155921031819689082e-01
-5.855983929442726277e-03
-1.239538417159946615e-01
-1.815929517259785853e-01
-7.501852955716273863e-01
1.861802223843815052e-01
1.429698357214129190e-01
1.772941564310468177e-01
2.227634650105507486e-01
-1.316981711372605390e-01
6.166264433017881741e-02
-5.817388570381475388e-01
7.756060697063243969e-02
-2.042252150602898164e-01
5.380532409566447516e-01
-3.135128310274544194e-01
2.987650894536686419e-02
-2.162259344536278938e-01
2.448534250157031744e-01
1.618489431623946484e-01
