-5.735062140163618150e-01
1.666307199129603012e+00
-8.898214558689712117e-01
6.787754407299390058e-01
-9.521605046131149663e-01
-1.713134355855895907e-01
1.870035484472435949e-01
-1.715054320906354013e-01
-3.721023075218600207e-01
1.499572364271181679e-02
-1.110218948285756957e+00
6.427133094244938949e-01
-2.305494008326808286e-02
-5.677739178536783671e-01
4.718484337605700629e-01
1.427876242079026969e+00
8.699145095035099029e-01
1.621254693959087723e-01
-1.358148161010713784e-01
5.973126805658368621e-01
-1.683167403349550728e+00
6.984576825921200438e-01
7.546156739993599150e-01
-1.599806262807015544e+00
-3.455954264135958631e-01
-8.732269967105795727e-01
-8.181403320837965509e-01
4.302115638055678537e-01
6.082325346045931447e-01
6.918103097935007773e-01
3.159227856212300511e-01
2.393878791055800703e-01
8.467481547071767922e-01
5.848161346405619243e-01
4.085385554995411561e-01
1.330670764048190513e+00
1.793727456356212224e-01
-7.696634342135660889e-02
6.655435886108760357e-01
-5.700875414355697224e-01
6.916615541510318099e-01
1.205956869976827939e+00
-4.570865564009398141e-01
7.889323201645088712e-01
4.322844736299872870e-01
-4.623646480648849755e-01
-1.236019606697886797e+00
3.045522607534704718e-01
8.670683712422810885e-01
-5.764180648225868397e-01
1.312857554317604647e-01
-6.921148487678809857e-01
5.517784768294475839e-01
-7.758397780457378934e-01
-1.329179477845945367e+00
-4.463701020773996886e-01
-8.340354569284782471e-01
3.502680162668364572e-02
9.298742069668235466e-01
1.029677166683441447e-01
1.458643675121537031e-01
1.281899748091868352e+00
4.545485185942649831e-01
5.640705035761890418e-01
-1.986864644918844014e-02
2.431479962356793145e-01
-1.117488510336532848e+00
1.183555530253895149e+00
-1.361472205937630520e-01
-2.569745971289068565e-01
-6.782702082235431140e-01
-7.212467156373266741e-01
3.305419801543234559e-01
-9.228232761360866121e-01
-3.468575688349175845e-01
-9.298736038718903307e-01
6.858662165360978058e-01
-3.407237368609211114e-01
-7.509335656488684840e-01
-5.464932452020845322e-01
7.373546682419447329e-01
9.209331377234400984e-01
-6.835210851494166739e-01
-1.393399565981781607e-01
8.683161148155883469e-01
-1.189485675386624086e+00
-3.614428985586736198e-01
1.561125224408163592e-02
4.560015789937491570e-01
-3.525331042769413448e-01
2.526744264318434574e-01
-3.967557487004280126e-01
9.691871552322796068e-01
-1.782247400818338101e-01
-1.103818445968707262e-01
4.390194930488153235e-01
-2.546316498792811078e-01
-7.045628834886744629e-01
-5.606301256221929430e-01
1.766176323086023903e-01
4.741080323608760083e-01
-6.413549644308020881e-01
-7.486938567439738179e-01
-3.118087665981033041e-01
8.028622976013597423e-01
-2.940334936109245123e-01
-6.298727192955475562e-01
-7.541215834842667221e-01
7.044710989424565195e-01
-1.696437059229435773e+00
-6.541406890879939429e-01
4.138597655190032754e-01
1.874077640737017436e-01
-1.454140793497681994e+00
-1.100624587950230993e+00
-4.389610415181848802e-01
-9.536466854205658539e-01
4.296106659916590909e-01
-1.102982916292119642e+00
-8.956519106938458652e-01
1.476914262962978786e+00
1.159753111907783740e+00
1.002581460418402015e+00
1.872976651439026141e-01
-1.838400151875439370e+00
1.674899155714708321e-01
-1.642066426115538769e-01
-4.713989874420291271e-01
-3.369253608230934893e-01
-5.510291985452901997e-01
-7.211359847433069792e-01
-5.751551354332626875e-01
-3.458376384466338438e-02
-5.174449398550724499e-01
1.172320149197232597e+00
8.528084279596678807e-02
2.373078162631236943e-02
2.965550535064166437e-01
7.626900365593021203e-01
-4.599844905936973927e-01
-8.482702037285686503e-01
8.249698495359325534e-01
1.198205454745070675e+00
7.578292437394861247e-01
-9.751801599038257828e-01
-4.765205718839992111e-01
1.406201959402733070e+00
-6.916013590414886725e-01
-1.716171412032602706e-01
-5.311747338600403268e-01
4.967324592102412284e-01
1.084778267400477780e+00
1.277233162750064377e+00
9.668941290724915039e-01
4.424415683424898216e-01
-2.905996452227928017e-01
-6.013682480923728813e-01
1.127156489897744418e+00
-1.545486712944220908e+00
-7.010585425352084954e-01
-3.885617455684240440e-01
4.413997444673584125e-01
-7.002794207155115247e-01
-3.922657740261290549e-01
-4.843299350346045307e-01
-1.562558909440691646e-01
-1.744557433456837836e-01
-6.951565822154210927e-01
8.949108598644670565e-01
2.258914361846458274e-01
-4.145383619373941841e-01
4.854197756103352246e-01
1.075218886373213723e+00
6.445482063754675028e-01
1.117224170432132624e+00
-1.176799207507410294e+00
2.421813375517270772e-01
-1.032561267413131478e+00
-6.687957771531684026e-01
5.580344129565575351e-01
1.572967444783625046e-01
-9.426393964984678409e-01
1.032540053216517206e+00
-1.271859878324936577e-01
8.671788220823781201e-02
-2.604804727982533152e-01
-5.861408117464838030e-01
-5.441339164686721519e-01
-6.767108263006350599e-01
1.041319125376791943e+00
1.570949033391427552e+00
3.861567811788882976e-01
3.215411376755635819e-01
5.078092296714790121e-01
-1.343772030680849827e-01
1.064461380724351258e+00
4.977169711012008335e-01
7.304515321337261557e-01
-9.753930016731837682e-01
-1.075063663708746953e+00
-5.453051789909469926e-01
1.273569415148027684e+00
-6.794027168812970530e-01
9.525911434204917816e-01
-4.757417110599307386e-01
1.471174676386819424e-01
1.234952537186438937e+00
6.803312751598414865e-01
1.315366617549657446e+00
-1.771273397695657392e-01
-1.214894604503687026e+00
-4.481025889314778077e-01
4.173426401818456366e-01
2.092612049309012789e+00
5.742631914088903722e-01
-9.374390874632447801e-01
-7.843469217638976421e-01
1.364532824442091785e+00
-2.604722281628124025e-01
1.262483728376977865e+00
-1.600895482997128028e+00
-5.424998186875543138e-02
-8.014038695067288165e-02
8.972060940428022713e-02
-6.035960589020640255e-01
-5.037650864812749374e-01
-8.423034828509592398e-01
1.171464282370792587e+00
7.432720551364140338e-01
-1.521321730923593352e+00
-1.556598630504690828e-01
-1.116407796372590910e+00
2.364727837492012208e-01
3.361409763742882473e-01
1.135508512313810225e+00
9.590462032968584405e-02
3.576087264708079916e-01
-8.095220748600895355e-01
3.727827915080140775e-01
8.911864961993658518e-01
-6.683286394449100554e-02
-5.972820990256230145e-01
-1.014485105126458619e-02
-2.337028516285564739e-01
-8.843419235081808605e-01
-1.923538107311595358e-01
-1.702158499439533901e-01
1.108712212154574495e+00
-5.294709575822020842e-02
8.613066916960911978e-01
-1.437430626093091801e+00
8.016863638210323106e-01
-7.187198521518090022e-01
-4.793655664765249513e-01
7.576330718773910400e-02
3.227946828785152600e-01
5.480311594961816413e-01
7.697755909337976599e-01
4.621460192187542004e-01
5.880086027877956534e-01
-7.836651860044112627e-01
-2.214474060577076298e+00
1.164537980860709032e+00
5.225361780029527115e-01
-2.513481002803691355e-01
