-2.086434180243720293e-01
1.995526293993315214e-01
2.394630314548480132e-01
-2.424488790935500071e-01
9.286113997318343194e-02
-3.009253690161092232e-01
2.056958171597276508e-01
2.115901343336509255e-01
1.616222351405277036e-01
-3.199554311168993914e-01
6.260106085670774645e-01
9.744465652256452740e-03
-3.194998523737426627e-02
4.680999362002254138e-02
-2.545369277639339400e-01
-3.085693258819588447e-01
-2.171467974529213141e-01
-4.413621032141038514e-01
-9.857321209185915256e-02
2.719953903213016000e-01
1.704170036439870972e-01
-6.558744264828282322e-01
-6.032948022206022776e-01
-1.014996928838104717e-01
-3.063694646801402577e-01
-1.053924503378669553e-01
6.517464958138757813e-02
-1.783152837290570281e-01
2.618137249087840179e-02
3.826101106842850763e-01
-1.763016861570079197e-01
9.222590961358577422e-02
-2.838735996587380891e-02
-1.463886839920072735e-01
3.861434336137146150e-01
-1.468352706553192055e-01
-3.087538607001120705e-01
1.618462224531539984e-01
2.359583899724916889e-01
-7.044409721568672955e-02
1.286368523388365381e-01
7.772780583103343355e-02
5.676906751198283058e-02
-3.759655131740941569e-01
-1.699414725479794774e-01
-2.902297519097620238e-01
-8.250527995422263228e-02
-1.907083107425674440e-01
-2.314484833277826725e-01
-1.929262599361988850e-02
1.098755407211134405e-01
-2.515504461810663117e-01
-1.911029970311619308e-01
3.767007828214838372e-02
2.343036424721900990e-01
-4.354809276595974499e-01
-8.084205002083587333e-02
-1.509193942068034200e-01
-1.623146869114788782e-01
-3.851734855730388762e-01
6.821199486963462622e-02
4.542607091099268996e-02
1.567274696985907212e-01
-3.207302873882989513e-01
-1.755212061466718820e-01
-6.052045994659271955e-02
-1.771145558821506927e-01
6.907684716760840171e-01
2.812215062630875617e-01
-6.721423123150398193e-02
6.050671887472792998e-02
1.713103798121227428e-01
-1.684826221533224089e-01
-1.603715121067078586e-02
1.229054151943681783e-01
-3.747328780969209072e-01
9.797388102568663215e-02
-3.053345610931972320e-01
4.237003283833868927e-01
-6.749378418070106633e-02
-8.773335873833337795e-02
-6.530453141022310448e-02
2.417125210859710216e-01
4.308667880545490880e-01
-3.353307498897881711e-01
1.435138387273404981e-01
-9.393122344874388352e-02
4.916436147852153993e-01
1.332949033696604335e-01
2.938868107506542593e-01
4.528560760608460467e-02
1.583614499152336819e-01
-1.590091011188397851e-01
1.370278400569875099e-01
1.071371520756345397e-01
3.306092155254259923e-01
-5.407257201827169180e-01
3.240985215241185546e-01
2.513778716223288856e-01
-1.854279566428010395e-01
-2.343382740313867396e-01
-1.609638928738794938e-02
7.925991609366790647e-02
-1.306463727986753309e-01
-1.851333534921330570e-01
2.450234476821379070e-01
-3.866243980803749647e-01
-8.154654211606895964e-02
-5.086167111155082826e-02
-4.568901637981159086e-02
2.324999706489440932e-01
1.319582142989743079e-01
-1.156488240896789144e-01
7.666682221233800387e-02
2.153227147864543167e-01
4.544520048035666226e-02
1.422615238604481858e-01
-2.933341137814238220e-01
3.528467759987884422e-01
-1.881486906102467285e-02
-5.257406580083258396e-02
2.166615532560206003e-01
2.246828172120294287e-01
-3.703288632069213770e-01
2.786326624004383801e-01
1.179595413536243809e-01
4.562062080310247958e-01
5.157335639588144227e-01
-8.809686136995778516e-02
1.284329545923123816e-01
1.855150745117105648e-01
-2.068250893406628765e-01
2.635001565190587258e-01
-2.106198724115158558e-03
-6.254080119554836226e-02
3.047472598710055935e-01
-2.434157402343294918e-01
-5.450731080359113578e-01
4.026322984534766447e-01
-2.453105250178250762e-01
2.858954703744784331e-02
-1.009525060052919726e-01
1.270716806152093724e-02
2.937302164905051249e-01
-2.379879382413821187e-01
-5.671605993079700814e-02
-4.197086290051744717e-01
2.261677760969282858e-01
-1.108292799330602429e-01
4.115148996203311649e-01
2.621196292311576970e-02
-9.815765087088743068e-02
-4.321411475991094875e-01
1.742458960200038431e-01
5.798268186011114322e-02
-6.813017188599491958e-02
-4.453565481143335197e-02
2.331619953147306967e-02
2.278885260687690817e-02
-7.775521456277662002e-02
1.147168702177856214e-01
-5.995570671686024228e-02
4.126914858341098613e-01
-3.311276969513129442e-01
-6.052301521009015306e-02
-9.317312319479084670e-02
1.625253148962509941e-01
-4.041764892826185118e-01
-2.828656181992778018e-01
2.777218272542839594e-01
-2.131191548085690779e-01
-4.023750485026296453e-03
4.357719838705046422e-01
-3.084489391800391278e-01
5.126274454651702506e-01
-1.277900083251108654e-01
-6.236649853934352894e-01
-2.314714967442289550e-01
1.136194809774657144e-01
-1.977498558051977301e-03
-1.680980715776743961e-01
4.861143411437421902e-01
7.349876279016245850e-02
-5.412075593513653027e-02
4.102831502322847740e-02
1.747235600088351548e-01
4.798640443449038728e-01
-1.628204506234536830e-01
1.539064299041623118e-01
-2.923609020135457537e-01
-2.604385969032785852e-01
3.677615699459416132e-01
-4.016585621033822440e-01
-1.170152758524994480e-01
-7.815047293510168913e-02
-2.289339566097464695e-01
2.882473864415097120e-01
3.946850240427451917e-01
5.041473303528833938e-01
7.858221279341981447e-02
8.244580869048780125e-02
-9.038014307291578064e-02
-9.990101077453504563e-02
3.738255487875714600e-01
-8.883320310360863503e-02
-2.179100916939812338e-01
2.994753437820361075e-01
2.679732161552184633e-01
1.131029160045678508e-02
3.567174781959900343e-02
1.132777169488874934e-03
-8.411713506584782285e-03
7.873066855873867009e-02
3.430004947361138257e-01
-1.750867316286039421e-01
-5.130433819870656720e-01
-1.796583983034796550e-01
-2.372230063859301630e-01
1.141567808420627939e-01
-2.142512012921893305e-01
-8.305812670899923034e-02
-4.818069638018891709e-02
-4.099203119337892220e-02
2.799992063375523754e-01
6.297930072631870158e-02
9.386738661571744635e-02
-2.365678493664875592e-01
9.340789405221457120e-02
7.816918092205527024e-02
-1.337133984157416466e-01
-5.622592558319080419e-02
-1.150428815258820181e-01
2.345858457158792043e-01
-5.076220668448727658e-02
2.294280097073232716e-02
7.514562175817768308e-02
5.540261850187542247e-01
2.320080877652551665e-01
1.732239080463078840e-01
-2.253814111541316834e-01
-3.393065679366994991e-01
1.042946113592239238e-02
3.919407637351951523e-02
-4.908656068355175539e-01
-3.245157865326885882e-01
-2.597480618110860617e-01
-2.541450422933656528e-01
3.261156982340125687e-02
1.710436668943877137e-01
1.604702449378634932e-01
-2.433066796622188055e-01
-4.164652376634252473e-01
-9.633457077871276919e-02
-1.347008383289880762e-01
3.186704535881825784e-01
-2.651758381845169543e-01
1.198902886459322636e-01
1.787636930105492850e-01
7.005396702026929212e-01
-5.338746484206102066e-02
-3.877548847402308846e-02
2.225656943985920011e-01
-1.030418072846587402e-01
-5.178334797097802061e-02
-4.777361973857966460e-01
