-2.028308411508472908e-01
4.186600876431502138e-01
2.330765547346363153e-01
-3.056851198777420509e-01
-2.758723528816028198e-02
-3.051529649413045608e-01
1.389234246002222783e-01
1.600986228324149940e-03
8.863615340756650363e-02
-1.383006735037824730e-01
5.805132253449596380e-01
-8.690480771210427891e-02
-4.257067892102287671e-02
6.328554824962887015e-02
-2.640713930747070060e-01
-3.218428855357980956e-01
-4.004485799959955350e-01
-3.997614744563867673e-01
-3.808562807136441075e-02
1.455916162367452138e-01
1.296601062396169901e-01
-4.237594417559918947e-01
-4.191579204127762193e-01
-8.790553087534527799e-02
-2.479451797074712638e-01
-1.637615580522936709e-01
1.355370624945705926e-01
-2.443686178784832685e-01
5.082081644851939306e-02
4.890682759138347824e-01
-2.672387496333318291e-01
1.149939823581353215e-01
-5.060352236214062799e-02
6.107069556465678783e-02
3.925645772900501762e-01
-2.640899858715602955e-01
-3.186724253771686111e-01
1.239078862331295106e-01
3.992331192548752017e-01
2.048039617090353925e-02
-5.080587291404497358e-02
1.063249069680257675e-01
2.079246099609037557e-02
-3.337482614598165087e-01
-1.303342198659299678e-01
-4.487775052793305935e-02
-2.243070416438653070e-01
-1.363642621134172339e-01
-9.270680926360891361e-02
1.962285923737838722e-02
1.338886512950247798e-01
-2.474067556943951307e-01
-2.206784162974837205e-01
-9.802913391441057944e-02
2.036383937970071278e-01
-4.912177881486530229e-01
7.946583950794915141e-03
-2.476503527334054239e-02
3.705375376427991196e-02
-3.998460224240976690e-01
1.217850072093058234e-01
-2.732952563415501079e-01
1.264538960552785141e-01
-3.012467778958083375e-01
-1.638279158185053652e-01
1.467605319505728423e-01
-1.969575135922172759e-01
8.100609382317148777e-01
2.825314921527002365e-01
-8.087685306478575864e-02
1.413721108891166645e-01
2.327605215053163978e-01
-2.411464801596965024e-01
-1.349267680306584505e-01
-9.376480891421495184e-03
-4.322398044625741509e-01
1.723113616373825319e-01
-1.871896864408701955e-01
4.174206656637087232e-01
-1.199478155994316703e-01
-1.496935003566663425e-01
-3.672996256979048357e-02
-4.621081140089147721e-02
4.223110412033027061e-01
-2.311120364051166554e-01
6.298045516384856435e-02
-1.027814725936082169e-01
3.038629566758010991e-01
1.754878132446308359e-01
4.481190919055781374e-01
3.696361247563317853e-01
1.497323680247153732e-01
-7.418398802041872853e-02
1.169103391318100926e-01
-1.802028418558220824e-01
3.813680050805199340e-01
-5.391514158435807280e-01
4.870559873984527388e-01
2.105489785980067807e-02
-7.401104080301898480e-02
-1.271041017340483192e-01
1.828078153751520607e-01
-7.313870796121800522e-03
-1.148553598934214659e-01
-3.080304948538041820e-01
3.238382087195403325e-01
-3.913608657826350701e-01
-3.146657511451571576e-01
-9.973785030689694131e-02
-1.500827931992090580e-01
-1.293761668760205763e-02
1.399399121071686625e-01
-5.601271380319854110e-02
1.757495464593944456e-04
2.106956228355665595e-01
1.110715159643139577e-01
-2.496958372716044927e-01
-2.713064463281351091e-01
3.066854394530125205e-01
1.498655633849021174e-01
-7.378850944073715723e-02
1.249673649845623735e-01
2.841177080457655268e-01
-3.712961191858982213e-01
3.052979751457355340e-01
1.785222413034357747e-01
4.159708354789721785e-01
5.900652934902004265e-01
-3.630044976830115039e-02
1.465319506506804759e-01
3.922588494711684581e-02
-2.511252143419920868e-01
2.366942858393379367e-01
-5.339474530148057702e-02
1.920417979754793225e-01
3.629516811023662526e-01
-4.230996287708174708e-01
-4.135112842891706109e-01
1.885487243241483757e-01
-3.101740305225405558e-01
7.067937776628696600e-02
-1.861963955353927169e-01
9.929933140813375358e-02
2.285328893861290900e-01
-2.000280525241238672e-01
-2.809647420970255022e-02
-3.744006287554479950e-01
2.041465542443599013e-01
-7.956890488502005310e-02
2.867618548626888475e-01
-1.266743576406025584e-01
3.709791273086308905e-02
-5.451168775629693375e-01
8.460639433592029302e-02
1.051029284217354365e-01
-1.070214160609539999e-01
-3.575853961214988525e-02
-1.652198325992378924e-01
4.827156963485634833e-02
-1.057005503468254337e-01
1.100157107873840912e-01
-1.475044579961943547e-01
4.120233800063059504e-01
-2.977405509315635412e-01
-1.691813713948152886e-01
-2.339901596824881524e-01
8.149924615611188472e-02
-4.363813830428446283e-01
-2.000616053038753173e-01
4.358347185322798412e-01
-3.449536612174038952e-01
-3.871141053421087858e-02
2.470196726158894185e-01
-3.732262122486497691e-01
4.871113696456727538e-01
-2.549300754237703304e-01
-5.439456087700916820e-01
-3.850343242110770281e-01
2.893955570546125067e-01
-5.807944852154096199e-02
-1.296602682063022205e-01
5.921543033372167475e-01
2.581625578686296274e-01
-9.760221370347256509e-02
-2.382854255274744967e-02
6.481138651198586897e-02
5.330535105146136932e-01
-1.038411057087369749e-02
1.345633044690867364e-01
-3.361968426291477297e-01
-1.915202036926426099e-01
2.306203064661571656e-01
-3.684549529854981298e-01
-2.055659705013229699e-01
-1.487219214832772307e-01
-2.622031338096590392e-01
2.678158016892017712e-01
4.726780061197702887e-01
4.443737680932409173e-01
1.049941126142332620e-01
1.389432786971765421e-01
-1.813246911001056283e-01
-6.310957908658487714e-02
1.709981934496617728e-01
-3.908148316461695915e-02
-2.637089805264400955e-01
2.068361847717086754e-01
1.785036438683253457e-01
1.250296545135135273e-01
1.266434987520299871e-01
-7.050535552387003635e-02
-6.800722414213317135e-02
4.071501825097602334e-02
3.616667651663780791e-01
-1.716774564457626828e-01
-2.973921056416365394e-01
-1.106864199551142180e-01
-1.494826160896581824e-01
-2.983151556471185309e-02
3.007518835903225107e-02
-2.347031113454934315e-01
-7.504703254740494045e-02
-1.674426574121195416e-02
3.329464848914984731e-01
1.422132442444270506e-01
9.113841149494596172e-02
-1.304521660678378825e-01
3.300132054071483467e-02
1.079815984180626381e-01
6.044575055183831064e-02
-4.938176170062774650e-02
-7.147830813172255382e-02
2.841548440553899324e-01
-1.282970398455866856e-01
7.471868521466622226e-02
3.694721823355272272e-02
4.615197825347437943e-01
4.083544096492506825e-01
1.226012659767060226e-01
-1.448830148189320099e-01
-3.925181615342641095e-01
-8.478821180208041819e-02
4.248330561928862631e-02
-2.603839212415275384e-01
-2.820623680919970844e-01
-3.084402814208326293e-01
-2.021172500527492755e-01
4.978723289600148205e-02
2.655684227969610234e-01
3.023306566862286049e-01
-1.159361235554813019e-01
-4.102150816142153822e-01
-1.333819287377020490e-01
-2.109035393776287903e-01
2.860865946344359756e-01
-3.476763438971458564e-01
1.878059697467147626e-01
7.685637801503231170e-02
6.283764407486323034e-01
-1.966098038307060106e-02
-1.615852309078924243e-01
1.574184324708954863e-01
-8.058725394368766726e-02
-1.220547383505833500e-01
-2.621107349117557384e-01
