-3.688285151629863146e-01
3.216082096630559772e-01
5.131222471440252120e-01
-1.485649619218043782e-01
-4.537911314866228674e-01
-2.447788312721582149e-01
1.501893871709514550e-01
2.925373165469480341e-01
4.766385439165038984e-01
-4.659688205682605555e-01
6.703632009462141550e-01
4.439457024342033375e-01
2.054019896587588323e-01
-1.329605925991941273e-01
-2.073457972724467857e-01
-4.527288380603145534e-01
-1.832595615116092702e-01
-3.304452231459695244e-01
-5.928840205538288277e-01
5.596857057753412690e-01
4.137195664557062336e-01
-4.311031953869974287e-01
-5.847388292194909409e-01
-2.561911136158025182e-02
-3.318791937060103225e-01
-9.498542683952616861e-02
1.618440865760013836e-01
-2.100117389986762839e-01
-6.406330879703002468e-02
4.525903076675235059e-01
-2.387551331596065030e-01
-1.381235524981897778e-01
9.592969369839840499e-02
-2.898085548956976232e-01
4.270234534290310302e-01
-2.025109612182833252e-01
-2.083840614663513002e-01
5.142631210081596294e-01
1.343909466435345146e-01
-3.904566663722094377e-01
3.293981721426589848e-01
5.938515366728752687e-02
-5.586809204059461909e-02
-6.355711767791476507e-01
2.657750917221550768e-01
2.016257395190316770e-01
-9.194769787288273322e-02
-3.950971125620001412e-01
-2.315138784253342741e-02
-1.924555768859083360e-01
-3.483594132559611478e-01
-4.866038323626441509e-01
-1.603796796430557170e-01
-1.096632293468994407e-02
7.422037821242224997e-02
-7.067136228191819303e-01
1.864448194085764621e-01
-1.790989955615602536e-01
-1.672185608596198081e-02
-1.821678491491835750e-01
-2.337810996439551592e-02
2.205921901408091357e-01
1.972090341018459259e-02
-4.557253864915556951e-01
-3.279492177468075198e-01
-4.232895039722735925e-02
-5.505880553915070141e-01
7.087263866769244469e-01
2.365047472098347758e-01
-3.049316412140933297e-01
2.813620690016693793e-01
3.743337892949676893e-01
-3.281888220809081047e-01
-5.657683401558470659e-03
-1.909317027680867973e-02
-3.376401688918826971e-01
3.548055897923487745e-01
-3.165369301330422935e-01
6.753097725699819254e-01
1.027860039954494042e-01
-5.728190894591447813e-02
-1.632135968622197286e-01
1.503287877843269560e-01
2.872285772628602185e-01
-3.066137429291777572e-01
2.616950714002760914e-02
1.331077774056104723e-01
3.581332995081565329e-01
1.183797064805890975e-01
6.476623566547636823e-01
-8.474396296911261561e-02
4.872115501140225069e-01
-1.379297784252945247e-01
-7.794292372300015703e-02
-4.747693123528649861e-02
1.178508441084139824e-01
-2.795636562468740705e-01
1.450406480187689251e-01
4.022781656360927549e-01
-1.822188662498253342e-01
-7.329935510288376754e-01
-1.151881546760063629e-01
9.720115864578546261e-02
-3.833234973500866949e-01
-2.078638546217677630e-01
2.173553023915411886e-01
-1.599465577186144627e-01
-3.238715815093421990e-01
1.326736689242953571e-01
-1.183926733563558098e-01
1.596557031633581702e-01
-5.165174745606521123e-02
-2.986479384712084628e-02
-9.882001706532919649e-02
3.122886992937882189e-01
3.666745518083707189e-01
4.650322057833951583e-01
-4.349629012254936367e-01
1.303570320421985618e-01
-7.059247820481118207e-03
-2.762709019669007948e-01
7.458872612907188060e-01
2.459457948215696549e-02
-2.813469067499245191e-01
3.545682485169470155e-01
1.448417505498447999e-01
5.011740820655203876e-01
5.428977074493945842e-01
-2.710579150503624746e-01
4.311958259123289672e-01
5.443080309920890481e-02
1.114082794346856614e-01
1.398258823639199067e-01
1.483031255239051216e-01
-1.754482468591688771e-01
3.540715442029109261e-01
-1.412077490599381868e-01
-4.570084585224460927e-01
2.193648596282330998e-01
-1.711347225236980185e-01
-8.506762074457936695e-02
2.163085899300498660e-01
3.551566238178858748e-01
4.849867021287176949e-01
-3.883139286141158997e-01
-1.301508974399230301e-01
-6.663403585420397679e-01
2.819548368176061359e-01
-2.350215958611394929e-01
3.906450907009548223e-01
1.972030085561624624e-01
-3.879412809482229996e-01
-4.656053631870443743e-01
-6.428289117721158741e-02
-9.188789625195735444e-02
-8.086363767594800800e-02
1.926543767648534466e-01
-4.734263511888774367e-01
2.041708145804525809e-02
-7.000409257854231515e-02
-2.697270888271476041e-02
-2.219876306513755837e-02
8.310632323836983915e-01
-1.327418602255780733e-01
6.986211075137882531e-02
-1.460592063210754132e-01
3.371762365352978241e-01
-2.819680402501444361e-01
-1.662476426164813392e-01
1.444922957467981162e-01
-1.502210003059707977e-01
7.097786572724673615e-02
2.288100122653268786e-01
-2.603230803561591422e-01
4.451761048253480291e-01
-3.237392841855811776e-01
-6.753533413248780093e-01
-1.789620929736109312e-01
-1.446480209564647568e-01
1.423705216336978996e-02
-1.575776033144105082e-01
5.172267814697867339e-01
-2.648378603115342234e-03
-1.603741665858440801e-01
2.492080424358115720e-01
3.814285602208027925e-01
3.927839776458408316e-01
-3.824993505534044491e-01
3.776206857096817693e-01
-1.519971915716661626e-01
-3.376273073305652295e-02
4.898324885181241095e-01
-8.385392629110680063e-02
4.033995623701652766e-02
1.387861228173531969e-01
-1.303749080764033952e-01
2.690658418230518212e-01
5.314454075240302444e-01
7.639030514425165785e-01
-6.835455354456010379e-02
1.265920384410758603e-01
-2.096279487299511080e-01
-1.788105322675573872e-01
3.262182943943927604e-01
-3.652464134659618167e-01
-1.234513416352367027e-01
5.423814205438065583e-02
1.695410454836145941e-01
-1.156915706037906499e-01
8.119555752887822053e-02
1.802003860907657740e-01
4.565912926198344851e-02
9.557203960893714823e-02
4.690725860653649493e-01
2.241288207633806984e-01
-4.491777965493350955e-01
-9.831110108045772178e-02
-3.669886874552261702e-01
3.498178888235344841e-01
-2.362930922711413695e-01
-1.065278658057119687e-01
4.348065190626647369e-02
3.252008690068457220e-02
2.276841120219825210e-01
4.198745180840979252e-02
3.638878948005309921e-02
-3.630268837610997057e-01
-3.139491670105161725e-01
2.552702585627275589e-02
-3.507043857091071692e-01
1.847907778341610907e-01
-2.996377525388208563e-01
4.298026145186767399e-01
-1.299572871342367375e-01
-3.360747499222376256e-01
8.503601513037903348e-03
6.153861978198063021e-01
2.035819374817780109e-02
1.890174837362732785e-01
-5.134861077035630245e-02
-9.027105419119570151e-02
-1.196922878326551754e-01
-1.994505675359946606e-01
-4.648220390419494641e-01
-1.086645839953458564e-01
-8.142546229831557070e-02
-2.181712330678684808e-01
6.535582478065785073e-02
1.184088228966572037e-01
2.181662673962080634e-01
-2.292854636940983848e-01
-1.975686174840103615e-01
3.035661789628760210e-03
4.232418269630061625e-02
3.593171755606542339e-01
1.658180254073832738e-01
-5.371960102914610791e-02
1.632391605849021765e-01
6.088803052543455552e-01
3.218484139922277998e-01
-7.006727315854044402e-02
6.024990071291517202e-01
-6.578291788305036525e-02
1.931931601265067522e-01
-4.863768914771700036e-01
