-3.205940934258291186e-01
3.037051941993558768e-01
5.331593506221622425e-01
-2.532460565987585954e-01
-2.038365347610073819e-01
-2.574723335439444982e-01
2.621719820952349567e-01
4.195712314059080739e-01
2.927178277161810449e-01
-4.206450553630437517e-01
4.845220162784820150e-01
3.014555349592218381e-01
2.657407396728498350e-01
-1.338738394237800888e-01
-2.702798296873288875e-01
-4.712685732199443089e-01
-2.297774087975756607e-01
-2.628976906192782570e-01
-2.145224533448121529e-01
4.301058670865976485e-01
3.644376721848524014e-01
-4.285007610864972061e-01
-6.007920486871926036e-01
5.938773692765565715e-02
-4.139448104006735463e-01
-1.049688336510479769e-01
1.855043558602127995e-01
-2.057673290244323994e-01
-2.413395319213706286e-02
3.002002309079871423e-01
-1.394592480291299008e-01
-9.453645419947434569e-02
4.828479402276932009e-02
-1.633896712131197859e-01
3.727139123999556047e-01
6.142517517774737090e-02
-2.134965193449963050e-01
4.722593696670757124e-01
9.950486798831269242e-02
-4.239913882476906704e-01
1.909017372074012231e-01
3.147777632495350059e-02
1.018974556107898610e-01
-5.262351190443019799e-01
1.071175477180593971e-01
2.972071335602983755e-01
-1.369716493744628782e-01
-3.932861482505249917e-01
-2.650089737743605012e-01
-1.175494863964053477e-01
2.318441198572449569e-01
-3.115680285793817061e-01
-1.580628661971247295e-01
3.545633400868736240e-02
8.459095743427888503e-02
-3.385221155788039615e-01
1.462403327707488265e-01
-3.313794732753370664e-01
-3.842820187902671464e-02
-3.095148846803750242e-01
7.837733696231163893e-02
1.062441535284247146e-01
1.389234969022032362e-01
-3.270383672888065307e-01
-2.067208543725379544e-01
9.941313964396125691e-04
-3.993454246873651137e-01
7.021197869883746279e-01
8.441716445612648667e-02
-9.569324181284899478e-02
7.663914072128671928e-02
2.040896428426328124e-01
-2.389844768466546088e-01
-1.382767304042707701e-02
3.559624598743652002e-02
-1.904313907623001734e-01
1.566746325803056727e-01
-1.928874136010023110e-01
3.820817476993397799e-01
1.556687061758788571e-01
-1.031104237971236237e-01
-8.087673041077839131e-03
2.695518353409678824e-01
3.360147268594408931e-01
-3.655734027869567693e-01
-1.179079569251750836e-02
6.994645470959184874e-02
2.453741147764403607e-01
-4.116888237959602515e-02
4.289550309713096587e-01
5.442686787282484395e-02
3.378860626543718770e-01
-1.503735311920152695e-01
-1.334100087972378557e-01
5.020404863867077017e-02
2.018218441401256336e-01
-2.554998504445301077e-01
2.256351041848061734e-01
3.997311071486556178e-01
-1.606441763631455966e-01
-4.751560172695238338e-01
-1.253103802468709116e-01
1.681177926589180471e-01
-2.465502935176355492e-01
-2.706353799728202780e-01
1.296351956965688390e-01
-3.057966824878700640e-01
-2.165184752148446856e-01
-6.722144570560195653e-02
-5.701843737096078807e-02
2.099668114916783956e-01
-2.781439541460529324e-02
2.406984895460967944e-01
-1.407670771563806003e-02
1.228087467311143044e-01
4.256328719830445029e-01
3.971147122966899867e-01
-4.125356248637017664e-01
2.080195902853685663e-01
9.176025649684468877e-02
-1.458315538751123186e-01
4.019226659365460197e-01
7.461806846167522156e-02
-1.061380413975764880e-01
2.189315939899106334e-01
-2.139590479167980119e-01
3.823918088826933626e-01
3.938141815898237863e-01
-2.959023458257018513e-01
3.699684505880078134e-01
8.138608495680416111e-02
-2.346479969019804601e-02
1.070630988245243609e-01
-1.804267173598520652e-02
-1.403239378975571772e-01
1.404964593081760027e-01
-1.156482383004020648e-01
-5.296188983961874763e-01
2.342866222727883196e-01
-2.376773802972934058e-01
-3.878046597252245847e-02
1.878295806846949079e-01
1.229590121208067183e-01
2.180277359205155530e-01
-3.427115813569714398e-01
-5.039747760352056294e-03
-4.709523811809882554e-01
3.853126011843311938e-01
-1.811980564714995856e-01
3.452719962610850679e-01
2.817659247235089759e-01
-3.413911152787346692e-01
-3.158880174199929503e-01
8.881847395448579097e-02
5.392191537353840242e-02
-1.347850930801831326e-01
8.947928727469799115e-02
-4.224193538178807605e-01
1.745200336748492509e-02
5.037590858983670428e-02
3.161331556925603414e-02
-9.720727942232376684e-02
3.780879463623555425e-01
-1.771993407579600943e-01
1.154204040215916494e-01
-2.986670092748092836e-02
2.504134332904937033e-01
-2.114275611860406690e-01
-1.257370399896502455e-01
1.102528200095000965e-01
-1.400949949797819505e-01
-2.990233195949071332e-02
-5.670560810673297425e-03
-2.285630272882280822e-01
4.218573944871755188e-01
-1.694856273899745802e-01
-7.840304221206289004e-01
-5.389296969652487140e-02
-1.344144793518406433e-02
1.915318914914699855e-01
-1.866237782880779961e-01
4.182399958758210579e-01
1.789646995478048896e-02
-1.814372811948877784e-01
2.871453922937566849e-01
3.670108974500438936e-01
3.413343157458212929e-01
-1.125598663372581187e-01
2.718503660108302356e-01
-1.078657111180345851e-01
-1.319490155790674357e-01
7.147996272780441362e-01
-7.962063587250924057e-02
-1.545288401738484918e-01
8.525344005934090696e-03
-2.411386334556565592e-01
2.158423759781415985e-01
2.789540381997660523e-01
7.058856170737297653e-01
-1.009153040946353802e-01
-2.776840769682861199e-01
-1.463683002400717192e-01
-1.082735987780792386e-01
3.907881203315936580e-01
-3.382683330128347654e-01
-1.214408152176201794e-01
3.565873411751619981e-01
2.192046863867608275e-01
-3.264941493635264980e-03
-2.888400547944301733e-02
1.609701308229777583e-01
5.691144628120591020e-02
2.249799292688856034e-02
4.310271963818591567e-01
1.714713819424107388e-01
-6.909534325261140753e-01
-7.182094153158619099e-02
-2.701781075796295672e-01
2.762267149316446346e-01
-1.359931611514234306e-01
1.028951759958390277e-01
-2.517435041202046100e-02
1.691829624622824546e-02
2.873259559702392441e-01
1.536259818856520187e-01
4.994080163735047789e-03
-1.744377552728954006e-01
-3.392729287878019917e-02
2.295224385332245431e-01
-1.032340198731452607e-01
8.518578646025795620e-02
-2.987619133539832772e-01
3.953091699496746880e-01
-1.112550267508031626e-01
-3.113722483333714042e-01
-2.450348125085997919e-02
6.309922429253874698e-01
-4.758633962169329240e-02
2.161204952164387516e-01
-1.842191664747821755e-01
-6.224811842943824003e-02
-1.305287220471180731e-01
6.330750819825431419e-02
-3.531206842205828478e-01
-2.274495272822036340e-01
-1.560856538508786362e-01
-1.741972052116467495e-01
1.556214896220126376e-01
-2.449002322988260566e-02
3.562685007712650398e-01
-3.418767820778000344e-01
-4.381877484804452827e-01
-6.844505422500896108e-03
3.426908392341576626e-02
3.694524493691740408e-01
-7.606447415077605134e-02
8.952147633200999155e-02
2.612028078352736093e-01
5.975860403802382148e-01
2.188058960965713062e-01
7.948799990856919573e-02
3.947166621980424117e-01
3.002619352862926361e-01
-2.269369710175211940e-02
-3.453966249202813921e-01
