-3.296314695425367480e-01
-3.664881886611626172e-03
4.642013191581818576e-01
-3.996246405471309826e-01
-2.817941329129151073e-01
8.179377238826568419e-02
6.206536282428156692e-01
7.486317778054009109e-01
2.634503054288370727e-01
-8.633883253159102544e-01
6.659204096065560741e-01
-9.556495669001263682e-02
1.054608331483789518e-01
2.484969878240992358e-01
1.471498019951602565e-01
-2.982412233850729733e-01
-1.223517996294588572e-01
-2.269140206252476810e-01
-1.258733655889784364e-01
3.892050589441969910e-01
2.381293666577455337e-02
-3.175916259343789516e-01
-4.031830329857125639e-01
-2.266735155588571748e-01
-8.781048172882601754e-01
-1.097938543946053169e-01
-2.289462854513416024e-01
5.049006781642031427e-01
3.904605677042656264e-01
-1.807212503355333233e-01
7.078172746613592414e-01
2.919646434727005690e-01
9.109386199027313946e-02
2.058642340629669443e-01
1.836863938058236334e-01
-7.464846809467995392e-02
-4.381608529103728777e-01
9.267541217064690917e-01
4.728579596208115632e-02
-4.034297296528184251e-01
1.765791631394150185e-01
-3.058921361613451406e-01
1.870869167122392041e-01
-1.172770815026424884e-02
8.114933850055783271e-02
-3.150678414935126348e-02
7.478475228641564554e-01
-2.555397332797865184e-01
-8.964033192730207489e-01
-5.011546073565386061e-01
1.426995879920230914e-01
-4.310909517678519487e-01
-1.299941903033913215e-02
3.402970353119144642e-01
5.238052012118309397e-01
-4.481868849118660902e-01
3.374338935797783767e-01
2.277304488496713075e-01
-1.509325030838915005e-01
-3.553632349749668018e-01
-2.040130686350214440e-01
3.043300633875593020e-01
4.768397186365030960e-01
-1.694178683278954323e-01
-1.304940331187052216e-01
5.245537567083440322e-01
-4.015880736316349564e-01
6.763161219171354155e-01
7.899322646318133190e-01
-1.502946672192743138e-01
-1.621804955799455161e-02
-1.676777015896465661e-01
-1.809492763436538754e-01
-3.885308678698065621e-01
7.228452586815270475e-02
2.293984575723562180e-02
-6.993674307336563700e-01
-9.060259749480648050e-02
3.736303940377503352e-01
3.531141042832027788e-01
-2.942989244606394328e-01
-1.784674192500179668e-01
5.403771926904438194e-01
-2.255219822341956171e-01
5.170982409481572617e-02
1.061847606779662279e-01
3.864549473331956309e-01
9.307528729595185291e-02
-3.301852040436981106e-03
1.415224961910755974e-01
2.251543968850320265e-01
2.351449172253695652e-01
-5.117032439061962590e-01
-1.761535801426499237e-01
-4.682862350547208896e-01
4.078551900824529675e-01
-9.186497076580243393e-01
4.359548564011817007e-01
7.248308847904543217e-01
-1.362883689016428646e-01
3.668750417129852393e-01
2.179175970965363529e-02
3.557924884451778569e-01
1.436578997449733386e-02
-3.711479392007953626e-01
-5.630789954016868215e-02
-5.244247565786911425e-01
-9.979804916465251363e-02
-1.499650708635715812e-01
3.305597588592947833e-01
3.463895194071288652e-01
9.895573361167897541e-02
-6.748928642320715099e-01
2.334869220169604187e-01
1.598868958946269014e-01
-4.236001490520089341e-01
6.053586412346398937e-01
-6.343085882171322076e-01
4.608161029943553810e-01
3.932297902117298793e-01
-4.328566501339138339e-01
2.097234209494857060e-01
4.038713914287028750e-02
-8.593834059781246815e-01
-3.446151713098292158e-01
2.049039471079328045e-02
1.621518552683564041e-01
2.293673344661436575e-01
-6.680780989661888603e-01
1.156804549927883397e-01
1.440292187956118131e-01
-7.811911894673617685e-02
-1.030755202203614829e-01
1.892124398418150166e-01
8.254977668700110849e-01
2.790307299138261588e-02
-2.112583136874398582e-01
-8.800322518071738154e-01
6.373177466697982352e-01
-1.338658658604420237e-01
7.074970083559759537e-01
-3.668245376226773047e-01
-6.950803547727294474e-01
5.474337128401771668e-01
-3.520124171763814314e-01
-1.427185368193075732e-01
-5.002690849121933514e-01
2.505272997498293464e-01
-5.464071866675914713e-01
-2.220300088483122547e-01
2.511788958717209308e-02
-6.154461711088683451e-01
1.400268629518810481e-01
6.349613732907132269e-01
4.328014643444944021e-01
-4.117255084694285694e-01
9.668486584767921332e-02
-3.679500807221989245e-01
7.380234316495911662e-01
-2.269614274163456180e-02
6.459781607787162816e-01
-2.003739585949039226e-01
2.780127558705259849e-01
-6.666020190895330932e-01
1.272984747636561886e-01
3.863043023937534626e-01
5.781824803231311316e-01
-7.472094249748917338e-01
-2.591972594304687849e-01
3.125168681790119196e-01
2.638576136291999052e-01
-2.506584197409977843e-02
1.019686763743687941e-02
-4.550260212118855119e-01
8.644896124352415834e-01
7.843902130894792046e-01
-2.969030431464592668e-01
-4.197205033202375812e-01
-1.913064870485581270e-01
6.308454137988509514e-01
-4.921400713182385589e-01
1.501449432244993387e-01
-9.421366771611561219e-02
3.431438062204107409e-01
8.870134494849368778e-02
-5.966346400835809138e-02
5.033384504279014848e-02
-1.378498505960115139e-01
-5.390141935923942196e-02
-3.433684079868760120e-01
-4.820554752832521550e-01
6.943532627775209631e-01
2.952444344692886080e-01
-2.111962309798182669e-01
1.706777379727607569e-01
-5.245386845047421698e-01
7.735819694058865270e-01
-1.135221327495749000e-01
7.380870060092415974e-01
2.060782717178123447e-01
-3.034951038543635127e-01
2.219321848938775599e-01
-5.867725572622243257e-01
5.963000248429595196e-02
2.337340444920584792e-01
-2.003326655870698580e-01
1.919402952512206939e-01
-3.137516465655258990e-01
-1.736624340178183346e-03
3.096985845457741471e-01
2.519129334275092003e-01
5.504458518833413860e-01
-2.180470044354859693e-01
2.379685385016195864e-01
6.482331611116431969e-02
-6.665218376780650544e-01
-3.214732370403561301e-02
-3.680439698490136635e-01
3.758083900617132933e-01
-4.395702201954743149e-01
1.463962084827167276e-01
-5.832949377543350522e-02
-3.625374798890012018e-01
3.294803964090378123e-01
7.103752984142321925e-01
1.930533594759523686e-01
-7.305588778981724207e-01
6.383782471857711860e-01
-1.640829975884084968e-01
-2.525296205658453808e-01
-3.129741922373957541e-01
-5.360372818768679437e-01
-2.441769852002831920e-01
1.480530047992687503e-01
2.561185505387065797e-01
6.247207081948451535e-01
7.573222971049552443e-01
-3.834387738720065331e-01
-2.421455348342931302e-01
-6.103666690087607982e-01
-4.344529205173186526e-02
2.304682087382259326e-01
-8.399185905460826440e-02
-2.986296421797435263e-01
2.499926669766581178e-01
-3.854624662871083407e-01
-1.770662286904834959e-01
1.190720941667263721e-01
3.258106577088265565e-01
6.884682262738657244e-01
-7.367468190370363157e-01
-7.949828032144657941e-01
-1.347470605020134604e-01
-9.464059926739520900e-02
8.510066385965900926e-01
-4.259368283640447839e-01
-3.383082580279490603e-01
4.933669480929087081e-01
6.976543801640844311e-01
2.815542110069614301e-01
3.558106095879490782e-01
2.170026999923484468e-01
1.129952449344262533e-02
3.153411315646698077e-01
-7.071653323952462600e-01
