-2.021421020844754446e-01
3.993173369300881403e-01
3.406736071643889918e-01
-3.086264983274556450e-01
-1.380151058622707261e-01
-3.177979373695934417e-01
2.063928280756643363e-01
1.456036996319804433e-01
1.989960338209079693e-01
-3.645104060887277564e-01
6.484853731728494886e-01
-3.343225517681885223e-03
-6.368718706901459192e-02
-3.623414403218522956e-02
-2.484639008398421833e-01
-2.525292288501574944e-01
-1.804932086395174551e-01
-4.950708511776375498e-01
-1.234449464317189382e-01
2.731182266696774996e-01
1.693407014006319544e-01
-4.056955135362959597e-01
-4.159378793298215693e-01
-1.042648775996121158e-01
-3.057002476599787189e-01
-9.850720626306401495e-02
-2.965065206974315526e-03
-1.139789024142006391e-01
3.168276371220428433e-02
3.838497791535329107e-01
-1.763689359095713116e-01
7.358689569222180704e-02
-4.474233115223705953e-02
-1.931542435955248271e-01
4.374681120221837749e-01
-2.728183099885945762e-01
-3.064772495919599882e-01
3.394460206764129961e-01
2.344701562573667242e-01
-1.647558726209081836e-01
1.264453460070956159e-01
1.071430035671472047e-01
4.999507686863162437e-02
-3.909771363228229379e-01
-8.778053803834910684e-02
-1.482487598319789934e-02
-8.783920386484284082e-02
-1.798191175922497498e-01
-2.627041122959363761e-01
-2.112776817283679165e-02
1.203127591168140775e-01
-2.600848596610789709e-01
-2.088440687093370274e-01
1.365109354145561948e-02
2.022013333366263765e-01
-4.539034889504186543e-01
-2.142325855896241582e-01
-1.259601128648584756e-01
2.368392941008822319e-02
-3.538152167011759941e-01
5.036494969366872576e-02
1.300784738878054125e-01
1.583789587291052348e-01
-2.843544938937975775e-01
-1.878525694596092366e-01
1.756298750722892210e-01
-2.374537160941171121e-01
6.427036219313457810e-01
2.626227687600537486e-01
-9.772527413163575871e-02
6.934398796437706014e-02
1.761557391040825538e-01
-1.281443857259623176e-01
-5.254921207227990915e-02
1.724730657203751849e-01
-3.750755317684802415e-01
1.048068794520238545e-01
-2.617345290545231573e-01
4.205936923534862037e-01
-1.274356323050996609e-01
-4.583725826393604541e-02
-7.711785075347717122e-02
2.314282482071175484e-01
5.755443517370428808e-01
-3.551195983282240398e-01
2.051181715134194061e-01
-9.921329336885237327e-02
4.612797558335658410e-01
1.378845665020119182e-01
3.103970161948992335e-01
1.614211810671385694e-02
2.336928788220942743e-01
-1.248915580313121609e-01
5.131580825315536915e-02
-8.176271963596176695e-02
3.507210488231679024e-01
-5.899406304771737108e-01
2.863070534362787689e-01
3.512941733573863856e-01
-2.355966961822386074e-01
-2.724360766029715331e-01
1.316004940515615868e-03
7.505363253160532433e-02
-1.374809097208327668e-01
-2.827063348401375742e-01
2.484653916478578028e-01
-3.894276355525302380e-01
-1.057269087370960037e-01
-3.602233208567548473e-03
-9.091125519738911531e-02
1.639230350745160547e-01
1.462722391510544451e-01
-1.109951845825106614e-01
6.563492216203192786e-02
2.482324679684235758e-01
2.889204690930275224e-02
1.885991563365920776e-01
-4.166028662741310118e-01
3.478987215522528764e-01
-2.820034726115297485e-02
-1.119799306186764487e-01
2.222557310588051394e-01
2.218451012304656356e-01
-3.898148092110991225e-01
3.124577683758555935e-01
1.269001683987844575e-01
5.402654101216410876e-01
4.179704991024963956e-01
-4.615791486942742716e-02
1.383878882018310941e-01
1.074286036353120088e-01
-2.231806888998225102e-01
2.356943074105036784e-01
1.858170072215104690e-02
1.710753625677112755e-01
2.841639188254780901e-01
-2.067987373085420078e-01
-4.843551500591790071e-01
3.393455497748173455e-01
-2.158628137362059163e-01
1.193468324337797204e-01
-7.788432314383345045e-02
1.605808288486984189e-02
3.096614623530460353e-01
-2.731143829497370001e-01
-1.323403897236686833e-01
-4.419362828513108132e-01
2.344790259447331326e-01
-5.376180071499277180e-02
5.177981421617446900e-01
5.830995857908016083e-02
-1.525175072633776496e-01
-4.395835959805237669e-01
1.753149769154315751e-01
-1.281121498805486841e-02
1.237768691287888245e-04
-1.794467992281653657e-02
-1.968466024674995207e-01
-3.522789387487956780e-02
-1.228322449969968672e-01
1.212802732877824863e-01
-2.583263664552649941e-02
4.266782340887999569e-01
-2.976531234212831944e-01
-4.763323568541574793e-02
-8.321357329556164362e-02
1.587253277387916661e-01
-3.671563860999498274e-01
-2.330245752396010173e-01
2.258005628936181064e-01
-1.857973774889892793e-01
2.709311578558783185e-02
1.961231149565911269e-01
-2.858770619327719031e-01
5.074603802925838902e-01
-1.167223510402946446e-01
-6.730267407389337597e-01
-2.197890301635659627e-01
2.671944993087773113e-01
5.548738693552886236e-02
-1.733476690692550559e-01
4.921535694632547253e-01
3.424369621040509321e-02
-5.512715948690272150e-02
6.469353605152228237e-02
1.814135973708775884e-01
4.510101208127376138e-01
-2.905742798946840677e-02
1.216150328416621684e-01
-2.853801823851945807e-01
-2.382587435321212310e-01
3.679858940545450707e-01
-3.339804176466991126e-01
-1.762143914653001298e-01
-5.659031033603242195e-02
-2.645942247291407368e-01
2.870350430209725467e-01
3.653200647849362825e-01
5.602627617348390210e-01
7.111400254617775141e-02
5.461342953976230236e-02
-1.101480619092393698e-01
-7.092417538259074283e-02
2.886976278465449575e-01
-4.868643418911081100e-02
-2.170690095843739453e-01
4.337573817717384483e-01
1.058317395604929378e-01
1.767755350384754565e-02
6.618722794610146232e-02
9.434259546803417176e-03
6.065772298212944447e-04
8.434419390957134666e-02
3.422222667576469979e-01
-7.772302323778476629e-02
-4.689765917021114783e-01
-2.205913434834285702e-01
-2.110436731802901589e-01
1.361364966391918618e-01
-4.097729088613337733e-01
-1.088087646107000483e-01
-4.808842316673453410e-02
-4.309945405539016006e-02
2.548603645403442752e-01
3.056236958323777994e-02
4.241535453972282432e-02
-2.419517300897981726e-01
6.431033819819058361e-02
8.875436892961963142e-02
-1.501519770724616121e-01
-6.458490436199454399e-02
-9.635960380050330454e-02
2.179749828446679860e-01
-6.017761393660511077e-02
2.250351692528011760e-02
9.972442336653530859e-02
5.392829879159852791e-01
2.498222243174343937e-01
1.178214675853419546e-01
-2.119338004214191828e-01
-3.399921535696452946e-01
1.511242574101752736e-02
1.195906662069238201e-02
-5.608921774115864789e-01
-3.010330125118814149e-01
-2.701228298063980682e-01
-2.507379738211194531e-01
-4.713723207984926028e-02
1.592865372517672240e-01
4.272797943096079409e-02
-2.559225733890974075e-01
-4.110061628590346849e-01
-4.474254453853160340e-02
-6.838677812385916821e-02
2.982904895232699749e-01
-2.747726432019853560e-01
1.219956049800957898e-01
1.982375115821393974e-01
7.637291837981525777e-01
-1.033675291382398498e-01
-3.188487410902166724e-02
2.369000201792524907e-01
-9.708554605551086847e-02
-4.614245632848054668e-03
-3.825044314054409922e-01
