-2.907571824841597707e-01
2.660864199373522698e-01
5.835437200258701829e-01
-3.864128089047773607e-01
-1.194030754191436061e-01
-1.847272696977451112e-01
3.323030880771349893e-01
6.010088704988514330e-01
3.348031348405707264e-01
-2.940732607122435449e-01
4.657670502915328137e-01
1.822982212329248286e-01
1.396221430055252788e-01
-8.141493586574671815e-02
-2.892319411896409620e-01
-4.916129215950490461e-01
-2.829103046807645017e-01
-2.231558882606445304e-01
-8.224079346192687823e-02
2.978114162899696549e-01
2.827184976708232433e-01
-3.944927217166914746e-01
-4.147576428604142773e-01
1.136287140650785593e-01
-4.751619475728099395e-01
-1.469604223419047895e-01
8.369350229224001292e-02
-2.513747191239123491e-01
2.231107645233965098e-02
2.579404912958467300e-01
8.758319940276466931e-02
4.377318441855469755e-02
2.846192394669854950e-02
-1.303632425481848212e-01
1.781593489618864268e-01
3.700875118869628722e-03
-1.907538209908511417e-01
4.689162531542456769e-01
6.668405302237376264e-02
-3.751726191839288016e-01
1.593634850255831459e-01
-4.161083067887039189e-03
9.824363328800743422e-02
-2.143261282753702868e-01
5.459647394292442557e-02
3.755450199509872133e-01
-6.649172198735511796e-02
-2.861669065007753088e-01
-4.553446897344242128e-01
-1.079639872667015332e-04
1.277738822681632747e-01
-2.276597086765394518e-01
-1.204464678699110058e-01
8.880445875368378483e-02
1.089366250432734495e-01
-2.216046545186779460e-01
3.830098294286712335e-01
-3.595478492688971572e-01
1.257436128099664874e-02
-4.529311822280411293e-01
2.077448160283266176e-01
-2.763083462135787483e-02
1.911314338732063856e-01
-1.757141555251943432e-01
-1.189181289921355938e-01
-1.114679352053734168e-01
-2.880422126475514211e-01
6.621913357142069634e-01
2.414547616272663677e-01
-1.233232720660027981e-01
-3.586324649865431369e-02
2.193882274139312694e-01
-1.166459297427672043e-01
5.593287861136068961e-02
1.290034604904986559e-01
-6.614396174419312491e-02
-2.227977548111317874e-02
-1.608684512260241395e-01
4.334185897315195879e-01
3.364095219594478992e-01
-1.122670689052823884e-01
1.094191243526508595e-01
4.719169822085702570e-01
1.209369597632888316e-01
-4.140992670788185004e-01
1.945463109125681878e-01
3.373678975678809366e-02
1.760233669350253494e-01
-8.832609460171517157e-02
2.616572273634812928e-01
1.996342180849109971e-01
2.032534894639100309e-01
-2.755312101767113386e-01
-1.285270591199564050e-01
1.101461240847183276e-01
1.813935058743457729e-01
-4.361264496338362884e-01
3.138256630546922832e-01
3.069860762616234973e-01
-6.332789126895879694e-02
-3.860428172295611859e-01
-6.974864077659509443e-02
9.755207158196041450e-02
-1.371793322901214141e-01
-1.564045839735831445e-01
1.220070644772211776e-01
-4.369124441984112428e-01
-3.667600428718970629e-01
-1.678685618869103224e-01
-1.345029392917142519e-01
1.293724093732771252e-01
3.642388957399207705e-02
1.808688122399160214e-01
-5.561279953963084444e-02
9.278896352528237523e-04
2.239790727524920422e-01
3.319129010873538288e-01
-3.728379333519551420e-01
2.697477690091187874e-01
2.004854457836685033e-01
-1.744938136998955280e-02
3.214773747771770829e-01
1.378083284668658592e-01
-2.808826732055941244e-01
9.974544891438168193e-02
-1.019612635959035174e-01
2.161973154578932244e-01
3.432322149508080233e-01
-3.160663749683186308e-01
3.592959804479108898e-01
1.076369632096591950e-01
-1.696938249390446130e-01
4.758315299998658321e-02
-7.904142473059679042e-02
3.053902313065987029e-02
2.238198143576986543e-01
-4.760033081986272951e-02
-5.161778851247136313e-01
2.844985580421716675e-01
-2.161973968445801420e-01
-2.833721270315142648e-04
1.129524425540457538e-02
1.956400449543801989e-02
6.186172923061120099e-02
-1.572092687397356747e-01
-5.158236588006751694e-02
-3.739657088652106887e-01
3.411961430830107722e-01
-1.448845443758501328e-01
3.860421255405757091e-01
3.317439252580955955e-01
-2.853718864137957945e-01
-1.620080852541427863e-01
2.708057524381703440e-01
2.309738096913908356e-01
-2.410457419960409797e-01
-1.163189715239681954e-03
-4.390186375528897234e-01
1.564207722497188147e-01
-4.199308700933553073e-03
2.618734223233912251e-02
-8.055672787422363257e-02
2.456998977358813008e-01
-2.936178934690940046e-01
1.379360818020773372e-01
9.875514033635700295e-02
2.329767701800482538e-01
-1.686913712087037276e-01
-5.418408846843447702e-02
1.492793723476439627e-01
-1.482128451185070472e-01
-2.493311671962794296e-01
-2.035339246765706100e-01
-9.706211027697898841e-02
4.544789611880907243e-01
1.915093461936742680e-02
-8.781915169284950640e-01
2.141414226824588096e-02
-1.517441129990221294e-02
2.125876482721392180e-01
-2.533032435218658396e-01
3.425059345500843233e-01
-3.859148059691303034e-02
-1.637135104029007193e-01
2.674892884286457218e-01
2.830899279298615401e-01
2.936152322902015332e-01
3.712655048978112660e-02
1.594428812998143208e-01
-1.602910498744903878e-01
-1.719750552516524367e-01
5.101253056688173082e-01
8.421811385071115152e-03
1.936706067065652181e-02
-2.375934732616475642e-01
-3.572900354925414579e-01
1.823403827019825230e-01
4.086779711134244653e-01
6.266814046726181253e-01
-1.367345257187982943e-01
1.826219005933296669e-02
2.595789978674535592e-02
-8.230143389686209177e-02
4.245875502958298409e-01
-2.152574124393195065e-01
-1.557930038987692112e-01
1.021723914268886646e-01
9.475268070756043270e-02
-3.103128541649144423e-01
-1.331466001509835351e-01
1.992010197852752407e-01
3.417139520506805306e-02
-9.958720110942193005e-02
3.672239872605565503e-01
1.735314093923071288e-01
-5.587977756078121860e-01
-7.683753610021111513e-02
-2.139529902426593189e-01
2.545711345657107882e-01
-2.353926167079228859e-02
1.072630572684143968e-02
-1.141801810479706192e-02
-7.107580601821179844e-02
3.021134432422912797e-01
3.835276368633742106e-01
-1.113753744422327219e-02
-3.003188454526102280e-01
1.309544805656165656e-01
1.218660884133712236e-01
-4.143066098722546220e-02
-1.720821491020859684e-01
-2.083118325123565207e-01
2.986534710988707486e-01
1.565665235754588880e-01
-2.047384088559764115e-01
5.524673884112718536e-02
6.144304733485523862e-01
-5.018170271363234236e-02
2.006822503283928194e-01
-1.663746149782493189e-01
-7.398498853732166092e-02
-4.344820120807352248e-02
-1.641135500621215271e-01
-2.593875631286363670e-01
-2.342735253544308838e-01
-2.518013338368556286e-02
-3.410022238730152644e-01
2.308420961486804257e-01
9.180359778216258537e-02
4.735485286467395194e-01
-4.047388919914418071e-01
-3.370664287923745839e-01
-2.149254409211550643e-01
-2.190625849623399901e-01
2.496198122706624334e-01
-1.468098478580298627e-01
2.061384999194124379e-01
4.551625746835777919e-01
5.503997623254530680e-01
1.878440033264562325e-01
2.338463606840721631e-01
2.748328365820886798e-01
1.363223509581073245e-01
-7.225425331229984316e-02
-5.373553362544529755e-01
