2.841240578078472190e-01
3.530343541016788267e-01
3.061711181940286464e-01
-4.628848270433996159e-01
5.229738232144387489e-01
2.859187715419808651e-02
3.565694531511748311e-01
-1.905453375515713255e-01
1.577552310403051994e-01
3.922389873637413538e-01
9.751556870192391868e-02
4.156999687315526826e-01
2.256016414707757434e-01
-1.084936691390901153e-01
1.483343955625566202e-01
5.524825704526403758e-02
1.878680090380796530e-01
1.359153308264762772e-01
2.094681963713146411e-01
-1.757251151504032605e-01
9.524073541129959852e-02
3.776585633242093287e-01
-1.705365991433918926e-01
-3.717436086947188967e-01
-3.735888807340501661e-01
-2.732881159201208110e-01
7.996646324421527452e-02
8.991241370639388442e-02
1.222544070619217826e-02
-1.434743907998606294e-02
-7.469782469068506070e-02
-1.972885809395925893e-01
1.058933846903175185e-01
-9.922522102799682941e-02
5.623025694214199843e-01
-3.316256888273543674e-02
-5.083322709885236546e-02
2.240735926066431405e-01
2.692628648198788777e-01
4.592039860007637309e-01
-3.553117513230842905e-01
3.212624148682381442e-01
-1.454143541914952875e-01
-2.736025116247203792e-01
6.939164870471986601e-02
-4.018956111903443928e-01
-6.345891216160344239e-01
2.544231037957218611e-01
1.698929184187079056e-01
-2.265758548882199352e-01
8.244753501875423662e-03
-1.154602742017200867e-01
-8.345447913865548795e-02
-5.057449326328586348e-02
-2.218333255906386470e-01
-3.887689289211885280e-01
1.305708362358819208e-01
5.806021540944198422e-01
-4.995779234503748556e-02
3.947557575763077642e-01
-3.580990146140129449e-01
-1.317562119990680070e-01
-3.922947576379245960e-01
-2.567887329000181906e-02
4.950147560586047879e-01
1.371028831488212141e-01
-5.195826117534183552e-01
-3.500529664019884635e-01
3.411220970968305566e-01
3.836514966322753240e-01
-6.658849677035141301e-01
1.895718378524940684e-01
4.440799028886764921e-01
-1.820310411444970300e-01
2.713293207039177979e-01
-3.541579598110154437e-01
1.541507757979914961e-01
-1.405995037237973699e-01
2.050348819335740536e-01
-4.802870236596025189e-01
-1.895422669154649409e-01
4.687081138783336098e-01
2.292091393331573690e-01
-5.483656625659436568e-01
-4.293098103097896523e-01
4.630948110029740050e-01
-1.919487803097717771e-01
1.755107866869403122e-01
-3.122293651166604955e-01
2.651823149192367862e-02
-8.253794327086486082e-02
1.897253847657362769e-01
-7.494688123104435995e-01
2.787541068139007816e-01
-3.489805015918903686e-01
-2.704492754529658760e-01
3.521153208554590464e-01
1.000926494974228448e-01
4.062734760664818423e-02
5.871200561797413897e-01
-3.810268255494950185e-01
-3.454537663231958544e-01
2.344102229183681607e-01
-3.178473341017858944e-01
1.118801965882883775e-01
-2.879452067295206197e-01
1.050099383421372184e-01
1.345032786913246403e-01
7.642015606064300748e-02
8.805192089937052824e-02
6.491728759531529835e-01
-9.144009273750233757e-02
-5.604300957791337190e-01
-1.415089488334210222e-01
7.057160121699856958e-02
-1.945797614617642279e-01
-2.995987981287346336e-01
5.394852421861335845e-01
2.199553545590546277e-01
4.971231746405933016e-01
2.864215191576725550e-01
4.190835306391788584e-01
-3.610080769928090128e-01
9.377793038805995463e-03
5.401701340681328567e-01
-6.719409680394393680e-01
-7.849702650334217102e-02
1.421717014509973342e-01
1.486042980566618099e-01
-3.642487678023110242e-01
1.645292269100234739e-01
4.169619828415738194e-01
3.909211840177039821e-01
1.397130883679098545e-04
-3.036293132769553038e-01
-1.580041597369471473e-01
1.015740565617520852e-01
-3.494140383821892071e-01
7.560132778540746834e-01
4.255237502057011567e-01
-1.116672489625375186e-01
4.964919614191246611e-01
3.101526856955123534e-01
2.703690548272154048e-01
-2.752121228723877211e-01
-1.949154925575657948e-01
-2.450368871697962692e-01
-1.107534402899431752e-01
-5.069009337629677425e-01
-5.894594417357896798e-01
-4.926880654694137940e-02
5.023380817565540335e-01
4.449980151702592757e-01
-2.738712991891142923e-01
-2.336162909595662918e-01
3.968309655023635751e-03
-1.107378423788333149e-01
1.222623915646111475e-01
2.413487740219477373e-01
4.965722223189188989e-01
-1.583590198647618352e-01
1.335520696231126125e-01
-2.860769539079613955e-01
-1.956131057663562933e-01
-2.928391241273367029e-01
6.069153151732681328e-02
1.365992954502696366e-01
4.261508141116662762e-01
1.401119486375770329e-01
-3.916059073790190692e-01
5.963982213117635656e-01
3.622314368069923241e-01
-1.828851651301854897e-01
-5.332719417911575555e-01
-2.633909672795120560e-01
8.797702608218704867e-02
2.896474365981892563e-01
8.718705746529546718e-02
1.129334364212803699e-01
-1.728097086925223791e-01
3.499022115428661595e-01
-1.530253401564407867e-01
8.093959629120234256e-02
-3.116181768787920636e-01
6.933678141277881402e-01
1.484399798736071585e-01
3.257865178187522859e-01
-6.948979808040045558e-02
1.846822690953050239e-01
-2.621432890360551882e-02
4.807802007339292971e-01
1.202873378617141942e-02
3.119320217216282609e-01
-1.554794234381462470e-01
-4.152753762129775261e-02
-2.649962771435442899e-01
3.066413340760544282e-01
1.006443539625411915e-01
2.413170647055448981e-01
4.223959446293361342e-02
1.512298929671020697e-01
-2.736120096505425536e-01
-2.147394491250206039e-01
4.156739216566024409e-01
2.034260597892387223e-02
-6.965093557811591340e-02
-2.087840911428119894e-01
8.924901129543996725e-02
3.107111167196985879e-01
3.129233451310394765e-01
-5.376775019639539188e-01
-2.580455239873173934e-01
5.816197031152170460e-01
6.603144134931528964e-01
3.005046877637118086e-01
-8.695619337345852906e-02
2.483526823532040129e-01
-2.582303220031735291e-01
-1.082729838934336775e-01
6.150605683237626853e-02
-8.569425422030521600e-02
3.920638162482640299e-01
3.238766929787414428e-01
9.794675818536849321e-02
2.972907271185670774e-01
4.024437599846426850e-02
-3.045974740196543129e-01
-6.445555179891476749e-02
5.149070410909951934e-02
-1.453941067538925269e-01
1.216842763671438510e-02
5.091479057939451991e-01
-2.830969550339360041e-03
-1.858457460941586592e-01
3.416890730733354586e-01
2.189844804827751068e-01
7.983939158748956655e-02
-3.462328672735038304e-01
-8.020453510947320175e-02
2.007703277847377454e-01
-2.214932412214516699e-02
-2.969438757455727385e-01
2.345601669758744234e-01
-2.464999842796587043e-02
4.315080662368111497e-01
-1.883391470713069449e-01
-3.981054429703143049e-02
8.456222260163223647e-02
5.694899851065963192e-01
-1.220647609523432264e-01
3.156250065367600666e-01
2.330463754507308693e-03
3.428641968585911526e-01
3.372060990359685428e-01
-7.155025641259471492e-03
2.769177525282288943e-02
1.288629322855062709e-01
-8.434572210670482351e-03
5.029545096590805064e-01
-7.199260357671485866e-02
-6.199667388241605903e-02
-3.512381375576859588e-01
-2.883858890813556508e-01
9.991984846649779040e-02
7.645009926560880631e-02
