-2.518308413040407090e-01
3.933475721372597378e-01
2.916925448017512190e-01
-3.769160554998354229e-01
-3.767293020865891684e-02
-2.641573153848918443e-01
1.868519503127666626e-01
-3.069514000507767015e-02
5.314569689087564330e-02
-8.166728646871684871e-02
3.634490769933744758e-01
-1.726039020680139036e-01
-6.542322112419321489e-02
7.534627332507204400e-03
-1.825610249007236507e-01
-3.071658436955280180e-01
-2.567393294448464536e-01
-3.385161526219313544e-01
-9.427167334364244811e-03
7.989705382459541538e-02
8.423297740684076995e-02
-4.649684790649465382e-01
-4.029344641105937486e-01
-6.639034081018115041e-02
-3.058432953295139867e-01
-1.544274379822322130e-01
-1.204183598405194899e-01
-2.272384863302879254e-01
-2.886912770615567003e-02
4.318035933041401431e-01
-1.564817526801191017e-01
1.337727769522831234e-01
-2.266433813923858856e-02
-1.010524656675756972e-02
2.843637347244563074e-01
-9.152029729183309981e-02
-3.422281201492536340e-01
1.229914078774947961e-01
2.432656066850468202e-01
-1.568494926972180403e-02
-6.472974895147931562e-02
9.091104494362571564e-02
1.363072115964955866e-01
-3.290323202872272867e-01
-1.358006637667356353e-01
7.295502847748269737e-03
-1.774591804835116138e-01
-1.141272376258391508e-01
-1.315425746694310893e-01
1.313596813514646966e-01
2.040952515950719415e-01
-3.006890806985274556e-01
-2.128980254759295088e-01
-1.646025634344910893e-02
1.609953427426221440e-01
-4.637872915632079707e-01
1.826309507207394822e-01
-2.731139464800819150e-02
-4.079994585774321392e-03
-4.335934905577445986e-01
1.450854811364238606e-01
-1.522126573879772349e-01
1.016167205827201991e-01
-2.978380310351089189e-01
-1.371736988396370927e-01
6.313717465719051458e-02
-1.970433848140058231e-01
6.489577202521819022e-01
2.707795328927459222e-01
-2.255179093904063903e-01
6.985142804786523274e-02
2.636269981965523312e-01
-2.313940989110042090e-01
-4.327109355382272038e-02
1.534872311172184867e-03
-3.348355969207058580e-01
2.108492800312724569e-01
-1.611819927804000741e-01
3.202719194921205270e-01
-9.581570894317695264e-02
-1.966206246501676635e-01
9.899538117539595505e-03
2.918838168248432119e-01
3.232662425627829128e-01
-1.380983408762420095e-01
6.115726193517570519e-02
-1.086489298201163967e-02
3.025461651013448550e-01
7.514688316001477686e-02
2.131115267487852794e-01
1.797784079126926171e-01
3.730156640777768096e-02
-8.708498635002168142e-02
1.390390029178683595e-01
-1.078689551737254532e-01
2.545054651548680491e-01
-6.428732871790205916e-01
4.056155673982669851e-01
-2.306195533846456258e-01
-6.269036946213683847e-02
-1.437558980082961346e-01
-3.478335702330492829e-02
-5.754634227429761273e-02
-1.436577523620949925e-01
-2.982173226484048922e-01
2.805421295381124724e-01
-4.108504816032546580e-01
-2.335995535862833983e-01
-1.105365600433108053e-01
-1.370380993391191182e-01
-2.832163870142731521e-02
1.214547781090626055e-01
-1.945277063788483640e-02
-2.218742593839335975e-01
1.785577257845494259e-01
5.734682096622731318e-02
-7.203430273023092578e-02
-3.183332175936445241e-01
3.890706303997046867e-01
-3.982715286667043442e-02
-2.112236857317779937e-02
4.787594912660050883e-02
1.783372869932642879e-01
-4.300773705523299739e-01
2.118750698898172469e-01
1.258342277927663733e-01
2.903932503656909137e-01
5.173730928152915354e-01
-5.256869989840254331e-02
4.656087663595359638e-02
5.170851191810529879e-02
-2.334925664263211298e-01
1.266537437760479334e-01
-6.787121341783011741e-02
3.759823401306663926e-01
2.952405191901280590e-01
-4.276774277110862998e-01
-4.110647049763678229e-01
5.168527423611762872e-01
-2.906318854910645566e-01
-1.753048151476497007e-01
-4.501900118106604287e-01
3.410751663807193301e-02
1.588887529117765651e-01
-3.022616765957514273e-01
-5.099373428461652369e-02
-4.787663217842225150e-01
1.657913186627053836e-01
4.991094776986867987e-02
2.656138333332836998e-01
-4.248480338141918944e-02
4.252744371919975341e-02
-4.750613929941253089e-01
1.538243341478053861e-01
2.302537131875759813e-01
-1.242930588792686419e-01
-1.601725617574922822e-02
-2.238750181260099892e-01
-7.899801611479059793e-02
-1.712284104226026449e-01
8.605066627090637854e-02
-2.063879501766824887e-01
4.099464114199039555e-01
-3.956537101430366299e-01
5.190460060320770119e-02
-2.018570520793548928e-01
9.424504576656958510e-03
-4.016878941235237921e-01
-1.423242051477834891e-01
3.037158469453287157e-01
-3.668655828061983537e-01
-9.998927484137984378e-02
1.876976995017488603e-01
-3.461574763342119554e-01
5.069055599273297741e-01
-2.933780734181402616e-01
-5.548525321162905977e-01
-9.633751720822951448e-02
2.666361513728454091e-01
-8.520170763174703121e-02
-3.836269041803250790e-01
5.876178961285902780e-01
1.634606868635894439e-01
-2.090250587728016418e-01
-8.738321630702711174e-02
6.462700848682523258e-02
5.387005121740762181e-01
1.131080868880448009e-01
3.782985311764235081e-02
-4.253759130938081223e-01
-1.634349898702682491e-01
2.253630014972271278e-01
-2.087856660960550892e-01
-2.118281001657398299e-01
-2.151053412575570367e-01
-3.450962877067119128e-01
2.426054305338934125e-01
4.528949267438051041e-01
5.630324065078822215e-01
7.908890787836411751e-02
2.042859761840432054e-03
-1.506874770059928870e-01
-2.724178543014932341e-02
6.059832849983373682e-02
7.349767280181263018e-02
-3.030619834101773158e-01
-3.854301503666279771e-02
2.498687221623925314e-01
1.682030890300974801e-01
-2.904856236746098941e-01
6.850621990479310863e-02
-4.462695941981800751e-02
-8.314439357654079821e-02
3.925393485898730495e-01
4.670413604063200497e-02
-1.270353133933422307e-01
-1.134733874987972346e-01
-1.078934021026775880e-01
5.520868919736737768e-02
7.725134874733272095e-02
-2.424155959777981040e-01
-1.117151397849364958e-01
-1.999688328602382270e-02
3.638783401613042146e-01
4.766262735859755351e-02
-7.310066697593139984e-02
-1.345160840011024317e-01
2.204074330992531472e-01
2.922207148379103725e-03
-6.390174907651600955e-02
-1.607943998067343228e-01
2.004478287269867431e-02
9.107758232827516121e-02
-1.266289402373213802e-01
1.267485665459351929e-01
3.483535103798274246e-02
4.599696445338278261e-01
2.147626121393217402e-01
2.095268913715656323e-01
-1.181861512019273808e-01
-2.390431042132825368e-01
-1.307824963099966237e-02
1.188078796732074116e-01
-3.276208984555729620e-01
-3.244172180113932269e-01
-2.774847000359405014e-01
-2.212879563607511035e-01
8.835079170425536033e-02
1.097469748642008747e-01
2.336310527013188976e-01
-1.007276214137174386e-01
-4.328543201719453615e-01
-1.366308928592421257e-01
-2.914553211972047420e-01
1.838057136309456108e-01
-4.477780394506714612e-01
1.814873796773778525e-01
1.720713883339373973e-01
6.092047772816985285e-01
4.594343002321765734e-02
-5.976154012714922359e-02
6.861381069628685880e-02
-5.078162070923317173e-02
-9.676086869050065653e-02
-2.811914223136816604e-01
