-1.932083936039213912e-01
3.949213397273299009e-01
2.324294490830710325e-01
-3.458317567455132524e-01
-9.767965384752796965e-02
-3.340460008032913874e-01
1.724108965365303558e-01
1.953587736471941450e-02
1.823342611468545260e-01
-2.386334565712423250e-01
5.902692101885220755e-01
4.252928807791250126e-02
3.154748066813876928e-02
5.790592099879934840e-02
-2.697521686905484661e-01
-3.603368721119277196e-01
-1.142020843673943742e-01
-4.164717972419675340e-01
-1.604032014717074739e-01
2.666729453896599100e-01
1.939524761763058991e-01
-4.283467337662525409e-01
-5.918326454639604162e-01
-1.339072014896245943e-01
-2.520997510282065313e-01
-1.009116875115369100e-01
2.211125684485532039e-01
-1.554829127631049968e-01
1.729166522142378676e-02
4.442170466467435519e-01
-2.365535066974540912e-01
9.779781845029711373e-02
-7.780681417260521503e-03
-1.160804690698162833e-01
3.282694968699821358e-01
-3.286769819333990039e-01
-3.067750916853109189e-01
2.706835077706982728e-01
1.662976718512452212e-01
-7.063808895847988045e-02
6.058967537933231118e-02
7.781133793348933569e-02
4.339034707920219613e-02
-4.419661911816328281e-01
-1.187584840379112411e-01
-4.437121701069736412e-02
-1.628047289322909763e-01
-2.113716165902548294e-01
-1.479843143646200621e-01
-2.132374116731383662e-02
1.028646970494570684e-01
-6.579261200218677885e-02
-1.885648812862572021e-01
-1.294879829079097489e-01
2.761515057521269911e-01
-4.896364556199309659e-01
6.391931391678198904e-02
-2.387883930348964623e-01
1.586225439225825706e-01
-3.608399883142788256e-01
5.267894251141887196e-03
-1.518138341381347067e-01
-2.826641335071516936e-03
-3.637325408658909631e-01
-1.876240496004750180e-01
1.972842480514850061e-01
-2.126332974477320170e-01
8.031217185165429040e-01
3.083561147909731348e-01
-1.600749512792699614e-01
8.657405736138906738e-02
1.903208250310462757e-01
-2.046034530690928332e-01
-8.293054715798494486e-03
5.339430867574213035e-02
-4.230683552864177299e-01
1.567113105988937882e-01
-2.584290185883419411e-01
4.445950942842821774e-01
-1.056612753056112575e-01
-5.521311373015619361e-02
-1.125444041431190312e-01
1.988469526543650279e-01
3.490436007992961942e-01
-2.879556851895925806e-01
7.384871187222902256e-02
-7.003810284047097545e-02
4.718464822499849332e-01
1.505684998581049427e-01
2.977580650833758780e-01
2.258026222770475044e-01
-7.860431277131298133e-03
-1.185478087109144568e-01
3.668420984050950462e-02
-8.278957028930947204e-02
3.317349380945285864e-01
-4.909152843080826223e-01
3.775289209986623096e-01
1.396650062268950943e-01
-1.529515029610382659e-01
-2.022916261209816713e-01
-3.529138444198402780e-02
6.098347912620865480e-02
-1.159194590817759218e-01
-2.561354515944961330e-01
2.860961294995932880e-01
-3.804214925864793928e-01
-7.744922403964232815e-02
-9.658454359428950142e-02
7.962138685482721481e-03
2.039060257823230027e-01
1.258805105404801616e-01
-7.763328398412729092e-02
1.922949419338048083e-01
1.795137056106703710e-01
1.172181474583152000e-01
4.652081241548006174e-03
-3.416094442577467527e-01
3.288199296432852137e-01
-7.408782127707337628e-02
-1.131634349948288515e-01
2.144831897548959698e-01
4.029894404695987253e-01
-3.178447986749457499e-01
2.983394014218216372e-01
1.586570425487249802e-01
4.330775056752210750e-01
6.051798339324266918e-01
-9.622978438102881837e-02
1.004072132732200529e-01
1.121246003470035973e-01
-2.942789401213665723e-01
3.844437888050838414e-01
4.157316240663679052e-02
2.150659244487241606e-01
3.304848496023179427e-01
-3.388751577842743501e-01
-4.864915462170463778e-01
4.232512362223961322e-01
-2.364785975637170856e-01
7.583570129686885430e-02
-8.750121884921718829e-02
2.353230773609148729e-01
2.841069675033938147e-01
-2.145507564202853157e-01
-1.566848666951980995e-01
-3.990787057667230520e-01
2.285349009158160749e-01
-2.142573490492011568e-01
2.911064489220910323e-01
-1.756206080478932285e-01
-6.600809886068439991e-02
-7.414054460407761837e-01
5.870728454102367572e-02
-1.249681957457913217e-01
-1.098938383435381638e-01
-3.372077084951059789e-02
-3.429724198516735933e-01
3.921708599472390616e-02
-3.291419861045465078e-02
1.144703191364022238e-01
-2.349798244783961598e-01
5.206798219336603584e-01
-3.677948171524282883e-01
-9.260941407596971764e-02
-2.054923778950432378e-01
1.622317710143659220e-01
-4.357508749593785313e-01
-8.902726654744003154e-02
2.777677977586797686e-01
-2.853059549123117544e-01
-1.265795899034600699e-02
3.814311153624980189e-02
-3.830194626626027832e-01
5.298624327443892668e-01
-1.915607577037414244e-01
-5.843592005749395080e-01
-2.478504492794682268e-01
3.406842058678227758e-02
-3.158005772742442097e-02
-1.362959655852268859e-01
5.288817252623139176e-01
6.507060903817860065e-02
-7.813332267670972109e-02
3.521451556278213518e-02
2.153120158144594676e-01
5.068388629448138394e-01
-3.841773145749451113e-02
1.429112482252492544e-01
-2.855508493971137263e-01
-2.147902523262287811e-01
3.270226934215022530e-01
-6.250886471914041120e-01
-2.114533738578922017e-01
-1.020181971831899681e-01
-2.901400385073759636e-01
2.832767989274211917e-01
4.504796566632468524e-01
5.150086366967234763e-01
8.833538464934290180e-02
1.659108650193847345e-01
-1.329761665116845903e-01
2.620555116181649824e-02
3.456019582115128497e-01
-9.336681789411885313e-02
-3.588473170941324231e-01
1.046200091092410606e-01
2.839011091709209289e-01
4.083036029300875225e-02
2.072008385890441728e-01
-3.902395456571561977e-02
-7.022361892438712394e-02
9.229156606105354266e-02
3.532447782402494685e-01
-2.083664330739193049e-01
-4.488810257411565141e-01
-1.378828213974854777e-01
-2.321870146786318978e-01
2.612141089304786251e-02
-1.923594224725781732e-02
-1.373708223050008059e-01
-5.439642577347450492e-02
-1.870773053089999638e-02
3.073851208443271199e-01
3.383590267558195253e-02
9.828208482143953317e-02
-2.042577388370256652e-01
8.081827530627469502e-02
8.974658130978357962e-02
-1.062891704017722427e-01
8.426197415305225480e-02
-1.478244742736943285e-01
2.436914530996113770e-01
7.361003226271756184e-02
6.070747212079249250e-02
5.773402678719237457e-02
5.431134814434782632e-01
2.650749220236660597e-01
2.058828491020649187e-01
-1.768615492761571317e-01
-3.463706518851683014e-01
-1.081004582072836971e-02
-6.479597585102027379e-02
-4.316919018728905821e-01
-3.220194014633269708e-01
-2.788970472964107383e-01
-2.455837543156757785e-01
3.551896509894798132e-02
1.536067227175343386e-01
3.476854152685455723e-01
-1.945380923779440607e-01
-4.028411614976099564e-01
-7.433513044914727419e-02
-1.765849079660117282e-01
2.053889300223382397e-01
-2.998958350135149109e-01
1.640978969789746444e-01
1.382404347410235990e-01
6.508958047436756988e-01
1.093239561658863358e-02
-9.121908611158545399e-02
2.359687318688353519e-01
-9.384439522826934499e-02
-8.452181018161825099e-02
-3.369932119306897622e-01
