-2.042026143525109694e-01
3.828299260494023581e-01
4.362510517692813616e-01
-4.781870686168708251e-01
-2.350433158416549706e-01
-1.216023983400353614e-01
3.244897310192635942e-01
3.904189212610764681e-01
1.371283978745968801e-01
-3.717965079138132456e-01
3.873834525047462618e-01
2.580669488043867976e-01
8.048298535582903979e-02
-1.456600592627775581e-02
-5.303885288356267047e-01
-5.667324931498333163e-01
-5.391473943343770836e-01
-5.193984338379338261e-01
-8.756988268757390226e-02
3.243441881296580398e-01
1.647929578405289974e-01
-6.093028736759353858e-01
-1.533752987727146633e-01
-1.771013566935675521e-01
-5.354105856481092829e-01
8.053251056959258303e-02
2.437097387252142033e-02
1.056178675770495790e-02
3.480009119066067580e-01
3.151482264450069515e-01
4.083889027770598590e-02
3.427696245585762358e-02
5.488329790941869762e-02
-2.803380652348703705e-01
4.383373793918071137e-01
-2.723437168234794648e-01
-1.200890463948875997e-01
5.072909813364990805e-01
1.311585104589514383e-01
8.524406077242981106e-03
2.583277687660304189e-01
-2.231534709113862092e-01
-2.198263590624005837e-01
-2.527513462908917985e-01
4.120136129157192517e-02
2.558074120784010197e-01
1.962646835535987733e-01
-8.748389989820708201e-02
-4.928955935040202907e-01
-2.968702993883529651e-01
3.319224562615361029e-01
-2.362593520445119832e-01
1.208841305720099180e-01
-2.002580513985043331e-01
2.958692709750677663e-01
-5.570677489619679790e-01
4.037328706033306291e-01
-2.897597967816392117e-01
-3.487420257182847205e-01
-5.522703809197325731e-01
1.553379448720475786e-01
-1.802452729002705367e-01
5.366366868945299240e-01
-5.904448799076941201e-01
-2.200859557806214006e-01
1.295144538856105310e-01
-4.994605601517255744e-01
5.981867763404111749e-01
3.906218913482119581e-01
3.337928052211970309e-01
-8.062310168228675744e-02
-1.427282580541276158e-01
1.716750016539453638e-01
-2.023701358177925902e-01
2.889050803378813703e-01
-3.542230358003707891e-01
-4.698476605014857976e-01
1.333719299369727218e-01
5.370623182481838453e-01
3.546744538314151596e-01
8.414035517932627606e-03
-3.976600485851052025e-02
4.310559346953244941e-01
9.745640692321112797e-02
-4.403908942058749609e-01
5.044940990739541498e-01
-3.616895108831122418e-02
4.712640502248101049e-01
3.308041860568122217e-01
2.458121586022294081e-01
1.080370349736618218e-01
4.893595517895699132e-01
-5.114014369355922573e-01
-4.131098557502140833e-01
1.023515878536775114e-02
4.416471993679628449e-02
-5.031443812447583541e-01
4.002891331793906327e-01
3.301496394667020051e-01
-1.668579431441058469e-01
-4.533380018955540658e-01
3.622814794278290673e-01
1.012539373087015804e-01
-4.624652225453379506e-02
-2.199192806620679508e-01
9.351168210734887853e-02
-3.208780937272728284e-01
-3.528184459714202026e-01
-6.501050989008815284e-01
1.815197077920288615e-01
3.038131376831139097e-01
2.588286834773312339e-01
-4.602142869393762714e-01
2.124722486939547295e-01
2.210585107011578954e-01
1.490531909531637167e-01
2.484508560022313239e-01
-5.868118106362536501e-01
1.677398514767238225e-01
3.215770470662167035e-01
-1.396332990883496494e-01
2.787547886542171005e-01
1.205237808324053639e-01
-5.647494565245015918e-01
1.611856649710685374e-01
9.036777096819649524e-02
5.549961456123966297e-01
4.022283589313768726e-01
-3.809977957158230399e-01
3.386825637495622376e-01
-3.746535578860035742e-02
-1.967011598258527894e-02
1.795428754675248983e-02
-1.381471207569934523e-01
4.126025373270767460e-01
-4.096551297872233488e-02
-2.434545053868890363e-01
-4.229140832977867914e-01
4.676132155374368993e-01
-4.415643656203610545e-02
2.193999946955200731e-01
-3.274856295727128497e-02
-3.683659330160377054e-01
1.648829538994765198e-01
6.943908586211655631e-02
7.182956226593732729e-02
-1.122518085697585127e-01
7.641993855114138645e-01
-3.513531932215135933e-01
3.278583210279655269e-01
1.920999890840297541e-01
-2.022994331539808288e-01
-2.545290336265138564e-01
3.345928767503256185e-01
5.083636745067825202e-02
-2.206193935192737876e-01
1.147665357989063328e-01
-3.242558980754713938e-01
2.218500157816852281e-01
9.956580339897332099e-02
3.086142095265946295e-01
1.637245884385654104e-01
1.780927185377623179e-01
-2.428834473656014126e-01
-2.337124496892235836e-01
2.044093300446870876e-01
1.679186263752360520e-01
-3.942428116823466500e-01
-1.169867330218331003e-01
3.020955375940959087e-01
1.369918954143957146e-01
-6.328336720725406817e-02
-2.598957257555150058e-01
-7.922862535943570039e-03
3.779283730291841947e-01
3.233043574677298415e-01
-6.079708269050592140e-01
-1.270851485106371803e-01
-4.612444089892110410e-01
7.869545404183495574e-01
-9.301865073904645731e-02
9.411776116869430275e-02
-4.340318386178351195e-01
1.422635910871445364e-01
4.079111770943241178e-01
7.047583770799148439e-01
-1.327568505195013404e-02
2.335975629289837596e-01
1.600551905625097471e-01
-1.395862491261170013e-01
-5.173071967402580462e-01
4.596572277933489992e-01
-3.139916223958208463e-01
-5.496575488683468347e-01
-3.731465450700437864e-02
-3.174588959222319207e-01
3.657130379680725296e-01
2.928761314781309633e-01
6.007520856421193489e-01
5.434096315351479717e-02
-1.706589476010259010e-01
-1.143417365290180787e-01
-2.179830239049967699e-01
4.874677673204697026e-01
-7.533106168750847154e-02
-2.334834854737498078e-01
5.015733730056997075e-01
-3.011748312416080431e-01
-5.011477965486934583e-01
4.054169296103082853e-03
1.888718565342410172e-01
-1.277779788905810676e-01
4.418500558689168745e-02
8.820361602180823435e-02
2.783663229679771145e-02
-7.966735165716329892e-01
-2.736809527183084456e-01
-1.590477461208436583e-01
1.564251610102618817e-01
-2.723946267401153865e-01
1.119528799884242781e-01
1.452713843767849955e-01
-3.365114022531842664e-01
2.689377911435686386e-02
4.796706373199138840e-01
3.894814054477841458e-01
-3.341068408764015230e-01
3.778837732983137965e-01
-1.165706593924087098e-01
-3.007047013951315018e-01
-2.785126161763616381e-01
-2.947069883937913914e-01
1.898419261105748490e-01
3.246656505053197583e-01
-5.438830071058044224e-02
8.321347725003869211e-02
5.282544110870925902e-01
3.048694815641065370e-01
1.943153562933943035e-01
-1.865022422271011560e-01
-3.230505370077206839e-01
3.506513164268491023e-01
-4.559410969613187925e-01
-5.213223288672623745e-01
2.768515100400139040e-01
-2.553156059668419964e-01
-2.662810588394445288e-01
6.945339755055025821e-02
1.719264732923792560e-01
4.256374275951623209e-01
-5.590937231923069906e-01
-4.413173000667325319e-01
-3.176258435325976515e-01
-3.398404845818440712e-01
4.659756642940234839e-01
-7.241587158226397980e-03
-6.789985204712957467e-02
5.202361509666372230e-01
7.163411157284871322e-01
-2.070050459680558563e-02
7.736142054732968176e-02
2.736494601067739896e-01
2.621595589885290511e-01
7.993807868194503785e-02
-3.810482530335393969e-01
