-1.712720532435741405e-01
4.150814480601799916e-01
3.266064424208350303e-01
-3.389965390332854156e-01
-1.135660756632866225e-01
-3.840392009439576593e-01
1.398229868292697742e-01
9.958966409932809571e-02
1.792106431643655795e-01
-2.018664569974136236e-01
5.770025764157387105e-01
2.031722019345844066e-02
6.330774474201147917e-02
-1.404228927463161553e-02
-2.788943826930712633e-01
-3.560643213100952442e-01
-2.686112541446767921e-01
-4.452902392333649706e-01
-1.107351077422429331e-01
2.624733368063941752e-01
2.164116464652695027e-01
-5.184908385162800837e-01
-4.793585264237100185e-01
-1.150424810801810027e-01
-1.971608203561113215e-01
-8.954568061040391047e-02
3.110623804962928673e-01
-1.755775352279710932e-01
1.390334917329505426e-02
5.070636510784498618e-01
-2.994903833434425788e-01
8.473071336564447220e-02
-3.528974055010482974e-03
-1.325378137511428467e-01
4.300066887662081783e-01
-3.936543418727770360e-01
-3.025197115623576849e-01
2.355079124077293917e-01
2.982528378785491152e-01
-6.757533140549906725e-02
-9.649007911912838020e-03
1.073100677720590090e-01
2.323763600307035548e-02
-5.229784923379002803e-01
-4.970749814235107117e-02
9.792852820739653130e-02
-2.484381018209795011e-01
-2.211457292876244929e-01
-9.577577436961109969e-02
-2.518999852022468788e-02
1.062910717735013472e-01
-2.449430356783748874e-01
-2.037678372195275422e-01
-1.235454609828720574e-01
2.858970598965001053e-01
-5.622145448710857973e-01
-8.803813061991719313e-02
-1.548227512140415429e-01
-2.452265193641408464e-02
-3.051482221836558928e-01
1.105352997753068084e-01
-9.434349236412481465e-02
1.385674831532185958e-01
-3.950165054892127436e-01
-2.120582563672154808e-01
2.773448757759845451e-01
-3.084911992252797885e-01
8.674101156122633327e-01
1.718654832268607380e-01
-9.873592986519566517e-02
1.214786649376993349e-01
2.141766295419296195e-01
-2.003860475575031386e-01
-3.706101908253532640e-02
3.345085268312309595e-02
-4.717464861474738869e-01
2.222817385984381666e-01
-1.679234440448126586e-01
4.623832241552767730e-01
-1.090943445573653026e-01
-1.097118945870965007e-01
-7.008702806199890167e-02
1.456971113439055332e-01
4.118979772265370931e-01
-2.603694689278329144e-01
6.578791780319645510e-02
-1.846765895166509464e-01
4.216854907631048532e-01
1.724317594789009367e-01
3.181395248603424153e-01
9.916298110308895131e-02
6.441948147042242390e-02
-4.396897321546151122e-02
1.866519421766796305e-02
-6.688848062682846429e-02
3.529724939613732015e-01
-4.903197587279050085e-01
3.931678523853662788e-01
1.278684425665188029e-01
-1.706437888187131158e-01
-2.083427807821613964e-01
-3.707398536867653749e-02
1.014229988247621200e-01
-1.080270822870339209e-01
-4.247105310448636706e-01
3.306107552827685647e-01
-3.770218245647390942e-01
-9.753227258424274071e-02
-9.504797817404488092e-02
1.639105493319951284e-02
1.067351453412738738e-01
1.341168316340661804e-01
-3.496410437140742150e-02
2.516485839145166659e-01
1.766144496168556843e-01
1.724379408652198242e-01
3.044827623649595805e-02
-3.458871416346635530e-01
2.998450288412464748e-01
-1.387462516932503886e-01
-1.240584778769661667e-01
2.178990040565558783e-01
3.370975671297430365e-01
-2.848466801471479792e-01
3.518712464186221078e-01
2.082951707889856841e-01
4.940080054100335905e-01
5.968630390497209337e-01
-6.242376089156947971e-02
8.233640556364643648e-02
-3.935234469410195390e-02
-1.969879561513230570e-01
3.086571436384468181e-01
-2.439653109746327958e-02
1.853396277141834692e-01
3.356390982881028440e-01
-3.977175724084316966e-01
-4.283120848770509137e-01
3.805834253126563205e-01
-3.407931030460100708e-01
-7.701343157183482280e-02
-5.098174883168388183e-02
1.081941522504036579e-01
2.904149643788234147e-01
-2.262400193075433941e-01
-1.683371644545250123e-01
-4.006764363744079738e-01
2.600084518327093197e-01
-1.188286297821499748e-01
2.769812407652645359e-01
-6.450370449002429396e-02
-4.490672458007896606e-02
-5.884615140175268877e-01
-5.413185129614500601e-03
4.266829295031462910e-02
-8.340355604595768579e-02
-3.464503359776181096e-02
-2.021983841281025929e-01
-2.371427099185571818e-03
-3.315021309235291480e-02
1.207871711250156910e-01
-1.394387372803529423e-01
4.279000597157532892e-01
-3.709873638235138271e-01
-1.118060334171748771e-01
-2.207057422910248812e-01
1.581382399750214662e-01
-4.303051574534698664e-01
-1.941864854041874255e-01
3.865044429353144961e-01
-3.301709776964746323e-01
9.824698774948410762e-03
2.657174735136595967e-01
-4.350181088978991584e-01
5.419303548510221447e-01
-2.442638497975558043e-01
-5.944151711019421969e-01
-2.665491576755167347e-01
3.410267330446643541e-01
-3.717731403216031905e-03
-1.097434570843600493e-01
5.776883377003981801e-01
8.644744690987586633e-02
-2.167955524589157412e-02
7.737124664041430955e-02
2.625905089821262139e-01
5.049597580125575469e-01
-4.473024805371858537e-02
1.584912480014083747e-01
-2.717600771523304704e-01
-1.469620543780216504e-01
2.865081410056664057e-01
-3.480920486344672993e-01
-1.962775017449282233e-01
-1.043257588322089868e-01
-2.331380040951385735e-01
2.770938679927955617e-01
4.769093300259396040e-01
5.819853744225192971e-01
9.062034625802392607e-02
2.215435421975562036e-01
-1.953401087867769892e-01
-5.118184516273281692e-02
1.520420166761125569e-01
-2.637493257338088815e-01
-2.257183560870044681e-01
3.004966986665473794e-01
3.428577494953202187e-01
7.671769088895147304e-02
7.875035760007383090e-02
-7.087920392360556876e-02
-9.254910876974360712e-02
1.114659889142011195e-01
3.627108337659182835e-01
-9.803137587214955095e-02
-3.406518792102933291e-01
-1.370401896714402157e-01
-2.009716897656936563e-01
6.145090866319091738e-04
-1.974239077147077470e-02
-2.174341558027032273e-01
-6.051988195330570974e-02
1.469147269567695063e-03
3.096321935538938752e-01
-2.772442651823572857e-02
2.798263929309415254e-01
-1.773315090308743569e-01
3.913110070631081738e-02
1.119091697050762363e-01
-9.530352104452276263e-02
2.489910388580051509e-02
-1.619227892961278836e-01
2.361861976121323314e-01
-1.292979370678514761e-01
-3.787838594225162447e-02
-6.588502292412376504e-02
5.018809370334127440e-01
3.159558928342561801e-01
1.831393496968560242e-01
-2.366486959265553525e-01
-2.790720709282700218e-01
-2.736658817228399682e-02
-1.110153694150965986e-01
-4.425447674863325354e-01
-2.989393171322056175e-01
-3.084208007770473658e-01
-2.336153978657396491e-01
-2.534399464892936327e-03
1.244126488980604600e-01
2.102315412059636845e-01
-1.583853988205478625e-01
-3.837580105274041586e-01
-1.296498349146851803e-01
-1.521549173979064862e-01
4.217134909503447715e-01
-2.877418116082572919e-01
2.104108216461805791e-01
-7.471981387976536770e-02
6.644414528801180220e-01
2.527219177905945524e-02
-1.367720693841464052e-01
2.637060951197391923e-01
-6.633362201262647806e-02
-7.009117005412850154e-02
-3.078544440563177886e-01
