-3.069378561922076476e-01
3.033173962479590036e-01
6.576031476065192782e-01
-3.183228420503859679e-01
-2.214584100154367297e-01
-2.312954185526632234e-01
2.826171375615347814e-01
2.359861607140829320e-01
2.509551434933754988e-01
-3.806914014309313865e-01
6.993702881515515557e-01
-8.925130473616868509e-02
5.674894154209039060e-02
-8.299191708091251118e-02
-1.656970242821561301e-01
-3.629244522527249606e-01
-1.709318813767163325e-01
-4.578473122737551915e-01
-1.308744031600127533e-01
1.988283734452009899e-01
1.947722126426446043e-01
-3.603118375857591316e-01
-4.615681497871388372e-01
-1.040990822431692164e-01
-4.519425221736312892e-01
-6.082053835912271805e-02
-1.372138363464127653e-01
-1.004068436503990913e-01
5.763695904229852035e-02
2.297155017120640352e-01
-3.625003396132228661e-02
1.165176071257215812e-02
-8.748141892260635766e-02
5.272405520394389533e-02
3.312689735495186749e-01
-1.671721704529105512e-01
-2.785279112318954642e-01
4.915300454360992388e-01
1.614792233320636039e-01
-4.158469653052598303e-01
3.143801835321994448e-02
3.136158517123364964e-03
6.378305266030841192e-02
-2.825076929678662641e-01
1.829382223166968469e-02
8.387549016255968493e-02
5.966523484012266343e-02
-3.585262820924174365e-01
-4.783978830909471625e-01
-1.183078964610466965e-01
1.046098760484932277e-01
-3.620019196002751127e-01
-9.667459388236837592e-02
1.476817195095754265e-01
1.561257593666875165e-01
-3.747235178001895317e-01
1.926566583523848519e-01
-1.427089595353819296e-01
-1.176448926868903233e-01
-3.324152210647163264e-01
1.114275328197697826e-02
9.281645328069365597e-02
5.167206971005625649e-01
-3.022970323339778664e-01
-1.827576038905045219e-01
1.578695399472394567e-01
-3.583532402410914974e-01
6.430106880713675199e-01
2.549212354253642121e-01
-1.455259935913820191e-01
6.223217912894474235e-02
1.715818350397218250e-01
-8.640204146529426033e-02
-1.107326111899292476e-01
2.218122010667531591e-02
-2.626535920739530572e-01
-1.788688134025389481e-02
-1.306280599712273116e-01
4.686094054913336748e-01
-1.061239190514244590e-02
1.550842252014523193e-01
-5.674799259527697759e-02
3.050492372198859714e-01
1.817751299100994755e-01
-2.011500525109344018e-01
8.656831143904814008e-02
2.003521121146222550e-01
2.176203837701160271e-01
1.116771616238677045e-01
3.287546785319989118e-01
8.021010110300823281e-02
2.472831039051169300e-01
-1.048654663529559050e-01
2.359710156837319106e-02
-7.097050506630653288e-02
2.621207879472377544e-01
-4.604796269716953105e-01
3.980464584415838170e-02
4.234718422969144802e-01
-1.083488808039689694e-01
-1.990669083411160667e-01
9.412334022397823852e-02
1.573854540117720080e-01
-1.600206897454446442e-01
-2.865354839701066969e-01
1.797887418046568153e-01
-4.310748298658305111e-01
-2.305951434267806133e-01
-6.108490454346357512e-02
3.273300831420890289e-02
7.442416120739814289e-02
-4.512603160126429924e-02
-1.768673700312468067e-01
-2.660277873633282164e-02
1.318052778328466790e-01
-2.810549744602498790e-02
2.762281705352664374e-01
-4.639495585652055332e-01
3.402649520621107149e-01
6.548943612045086959e-02
-9.355288529457715663e-02
2.273746878634944624e-01
1.072964475171878651e-01
-5.618077835808272802e-01
1.709437444023108321e-02
4.817659655923834522e-02
2.054269943169899360e-01
4.392704594558584086e-01
-2.690843523058933928e-01
2.163885095179079732e-01
6.683159631069779394e-02
-7.212951545128082342e-02
1.217891664424620712e-01
1.639881477506258400e-01
1.858592131788621149e-01
2.510289733682005697e-01
-1.205138600024905082e-01
-4.429333490358526859e-01
4.245487237526828772e-01
-2.142266490412169655e-01
-2.282416563487133301e-02
-6.899109128012136105e-03
-2.736640270328399502e-02
2.698236915675313319e-01
-1.934625293407304381e-01
-8.197251835246802121e-02
-5.653282737872840080e-01
2.280949215367902294e-01
-1.146691261525879246e-01
1.702925832127972217e-01
8.490196296249835628e-02
-2.706647431311463015e-01
-2.824800843669895700e-01
2.007621568488357489e-01
1.346664824853070486e-01
-1.821629296427120515e-01
3.352937751079140133e-02
-3.997877454939190445e-01
1.344031986407037693e-01
-9.176558675049677205e-02
1.461796282090189192e-01
-1.027747027370638083e-01
3.382053922412442404e-01
-3.431521532957471088e-01
4.935785335761348758e-02
-6.154680608906087924e-03
2.464880910730415930e-01
-3.962833556640944499e-01
-1.474052880065418181e-01
2.191940672519618327e-01
7.046751208097340458e-02
1.328764886453746574e-01
9.569715612296199325e-02
-3.223315893294982359e-01
3.583973831110213726e-01
7.536778315950991292e-02
-7.820819375058293277e-01
-1.441968833339406231e-01
8.158115029389040318e-03
8.602391036934806112e-02
-2.422277285920152179e-01
3.994070510480575154e-01
-3.973274355321963075e-02
-1.201733929941624715e-02
1.193642986273802387e-01
8.995251980507606993e-02
3.207837806351279131e-01
-1.023888146777761771e-01
1.523117371347864069e-01
-2.702718098040116090e-01
-2.380756361208886951e-01
3.624556226812523652e-01
-9.429524432590823124e-02
-1.637030573076593276e-01
6.135595815077238280e-02
-2.020257264155825849e-01
3.413355776744761427e-01
1.478123599816228151e-01
6.787400719736677024e-01
5.038640446852390292e-02
3.471421519094664704e-02
-5.060701639056687517e-02
-7.805269534391279240e-02
2.070421937414906044e-01
-8.141274567829104303e-02
-2.006826293864271138e-01
2.572010927322013751e-01
8.617863172012263373e-02
-7.898925953113614118e-02
2.409800574992563768e-02
1.086147381172807846e-01
1.239001729905183091e-01
-4.840817573080569147e-02
3.098457876113213660e-01
5.070899012154826691e-02
-6.657105120855827396e-01
-2.888861256192428173e-01
-1.197893350246121841e-01
1.911745733561046323e-01
-1.670392706219064605e-01
-4.228478173990012773e-02
-3.849209939015232895e-02
-9.238892207694010539e-02
2.736412371799661902e-01
2.385924834890368607e-01
8.728766857272682311e-02
-3.158466632301941690e-01
2.345685185870424738e-01
2.298344197607497114e-02
-1.536748370608900238e-01
-7.030240528022613233e-02
-2.468494950391025844e-01
1.566426785925061627e-01
4.941134202036873146e-03
-5.686481007329319270e-02
1.475040766328956643e-01
5.874642333796111782e-01
-5.007435406980406678e-02
1.313113734337707783e-01
-2.334510443233525634e-01
-2.061227013596561575e-01
7.347559949960015546e-02
1.102339109300995712e-01
-3.593815157198611554e-01
-2.813677954380497948e-01
-1.615776597764161104e-01
-2.276159631232227976e-01
-9.055042547503572292e-02
1.963370189466566162e-01
3.791576683609529375e-01
-4.110846697066213862e-01
-4.346914548163844927e-01
-1.044008618970784230e-01
-1.079984322432413213e-01
1.518089280619962511e-01
-2.716336246139844923e-01
6.729275844537052631e-02
3.336914566436718355e-01
6.296970340130583210e-01
1.367397631442907324e-01
1.185960579345172322e-01
2.839308385879289465e-01
-6.355809718770236150e-02
1.916641040977937194e-01
-4.860638071213623235e-01
