-7.169972843607064217e-02
-2.660850490117413480e-01
-2.228710619190985009e-03
1.682615045071023940e-01
4.020041486595897218e-01
2.439159647533215569e-01
-2.291440701242389300e-02
-2.201267249978850482e-01
-1.829373380945363836e-01
4.167748629739751465e-01
4.777700859144313750e-01
-1.086119910298234126e-01
-4.930372600898379476e-01
-2.838764651956267038e-01
-3.712363274150367598e-01
3.288203498695423388e-01
-2.165592205712644491e-01
-3.519654774087004334e-01
-1.507168899527423778e-02
8.832256686716005722e-02
-3.203821639970693691e-01
-1.252537006529717833e-01
9.786810233915467505e-02
1.602336220873324946e-01
-1.563336645942067782e-01
8.626967006345048761e-03
3.907198086863394870e-01
1.427004511342833126e-01
-5.213315969632693891e-02
-2.403161051980604868e-01
-2.760695866517549613e-01
-3.758097426768219895e-01
-1.578808390697767350e-01
6.757908794274616882e-02
2.014665597987424228e-01
-2.845873856073768415e-01
9.686844095361582530e-02
1.330454112416233903e-01
2.163923200218147991e-01
-6.001766507475877477e-01
-7.861264936629183686e-03
3.248459286124432688e-01
1.983708414199342740e-01
-3.265518729883967186e-01
1.755818304510742278e-01
2.215050115836151023e-01
2.862700202103365399e-01
-2.222368726466795175e-01
7.969330758575299267e-02
5.504492575079846794e-01
5.059359566245178463e-01
-2.184472195701412517e-02
-6.388967590961145415e-01
5.592437718080980891e-02
1.823427953785516920e-01
3.578709365692303579e-01
3.701753719808338339e-01
2.564185013841420169e-01
1.467784394837668982e-01
2.583646795306530630e-01
-2.027770248620620053e-01
8.298457157397585993e-02
6.618831211123543667e-01
-4.239610053039771786e-01
1.044149040663160388e-01
3.260317312206149620e-01
-3.278610690242508285e-01
5.115575196269275260e-01
-5.504628487154475391e-02
3.207913103671869437e-01
-9.154115421748577897e-02
-2.394042873421085016e-01
2.230099552207552849e-01
-5.588827926988908235e-02
1.768530403294293896e-01
1.736794631564124725e-01
3.966552883435504190e-02
4.303237862765326160e-01
2.876659283850003385e-02
-4.696053318430543078e-01
-5.180059690322466603e-02
-2.683395587751565281e-01
1.480938931210124265e-01
-7.450637110449176426e-02
-1.471221638828248413e-01
3.212473103581776901e-02
5.238036718147253135e-01
2.582351498081223995e-01
-2.031858522448234255e-02
-1.783064196000105350e-01
1.682248949293034535e-02
-1.997015050740841569e-01
4.685023975634107218e-01
1.062481000565600603e-01
-2.310284547019822998e-01
1.423784929169542579e-01
2.766263269951639847e-01
-3.379088091493955837e-01
1.460208050570196980e-01
1.270292869236668287e-01
-1.057345858765862956e-01
-4.916244849201865663e-01
4.266582745159847034e-02
1.386004745125111182e-01
9.177402928128375326e-02
2.198909842894579136e-01
1.202805034030111631e-01
-2.253219878056249015e-01
-8.132776698131144455e-03
-4.281326009482441242e-01
-3.061503235554866031e-02
4.998779920679961852e-02
-3.812829635376051574e-01
-4.868999866796840381e-01
1.484789347612476829e-01
1.926362305070928871e-01
-1.124344475506665331e-01
3.046770442333087137e-01
3.024808925778159630e-01
-9.283511842977849871e-02
-3.224458770643553462e-01
1.761584889675457399e-01
2.327811760649902556e-02
-6.979179337476248968e-01
4.311543546428336926e-01
3.941027552842965576e-01
-1.056110141542654368e-02
-2.133607289353733893e-01
-2.255662561905287522e-01
7.255845934501806149e-02
-1.401285787921866532e-01
4.027296729455067670e-01
-2.340731148792021266e-01
3.315576235541226602e-01
-2.831386401095777883e-01
-1.354651828755496223e-01
-2.227336148279247530e-01
4.068250133351855591e-01
-2.775176122677184276e-01
1.381928253074101165e-01
1.501632647773852303e-01
2.063870171682730403e-01
3.367253379514789646e-01
1.249686339782390548e-01
9.419782223635886353e-02
6.114424847328389645e-02
-2.449134368807326101e-01
-2.364610717966836306e-02
1.264237455810728328e-01
-8.004872891010973712e-02
2.013057098130249800e-01
-6.549552986109219432e-02
-4.947952606989151209e-02
-5.474014093292829397e-01
4.823356438651510980e-01
-2.677484887318861140e-01
-2.340604000936615803e-01
2.199785826468908523e-02
-2.383427644719189331e-01
-5.322826002430436354e-02
-2.244485699731798567e-01
-1.307344575455072211e-01
5.596956861927323418e-02
-2.278649773144065804e-01
2.040849654285756543e-01
-1.011789753123486096e-01
-1.055472561189757658e-01
-4.842438806764726156e-01
2.914815489787652703e-01
-3.557768403182681727e-01
9.827924852412278645e-02
-8.257594326092376757e-02
3.972816729757208121e-01
3.385762636223971223e-02
-3.826840092035099783e-02
-6.539905507091293979e-02
-4.234693230995973945e-01
6.203494867402452595e-01
-8.375176500895560594e-02
4.714390866540291158e-01
1.008335241232400231e-01
2.841894065189695673e-02
-2.177363112746484031e-01
-1.025846623410412162e-01
-9.652920361354717926e-02
-1.513729969255691032e-01
-1.661629221314746552e-01
-2.401895815616943708e-01
5.166904934376313763e-02
-4.731070138494391508e-01
3.191319644314933868e-01
4.449985989132300146e-01
4.158265361710596908e-01
-3.888089031603202128e-02
8.633493625006788408e-02
1.074086198130231318e-01
6.790987090295952378e-01
2.867059691601500093e-01
1.039788764166204582e-01
6.961830730797166633e-02
-3.025719599951106620e-01
-1.257012134799969649e-01
3.063831590076127598e-01
4.650526140291454946e-01
4.094130994778704125e-01
-2.913327876899772240e-01
-2.266288038911609404e-01
-6.068851640919119550e-01
1.843697782144535502e-01
-3.345059761099151707e-01
-9.488274559714411638e-02
1.455235185671795439e-01
-3.439863925244581733e-01
7.326918176155650109e-02
2.198628339038899426e-01
-5.845045536098159022e-01
3.244668918219587722e-02
9.447541486321131554e-02
5.905992017016538365e-02
-9.600542660008171136e-02
1.456108103387352970e-01
4.780369913792233971e-01
1.814576333744618020e-01
2.301733816339428945e-02
-3.581415849672765495e-01
-1.339406340896620307e-01
-1.569317099435980634e-01
9.721807390845109420e-02
2.179538638103368786e-01
9.054001614214030047e-02
2.267812144186313605e-01
-2.602201336167631052e-01
4.353826701162485935e-02
1.488699173066856674e-01
3.589292466938835691e-02
7.348207678702258286e-03
-1.369980242201654930e-01
3.462646715472479653e-02
-5.276054741280485072e-02
8.906341815724794220e-02
-1.508638439893774386e-01
1.342602445554917645e-01
1.939377276597713251e-02
2.482987194456560270e-02
1.546411252990866070e-01
-6.535757382388497350e-01
-2.896718991605454208e-01
4.558930354314116862e-01
3.425823983518140881e-01
-1.094049356317801092e-01
-5.555213487364822900e-01
-5.519213235000377527e-01
4.924831115417769439e-02
4.287990369416488923e-01
-8.923114396062102605e-03
3.468288481017333114e-01
2.895146034301867011e-01
2.183562611539763554e-01
2.139793160553862539e-01
1.127945830501321522e-01
-2.073338936292576096e-01
-4.261327132200343204e-02
-1.560924703155097126e-01
-3.239837638545259302e-02
3.708632583307210351e-01
