-4.766150448326400557e-01
6.521082194307528113e-01
-9.104520180660020667e-01
-7.785392716499703880e-01
-3.164150191470223028e-01
-5.367444369777447655e-01
9.767279934551749143e-01
-5.385336140850423003e-01
-7.313701515994106561e-01
7.749586358622344573e-01
5.375998279899605325e-01
1.645244209988165895e-01
2.733120800057460276e-01
2.410844508299196942e-01
-6.628362445668602998e-01
9.075471911435077921e-01
-9.120444180806370760e-01
7.070129911890161711e-01
-2.740014508283372674e-01
-7.251144887578202525e-01
-5.443265189242230129e-01
-8.414110130420064948e-01
-9.310652167639110743e-01
4.081028797695898103e-01
-5.052084562731944395e-01
2.465101335104928904e-01
3.029935207984069123e-01
9.287858311493197849e-01
5.606752695642702733e-03
3.091963444956851159e-01
-1.715604972546900253e-01
-2.478213226937315827e-01
8.338356841521241680e-01
-5.638651462462911379e-01
1.032210198710696858e-01
3.482273150971224585e-01
1.332335599738718734e-01
7.613944912347192506e-02
8.727673889674436580e-01
3.617889946952634883e-01
1.540829698024355210e-01
-6.910368907904094193e-01
-3.978445879271588215e-01
2.251856495438298023e-01
8.859893369114797412e-01
-3.636978383594968722e-01
6.394826406989273515e-02
6.553492211937008705e-01
4.345810835454646526e-01
-7.325337479471842883e-01
-6.493965618559691677e-01
-9.967851760959303142e-01
3.234918619445616983e-01
-1.693734897783791826e-01
-8.663342519305292644e-01
-9.884604927556097653e-01
4.942825289540300204e-01
1.329143398741521320e-01
5.600045883829363191e-01
8.238124006585560988e-01
-6.360347347422985465e-01
7.158869629165556248e-01
5.500720460533330414e-01
6.927746811307973207e-01
-8.521501044772563649e-01
-9.870929208980370184e-01
-8.822832919553220687e-01
5.176452671012206075e-01
8.913826041134749190e-01
4.228391761619831879e-01
1.800386855955837806e-01
-7.222312273213713496e-01
4.270115752451686397e-02
9.791732389639817846e-02
-2.917183438528683226e-01
-2.926660001293628355e-01
-7.579133006709759535e-02
-9.733394458744266675e-01
4.131189470162623945e-01
1.917674235953006345e-01
5.732472417401601739e-02
4.935179750793556863e-01
-4.848194925439401892e-01
5.624568971768391101e-01
-4.301277357066366491e-01
7.799747665180103429e-01
7.135599021930316699e-01
8.371417835788566020e-01
8.874123031871985479e-01
-3.056869931439198940e-01
-7.861951396400852499e-01
-6.397341807788725632e-01
6.765201378017038358e-01
6.592104245533298990e-01
2.820157318098779342e-01
-6.095098644137992849e-01
-8.357939209461169305e-01
-1.936963102221473942e-01
6.108570745622343701e-02
8.538789673262019431e-01
7.710031027276238458e-01
7.944223346263983299e-01
-1.148296736485754366e-01
4.697906858782219253e-01
5.299119692779321600e-01
-1.528150721949983470e-01
-8.369515844348691669e-01
5.440300481707582847e-02
3.257955599080504250e-01
-9.762459534598499911e-01
-6.840190722201666684e-01
-5.029550560610505094e-01
-7.717991451074404097e-01
-9.162335138749018171e-01
-2.909836912887566740e-01
-2.856941785001889667e-01
6.637050040113718907e-01
2.215813295932655969e-01
7.671505300205261335e-01
-3.916005233802866137e-01
-6.857543882398997592e-01
-3.727894542011347401e-01
-2.733327203746520606e-01
-7.367971327165574458e-01
6.850242696055801606e-01
-1.256943067811722159e-01
3.332735558234773965e-01
7.422144334849158920e-01
9.211115180549824810e-01
8.768036498078515262e-01
8.092260554837498177e-01
4.824632985967389764e-01
2.510231832262739271e-01
6.758916133076029453e-01
-8.342863993808040668e-01
-5.162801347786492023e-01
-6.025398947467961452e-01
3.135349238567128882e-01
-4.985201639391623196e-02
-5.715866399894449223e-01
7.181351927133099444e-01
7.027001937449006697e-02
7.166121711649613424e-01
-9.407550284215915326e-02
5.082916309115985687e-01
-4.034861749339890835e-01
-6.407846915948178790e-02
-6.606190507045772708e-01
8.701850218454287855e-01
4.746173040543411048e-01
-9.367779429771265765e-01
2.461184486198886301e-01
-1.871955875978832395e-01
-4.235752101915226664e-01
-9.646156701531749533e-01
7.213110679943721681e-01
-8.483436524941612156e-02
-6.789411178599318308e-01
9.166740348375954639e-01
8.153709464168741317e-01
-9.453342768242039007e-01
-6.058900548400436570e-01
3.251698816451515928e-01
-4.826177483841802562e-01
-8.889373276235701393e-01
4.974630753816342565e-01
6.278523975503009780e-01
4.737246256121661059e-01
-2.882975370290190575e-01
-2.049458327048503392e-01
8.932781630417954144e-01
6.363045690378488217e-01
-2.813141400653873525e-01
-2.494918096003531094e-01
-3.344557507848318068e-01
2.224817718502205555e-01
-9.316000451860342313e-01
-6.852487716867772249e-01
-8.590728113195873483e-01
1.587748978753360518e-01
-9.671119261155436408e-01
7.879984520509977219e-01
-7.306721573359928890e-01
5.021743470420303446e-01
-8.030362768453054301e-01
-4.887516855816589345e-01
9.433217527005202108e-01
-1.937375099103344489e-02
-3.106721496429729612e-01
3.863705543866011727e-01
7.774679079331516807e-01
8.665305158317839762e-01
-6.703842458430464557e-01
-1.422323199833561702e-01
-3.655197745585530011e-01
3.936946267184184833e-01
6.522034208417217815e-01
-6.562571480633254684e-01
-9.261637545022163298e-01
1.915994467328738793e-01
-6.818029894564583415e-01
-9.132751094850966034e-01
2.782871490358924671e-01
-9.822955873699428242e-01
4.446455540110343385e-01
-8.106216667589372094e-01
-5.486505610364411645e-01
-3.404197840304963307e-01
2.381798284830931589e-01
7.721502555915500388e-01
-1.400821686743036754e-01
-1.091841697959505808e-01
3.823426352901138081e-02
6.851769434223276001e-01
6.046303629474052421e-01
-1.354381183292732160e-01
9.246786954901999867e-01
6.164100990966503435e-01
7.123716586191242151e-02
-7.238587453667721938e-01
-5.118967600362356318e-01
7.081307102311229507e-01
-2.960382437123081356e-01
-7.409881967202647246e-02
7.047065915387940027e-01
4.139783570309449878e-01
1.897161030837313245e-01
-6.333958112589566092e-02
-4.443045999237946742e-01
3.176861451938588488e-01
-3.174245188293007836e-01
2.809887476029315767e-01
-9.356332689698052540e-01
-9.578899584031717040e-01
9.380047605444192804e-01
7.276731105601281779e-01
-5.533517663427678368e-01
4.840790238140404433e-01
6.544190958466042929e-01
-5.870161580960209236e-02
2.229533018646747689e-01
-5.588205536808286134e-01
3.560233175922156157e-01
-5.946053413617538030e-01
2.274418518302705472e-01
-7.497482140481677160e-01
3.383852688512158924e-01
9.722112391937813847e-01
-3.127725291768526095e-01
-5.350507892344436023e-02
-3.357542405814193387e-01
-7.013654910857138880e-01
-2.434277014992147770e-02
4.011839284987697152e-01
3.275109069498842729e-01
3.067619437559367945e-01
-7.874341626941137040e-01
2.952318283637278551e-01
7.540768207147028335e-01
4.226326063405472233e-02
-5.537860740478437460e-01
1.203206798206926109e-01
2.611043375094421748e-01
-3.668226819351252388e-01
4.662804603322072694e-01
