2.144013742187000915e-02
5.191690764716537787e-01
8.342637863865770553e-02
3.606266432258360410e-01
-1.126472852372260580e-01
-3.259101083597563120e-01
1.056786492286675427e-01
-3.837687189563834811e-01
-1.046394576662799669e-01
-3.222962371272455884e-01
4.313632941330143300e-01
-4.776541788028999536e-01
1.965604484458240986e-01
-4.547268203165283351e-02
2.268877815289482291e-01
-4.069055760748664374e-01
-2.977528255848232996e-02
-1.774282623912526446e-02
4.294518588436544437e-01
8.162278808140466246e-02
-9.449838134238386367e-04
5.320162856976244914e-01
6.747399618445061309e-01
3.982748991293338925e-01
-1.467694777893343572e-01
2.252739519932951406e-01
5.786383765513121169e-01
7.714116639473171944e-01
2.689034664280867681e-01
-6.720295055857571365e-01
-7.344073813404934370e-01
-2.291286489897154666e-01
-5.322539349479048498e-01
-3.215461786203929750e-01
2.576169076374573708e-02
1.138879242141086490e-01
3.795624539942579756e-01
-3.707867216682210199e-01
-1.090241237797587859e-01
-4.190290805576575850e-01
-3.110566246203215757e-01
-2.100687403530906439e-01
1.050646506083692255e-01
-3.424153128595098239e-01
5.684328604712547417e-01
6.082785556791971970e-01
-9.951986841682608498e-02
-5.617411649818482289e-01
4.162567147808399759e-01
1.753342757447161615e-01
1.398232688338794105e-01
-3.319977851383674738e-01
-5.476117043177619603e-01
1.398706044911551816e-01
6.135406088804562508e-02
-5.901633223629410008e-03
3.143128271228717296e-01
-3.510978941278518617e-01
6.335049149971860860e-01
2.961121502240690595e-01
2.075296869449472226e-01
-4.268048701920388321e-01
1.428279835315929835e-01
2.898814452240661144e-03
1.399490558079776736e-01
3.019675397391004545e-01
-6.062630262548696081e-01
4.992948157232444673e-01
1.317690978138155167e-01
6.292514359832405146e-01
-2.582981871561200182e-01
2.707381939054712694e-01
-3.394292094214594324e-01
-2.559333358170468586e-01
1.413019703583099362e-01
-8.638593141636619066e-03
-3.782840141383759236e-01
1.207953275463246046e-01
2.217952825310262610e-01
-4.795793946286578957e-01
4.010490140355352229e-01
-1.416153948609849555e-01
-1.033750962328135459e-01
3.033891381399117515e-01
3.285710225841999010e-01
7.595084228657409398e-01
2.246281079146025261e-01
-2.496689845075187320e-01
-7.131823011634885745e-02
-3.820628287903212184e-01
1.572713393359399525e-01
-2.428725981593724548e-01
-3.963850443612009222e-01
-9.384245169152399813e-02
-1.474962764274139748e-01
5.491465542065316896e-01
4.602260122193629899e-02
-2.072856851583686488e-01
-4.769644298866643761e-01
2.835813699242336061e-01
-1.480276363444925636e-01
-4.807218154902781482e-02
-3.209482898767169745e-01
-3.014055602788278665e-01
-5.036344877219410821e-01
-5.845196310033465292e-02
4.068690526672715801e-01
-3.369396581931681789e-01
2.803789437134107665e-02
-2.509305395127111038e-01
-2.098186264248232402e-01
3.184168447841194127e-01
-2.426411436457493465e-01
7.433332873008158259e-02
-2.144281773310150185e-01
-2.435523242320924431e-01
-2.022267831665145454e-01
4.826003083015916184e-01
-1.116357900783181978e-01
-1.178559084891011577e-01
4.761634572072170890e-02
2.995762978475549621e-01
6.367350730409651050e-01
4.129438461851958619e-02
-1.604516161370264649e-01
5.195646715346828870e-01
1.435866501127763262e-01
1.203691641536293044e-01
-4.942036379381071209e-01
-7.000384971287691993e-01
-6.705005439629136976e-01
-8.855682247851215383e-02
2.241667543799986118e-01
3.220068069262209676e-01
1.285681841919224522e-01
2.512369719710386695e-01
3.015663394486227111e-01
6.722527948142977827e-01
1.995401081276870769e-01
-7.869570684901849855e-03
4.987144474732394528e-01
-6.399822948902494923e-01
-1.099976899274064945e-01
9.560206669250129186e-02
5.783910658295039475e-01
-2.876685961693958848e-02
-1.450370480790590388e-01
-1.189293744649849716e-02
-4.121629376390977262e-01
-9.651527756755740040e-02
3.905011056047541507e-02
-2.415092245370287771e-01
2.366408131464366460e-01
-6.711431726661363228e-01
6.150906019088973053e-01
3.594300031573836596e-01
-4.461570438655576565e-02
2.258836183606223180e-01
-6.211618294525542705e-01
6.407674917926109437e-01
4.703065408545885617e-01
3.699265693256575949e-01
2.690223290667814737e-03
2.713537833125002630e-01
5.823894109548874987e-01
-9.653584451472746464e-02
-3.029828049430624004e-01
2.351705334755607724e-01
2.829393753336779116e-01
4.390716818779555330e-02
-8.280540988669993219e-02
-5.751102181790229695e-01
3.303564184872523901e-01
6.026228567907456757e-01
-1.023437458579031234e-01
-3.288724917597449782e-01
3.460482929457299184e-01
8.942352422881744145e-01
-6.795546315803108195e-02
-3.824786938030925731e-01
9.517055137591490244e-03
1.651118431374694606e-01
4.281316727577398895e-01
3.831317214350106193e-01
2.360772296609194298e-01
5.142991313909193174e-01
1.113046610272430126e-01
2.234031645039091796e-02
-8.075958328679805343e-02
7.313442750454823837e-02
-2.727333855470656654e-02
4.947222610969527201e-01
3.634581405951847755e-01
1.417318656086319906e-01
2.075906002039734632e-02
-3.626935475497565231e-01
5.079582500376020882e-01
3.390850183183042321e-01
-2.763333371125286098e-01
2.405931672863355075e-01
-4.019452270214106671e-01
1.928297794600704052e-01
2.218301469886652111e-01
-3.719261524271267882e-01
3.976824882591183385e-01
3.857215192768926326e-01
1.849570734746884826e-01
9.820314998843004961e-02
-1.978724368632388542e-01
-3.961593489627546205e-02
-4.782843728363464497e-01
-5.212443874062155924e-02
-1.771949720021790409e-01
-2.363082745575405541e-01
-3.166154238077051319e-02
-8.772473565493793535e-02
-3.912133815597716446e-01
-4.491375912916286128e-01
-3.224276422348876792e-01
4.592838880191259521e-01
3.138562959314962764e-01
3.334578661814635026e-01
1.668137212530735325e-01
-4.722484563603596142e-01
1.605118299588795261e-01
-5.071268397216547319e-01
-4.629072168266130660e-01
1.273326165938024612e-01
-6.477078730988905519e-02
1.502665714260575935e-01
1.454825188713878004e-01
-2.507364881399115064e-01
-7.130514044172930888e-02
3.380474068054999948e-01
-3.396579694556253193e-01
3.407526024735992864e-01
-1.952746461522610333e-01
3.307475301039069504e-01
-5.590727423771741922e-01
-6.178461358932363368e-01
-5.992742805232080805e-01
-2.817678280303598237e-02
4.547526550211150043e-01
2.571547755741274699e-01
3.367773263641578030e-01
-7.458091959710753116e-01
-4.147733200823244815e-01
-2.008380405555689752e-01
2.557375130348312209e-01
-1.813534040450875962e-01
-7.005524072718534168e-01
2.214385504879735067e-01
2.345140650126813497e-01
6.463821572346575284e-01
-2.148012904569992498e-01
1.402178135542196946e-01
4.558864304967286118e-01
3.650981302976003540e-01
-1.233099240829689247e-01
-8.147668910839955814e-02
-2.447100649364990499e-01
2.405581885229572947e-01
-3.454738665559614619e-01
2.362691166915439622e-01
-3.141853221658062467e-01
