-1.050630817714576504e-01
-2.081798506735653975e-01
-3.347044983785960048e-01
6.605364027923525949e-01
3.081885286887707798e-01
-3.659898697541836832e-01
-1.517798059032440527e-01
2.631576142969537235e-01
-3.728494426338986312e-01
1.683839313820506556e-01
2.006710311258902146e-01
-5.465776114032094846e-03
1.335002723715841277e-01
-1.088331472990700377e-01
-3.109909610320706896e-01
-1.459309220240329885e-01
-6.890601019032494001e-02
5.036836119243781607e-01
9.243169387939642601e-02
-4.463847048511840887e-01
1.956524239016912137e-01
5.776380492162974667e-02
-4.647295655861424235e-01
1.578547530836623691e-01
-1.025829270372486668e-01
8.362273539816783563e-02
2.050919335835004464e-01
-1.097694150466445862e-01
-2.184458257826931149e-01
-1.475643378014817597e-01
3.752810838549446859e-01
-3.433048142248878998e-02
2.689554069666997282e-01
-4.045094537119375833e-01
2.303613469682977699e-01
3.082038459545399789e-02
2.829911574175931754e-01
-3.507643092245976701e-01
-9.427112004081311669e-02
3.465634457404799806e-01
2.202056934004498201e-02
-7.022364015358067979e-02
2.830076857344858698e-01
-4.604545385433503890e-01
2.501562749618046477e-01
-2.456813560008352937e-02
2.193243479294343101e-01
-7.899199134059151084e-02
2.114190711206084816e-01
2.233916650175365171e-01
-7.215078432411243803e-01
2.401612674273306269e-01
1.247178986141751489e-01
-7.014204841065807550e-02
-4.472828696539005167e-02
-2.238783644616964830e-01
4.186692577659587022e-02
-1.034619419807707719e-01
-4.832713786855898364e-01
-4.669254388771704178e-02
4.793203476132206209e-01
-1.108183881947451543e-01
-3.697338016145908235e-02
-3.022597192122012388e-01
1.451014645522667179e-01
3.346644039184553110e-01
2.723793140485468722e-01
4.904108949698393616e-01
-3.765924835351882605e-01
1.688102492785478193e-01
3.370523609289652889e-01
-6.307576276924455050e-02
-4.170772303749725740e-01
-2.621314957541362456e-02
-6.521307111787044697e-01
-6.302513613452742636e-02
7.030561092604616091e-02
-1.380831742638351511e-01
3.017167248692241843e-01
-1.304477810723723985e-01
-5.974689583246612923e-01
-5.694867276108090959e-01
1.468278270014415354e-01
-2.388539451740613606e-01
7.510738938411787302e-02
-2.744928698222154906e-01
1.633498240363085996e-01
3.268788327725625220e-01
3.602406935023744206e-02
-3.636659452341118870e-01
-2.494211313451143441e-01
-6.737891321058717131e-02
-3.302723325303013047e-01
1.680366902181681943e-01
-5.765572669169607978e-02
-2.207508811134822890e-01
1.006743035843415401e-01
-2.009227605744266232e-01
3.317660738339187620e-01
5.003092148951521212e-02
-5.919927413660705517e-02
-2.119800670632675799e-01
-2.651361076616721713e-01
-2.136305333756937097e-01
7.656995706583366590e-02
2.969068558043364003e-01
4.398720822645312278e-01
-3.715083220126177421e-01
-7.388827565931296859e-02
-4.453752071596589479e-02
-6.101388400895670916e-01
5.708869868720509722e-01
-4.922807852331615441e-01
3.603343220518580581e-01
-1.393763713681075433e-01
-3.793446186620380578e-01
-1.719408687753093967e-01
6.002996777206657253e-01
1.956445233028019370e-01
5.334963314828031211e-02
-1.154065208111543506e-01
1.732479658037438530e-01
1.474493098432289595e-01
-5.579123990778613873e-01
-1.556956954098898116e-02
2.686810796526700185e-01
6.875683237582208562e-02
5.297201233160428457e-02
-2.364406070234276180e-02
-5.501948280475177366e-03
6.872155460142240768e-01
-7.100914709484216214e-01
-1.374005095826218714e-01
-8.073909476759416615e-02
-1.011047515112076522e-01
3.290992778787255046e-02
5.432395400786329542e-01
-3.048524514186179424e-01
8.713948010421915247e-02
-3.139683533201607091e-01
5.107465354525495549e-01
5.156463622802538449e-01
-3.384598634560790353e-01
-3.676711967740086129e-01
-4.218383304068687445e-02
-3.277219703424413821e-01
-2.491345686835096385e-01
-1.731032800442485198e-01
4.273950488050025087e-01
6.491037992856901750e-02
-5.667546103093110688e-01
1.294046796980024561e-01
-4.549860487606339765e-01
5.285487544799810644e-02
1.990459879187773395e-01
6.401979582882949549e-02
3.962052424038763343e-01
-3.089758843982743919e-01
2.600273642367000870e-01
6.652932367545745240e-01
-2.674376173413183233e-01
5.668485236798670446e-02
4.463422646085180023e-04
-1.257593521082721044e-01
1.171363165201563250e-01
-3.047568363486855003e-02
3.894623343052986408e-01
4.403880981925678562e-02
1.027097843335649241e-01
-8.125585671794030573e-02
4.391645851212996332e-01
1.552608582563317352e-01
2.582338146627085607e-01
1.888328739051987060e-01
-1.115074453384923558e-01
-1.503193113879392750e-01
-3.293684059806761821e-02
2.443283708849539881e-01
4.519532980806642009e-01
-7.412684913541317533e-02
3.765725526010268998e-02
1.645582331907613494e-01
-2.220275005050058037e-01
4.524620140458678330e-01
2.857909945550687891e-01
9.883010859872087828e-03
-2.921944127279563208e-02
-3.475899269611031905e-01
-3.195165741913828517e-01
-3.303014921050989594e-02
-1.216265582076676011e-01
-3.407007752109364462e-03
3.399308855190621981e-01
4.573315588777919771e-01
4.063502363661194439e-01
-2.252723453808608278e-02
7.066176656970141190e-02
-1.393407748630837439e-01
4.467990177082702408e-01
-1.568597278034379872e-01
6.052757510594309887e-01
-1.063079686469423635e-01
-3.279691245704446922e-02
2.284158107681698580e-01
-8.233201102931103632e-04
-1.280688856712263179e-01
2.322576283725804880e-01
-7.795256550365886605e-01
-1.075665838883146375e-01
-1.929790280642426081e-01
-2.394759996995328433e-01
6.004830441153958809e-01
-8.957708796372712556e-02
3.899479498777184694e-01
-1.553366631615543114e-01
8.504481014348193313e-02
-5.310629629707184218e-01
5.923575603052688709e-01
3.066998516649556139e-01
4.547419591905248470e-01
-3.662757277596369043e-01
-9.107170977572409676e-03
4.496452166388747451e-01
2.324519187211546989e-01
8.373296713138836389e-02
-1.688830508068822900e-01
2.361000976003367613e-01
-1.589504190344966372e-01
2.322625686017062707e-01
-2.509604167289484766e-01
-1.309704139790174304e-03
-2.499069581909499072e-01
-1.428503954397615516e-01
7.637064992096764815e-03
2.926209071700180964e-02
2.073671805460336748e-01
-3.919346978150435312e-01
2.672328656925837542e-02
-1.365559624989964860e-02
1.059022744159284490e-01
-2.116375750091144814e-01
1.763633183606242438e-01
-2.607530892536086276e-02
-1.373992678123964195e-02
-5.855986104501412770e-01
1.242126469747628914e-01
-2.520561992590593103e-01
-1.803525310097151002e-02
2.845793954851303376e-01
9.718101556709851652e-03
-2.621659729893851543e-01
2.761238287127291691e-01
5.778290807684428598e-01
1.830922391445200526e-01
-1.273026086705056070e-01
-1.125326775572602078e-01
-3.309266734699147783e-01
2.786979423451596549e-02
-1.413041720741960716e-01
2.825769306567134098e-01
-3.081143033539815446e-01
-4.998135590484878432e-02
-4.299824333735499104e-01
-1.540753112474218256e-01
-3.888047862025335588e-01
