1.341896561726671488e-01
3.487717094667388551e-01
-2.236865256433863969e-01
3.094259263254384162e-02
-3.991796000193452709e-01
3.604886090821317057e-01
-2.959097821695230723e-01
-2.093202905621517895e-01
5.012190689182637049e-02
8.348746336072251917e-02
4.825969837469640811e-01
-3.187728340497830715e-01
-3.089265000419400553e-01
-3.852963417222498022e-01
-4.880600071538273577e-01
1.389206134922019165e-01
-3.350444694660720257e-02
1.076972296265993057e-01
3.955633867094116574e-01
-4.794502612413911735e-02
4.259655498500215520e-01
-3.543754832040238445e-03
-5.523029444141516198e-01
3.429671823002489184e-01
3.557905783764649388e-01
-1.140102957595778010e-01
-6.073925258155228601e-02
-4.606114525166212781e-01
-1.420570674758521168e-01
2.180662841915924632e-01
1.738221925303248816e-01
1.092199236225076392e-01
-2.715711646557047443e-01
-3.444147911431921782e-01
3.012656364655194596e-02
-2.195984691350486018e-01
2.336905092961476527e-01
2.366320608701564521e-01
-7.996888331385652027e-01
-2.961909810166328538e-02
-2.426979439896058410e-02
8.656361973621570782e-02
2.440137365696976035e-01
2.584974839014665682e-02
1.246259213380469799e-01
-2.694465194121288543e-02
-1.666724845968375335e-01
3.732673401098393073e-01
-4.152719641794587468e-02
-4.079815333019051748e-01
-3.017197013872833788e-01
-1.989551772304002097e-01
3.396538935185813846e-02
-9.885059465582185512e-02
-4.061991534709967488e-02
-3.442285061305898064e-01
1.368767250520573908e-01
-5.695548778764483178e-01
-4.400179842581117273e-02
-8.804227639241263281e-02
3.091531314564824884e-01
2.684827020223363725e-01
-1.743323280024299676e-02
-1.052448624103496377e-01
6.623122103850274944e-02
1.814323492836988905e-02
-7.227198359130716787e-02
-8.442666762712359996e-02
2.785097326923988148e-02
1.274382080710442233e-01
1.154154818261090287e-01
1.122592029742489617e-01
4.534504658136484512e-03
-4.687645903058630659e-02
-4.643155709563240308e-01
-3.943062094016937524e-01
-9.532054595257284657e-02
1.406929503430034978e-02
6.046730997800637830e-01
7.586039495056452753e-02
2.810459201003002172e-01
-3.618059338746819620e-01
3.465672525863218723e-01
2.891216716482615523e-02
3.029699489690445557e-01
-1.910486798626226945e-01
-1.652035554729414657e-01
-1.201145061962752281e-02
1.046916545901505069e-01
2.042513715592059187e-01
3.932267481362738959e-02
3.470469959748052891e-02
-4.473600139900620054e-02
-1.607990336634750328e-01
-2.740098952792650588e-01
2.796024076618060239e-02
1.204470981706980554e-01
-2.698596975120597374e-01
-8.344464922540061058e-02
1.084174292748903840e-01
-3.682776053141413597e-02
2.904846616889459332e-01
3.414883960923463524e-02
-2.365090782146781756e-01
-2.383729575296099357e-01
5.046006863032156953e-02
-9.293377428090163206e-02
2.374204667985254924e-01
-1.239976031786735322e-02
5.723069658914485824e-01
-3.451443790959751179e-01
-2.983489418887038669e-01
-6.608472647633826247e-01
5.317837516169371392e-02
-5.126917627059455196e-01
-1.921067511872961431e-01
1.799431715242371943e-01
2.176668403944306829e-01
-2.631913021609110226e-01
-5.251596055222280957e-02
4.857878079926858383e-02
-8.796025457279356419e-02
-2.349155754722409006e-01
-3.876729199603253795e-01
-1.606902907897408972e-02
-2.458461243580994382e-01
7.198896884308640665e-02
8.887142481026996665e-02
-1.142306489582683021e-01
-1.652430904430108871e-01
5.220216689181786940e-01
-6.429135358198689865e-01
7.812942814080001130e-02
-3.871177172414561052e-02
-2.396665062418522618e-01
2.702565858071220850e-01
7.025596022408363284e-02
-2.207859301662004614e-01
2.409476679173484792e-02
-1.130358774503330554e-01
1.865362961539673570e-01
3.238043257661518126e-01
1.064436238325339734e-01
-8.652850842023065980e-02
-1.726074761308571959e-01
-9.185682163408835643e-02
-8.039049900070116550e-02
8.305320587078278416e-02
-2.226671233192654697e-01
2.601734765609649558e-01
-1.867009755412242233e-01
2.135791367126121110e-01
-2.113439752012780393e-01
5.747794692131762417e-01
2.607917051072097259e-01
-8.667842776430413620e-02
-1.623969143383913183e-02
5.918662831847382177e-02
-3.478791536188736988e-02
-3.468852348423996645e-02
-2.433276656920421166e-01
9.276964995525578683e-02
2.395826885431845688e-01
-3.455019447263046328e-01
-2.843300084549629791e-02
2.333952001101519125e-02
-2.494355299751425670e-01
2.935610301973131664e-01
-3.865553792597090643e-01
-3.449629297877383483e-01
-2.631077336682028367e-01
7.028096606799819068e-02
2.272903360682577145e-01
3.377227511289765394e-01
-1.766430786080208093e-01
-1.828287952717774778e-01
4.086138125883503336e-01
3.489944552200424654e-01
2.900842758386104614e-01
3.740557337167051966e-01
2.496542270445029077e-01
3.648039464697760970e-01
9.788828102821120480e-02
-1.544912050696419237e-01
1.668316983908006701e-02
1.320616680176830982e-01
2.662857941729871447e-01
-7.625863813303725147e-02
3.419542455931001701e-02
1.877557377962600360e-01
1.665472393874989632e-01
-3.269672517278902069e-01
7.377963122377657890e-02
-3.249845560928735222e-02
-7.772712808467781287e-02
2.852169404104191175e-01
1.842401329955153655e-01
-3.103249557091590782e-01
-5.799389171514460206e-02
2.375269386153616713e-02
7.013612455188134032e-01
-1.945406996307547098e-01
-1.644071583213272680e-01
-4.184057577214278512e-02
1.562129517873683260e-01
-3.478451977140606388e-01
-7.135972863053067217e-01
1.737814096703644839e-01
-8.415715552367634966e-02
-4.861401591990608950e-01
1.320644528715129995e-01
3.122829280676273633e-01
3.591721982116120593e-01
1.878546101243975253e-01
1.513817417062177373e-01
-8.507992482499096565e-02
1.221388897332881529e-01
3.441602336195195844e-01
3.448825969279828429e-01
3.742812191102177222e-01
-1.573065282798556674e-01
-1.458234447814683865e-02
1.899140756934750984e-01
2.204588039011395884e-01
-1.801099320235564627e-01
7.609098549603576789e-02
9.994309626532080215e-02
-1.677066289563899915e-01
3.518908516592838542e-01
3.298588564655595134e-01
-1.885114719824207696e-01
-3.597778399034030072e-01
2.160842171546002999e-01
-6.105083810336110750e-02
2.237704000469312171e-01
5.440655048891438472e-01
-1.993453844827569876e-01
-1.466920135324022434e-01
2.384178477810722230e-03
-1.489332360635589603e-02
-4.014628955166626989e-01
1.014512626998795297e-02
2.095666861775752621e-01
-4.761581066881916124e-02
-1.454501826625730354e-01
3.112346642624942428e-01
-4.291276774396726723e-01
2.511225953371225561e-01
3.031966377870074503e-01
2.887701881251071301e-01
-6.859917669257514783e-02
1.090672487289783416e-01
2.669306092951297948e-01
1.127986975299070105e-01
-1.519377288939052217e-01
-1.400306766500006850e-01
5.554468658963848671e-03
-1.796133924237105772e-01
-3.693547679018726604e-01
3.840543887824337532e-01
-4.074063010195923540e-01
-3.310036872797104124e-01
-2.033257455025232752e-01
2.679827203709673200e-01
-2.252088971477904100e-01
