8.403329513750777691e-02
-3.177938215460781035e-01
3.281060603285251842e-02
2.038929699756096281e-01
5.096552546985475551e-01
4.939194501263728387e-01
-1.655036981343568914e-01
-2.528760406894471902e-01
-1.215431786023857264e-02
5.477195101605640826e-01
4.503430022518543629e-01
-3.727432773355371376e-02
-4.550878212646863874e-01
-3.534515713225143685e-01
-3.641762473142567957e-01
3.115474485381565239e-01
-2.265218010401976456e-01
-2.730362165426023502e-01
-1.238749699338603655e-01
3.419512687685277719e-02
-3.508319739638205426e-01
-3.030788061410579770e-01
8.821071197635042827e-02
8.480671095730718534e-02
-1.879639233053044811e-01
-5.387559985689499564e-02
3.609079330779356720e-01
1.302140170164726163e-01
-1.697906877745904985e-01
-2.717062930296456624e-01
6.638088111799661517e-02
-3.791605428873888184e-01
-1.267828750742875932e-01
3.164839662522627717e-01
1.795944081097082257e-01
-2.940816131665370814e-01
-7.549688956347649915e-02
4.586820417544856809e-02
9.083513188714775755e-02
-5.515449466777528897e-01
-1.213885954755432039e-01
4.460401268601891789e-01
1.084047720765182188e-01
-3.023698942068195894e-01
-3.040656562170401811e-02
-1.986355522631438886e-02
5.709385597825511471e-02
-2.008640689431644977e-01
-8.224027709679893050e-03
5.840196841272301542e-01
6.825901771329747625e-01
3.341567211544171911e-02
-7.450287215981821198e-01
4.848173084287837886e-02
2.218854503896538488e-01
5.069521857011144439e-01
3.578284827588396055e-01
2.025099421365559593e-01
1.713922095236869447e-01
4.879127657299076049e-02
-2.789009121878774922e-01
1.266466009112086066e-01
6.907765220860763167e-01
-4.885246289132260666e-01
6.928038107170397808e-02
4.592626472365795021e-01
-7.925336066047111716e-02
5.822109655670393291e-01
-1.278339923710914428e-01
3.180011341492798849e-01
1.404546130192259046e-01
-2.146895454857752905e-01
2.398555638861977202e-01
-1.045345458749686873e-01
1.428115613802021788e-01
8.315707635334157466e-02
1.198796725801948848e-01
5.329467761889707944e-01
-5.064782947407475699e-03
-5.644169857513934296e-01
-1.343114220988905760e-02
-2.091602039635268584e-01
2.835599414339197710e-01
-9.945879786838085490e-02
-1.801954061245348293e-01
-1.187978842672407498e-01
5.667460381298403682e-01
2.089605130588837456e-01
-1.132241394921031374e-01
-9.320064544126349659e-02
2.174627892385435635e-01
-3.816658704960396165e-02
4.831941228518953912e-01
2.104486309882790396e-01
-3.684511152406739765e-01
8.009435976768541909e-02
3.288251135763289867e-01
-2.949751504574192884e-01
2.463768468880808693e-01
2.462445312415022514e-01
-2.932227281407291941e-01
-4.817490585436625672e-01
1.069394035793393982e-01
3.818934227206560728e-02
-4.870853803505920121e-02
1.774400588284230640e-01
6.352842589539370310e-02
-2.950836287617767950e-01
-2.045015695229884245e-01
-2.944922921111517433e-01
1.924966851984635241e-01
3.866581947919489615e-02
-2.163830934005802065e-01
-2.773147664897293585e-01
9.062825306896649113e-02
3.763654920466807940e-01
-4.053709677009065260e-02
2.132794155211680809e-01
9.986728453274862360e-02
-1.004145463586496312e-01
-3.863740382253705863e-01
2.710531295957104292e-01
1.236656872923957984e-03
-7.794269714004478100e-01
4.044766399363914910e-01
3.348351084665631139e-01
3.381810650741826074e-02
-2.887722645268176458e-01
-9.713721427207094861e-02
1.793152482030090367e-01
-6.309602467474928478e-02
3.337743380936575854e-01
-3.119552506801311909e-01
2.619314933959682734e-01
-2.462144982662132775e-01
-1.016267099268320928e-01
-1.366142946026074889e-01
3.606157725353893451e-01
-4.073738155331196320e-01
1.637773044637640396e-01
4.479378974249492718e-02
5.846215175325469859e-02
3.312279743102121699e-01
1.186776636484299652e-01
1.404917039869394979e-01
-2.695897929259610803e-02
-2.776584117386645678e-01
1.186903086385696360e-01
8.082506795088240104e-02
9.228226521732274534e-03
3.616416377445008656e-02
-2.301381990390849452e-02
1.294664908643772261e-03
-5.420553872258727646e-01
5.850739383871959021e-01
-4.103733343787043797e-01
-1.807822701412968858e-01
2.085663067856404762e-01
-1.602629472785116471e-01
2.064563500224858572e-02
-2.982359052592796211e-01
-1.433764196911205269e-01
1.862640665305068111e-01
-3.361826127075622228e-01
2.617699989026563423e-01
-2.238519777006350020e-01
-8.783282614224013907e-02
-5.406735448363966245e-01
2.737854688376580858e-01
-4.087216605178436435e-01
1.136346419795560281e-01
-1.929988223012113480e-02
3.831626764751812630e-01
-1.140762600710967800e-01
7.940756408780225151e-03
-1.624742846127465445e-01
-6.454257508264787946e-01
7.444647148575121998e-01
3.887685833666210122e-02
4.488954235945832316e-01
1.302222994551176516e-01
5.506235267297623914e-02
-2.875387870774816501e-01
-1.280353793840869336e-01
-3.721884596672547785e-02
-3.448564313924273317e-01
-2.441954300693331414e-01
-3.218745137359353414e-01
1.841092049698259125e-01
-4.461710861424122987e-01
2.103450305043724211e-01
3.790225480196035002e-01
5.393486012662803697e-01
5.128089276875136271e-03
2.326089771421757657e-01
2.624318486557855601e-01
4.772159508269260830e-01
2.888034524462009811e-01
3.164795009146707527e-01
-4.449063165428479572e-03
-2.202918872728452382e-01
-3.015277113903478412e-01
1.990754775351115113e-01
6.473729410106194848e-01
3.098551773156371092e-01
-3.528783781209123838e-01
-1.461916227538391233e-01
-4.387061124766781228e-01
1.503230083912946713e-01
-3.619213897360784027e-01
-1.073145772482104188e-01
2.530483427953154618e-01
-3.385364631062885432e-01
-2.750066877931556242e-02
5.295330100809049201e-01
-6.919301938578924505e-01
4.555103806094229490e-02
5.978738505942393644e-02
5.060354839137376493e-02
-2.350214779922670250e-01
2.587347335604033849e-01
5.024348979003647742e-01
1.755728865001442984e-01
5.599155283718793008e-02
-3.812614187695756440e-01
-1.467598607822812595e-01
-9.235507940826553908e-02
2.103051305778520785e-01
3.122888345382362485e-01
-8.255422703952031149e-02
-1.086215048956229445e-03
-3.322507926307393111e-01
1.267974774945806460e-01
3.314716190590891176e-01
-7.785056207451568344e-03
-1.363597429258746330e-02
-1.387759118146249526e-01
5.617080302878296738e-02
-4.979238608008249023e-02
2.655661556477332819e-01
6.285272193560803577e-02
2.797464549591060501e-01
-5.016909621437629085e-02
-4.996398855546835271e-02
2.045392932371492556e-02
-7.899676494567762219e-01
-3.595751874877907706e-01
4.232832486725475740e-01
4.582094565709591838e-01
1.632086762546702818e-02
-5.572170013957049584e-01
-6.628758919683122031e-01
1.966840735332610612e-01
4.400400508810212719e-01
-2.816935799874037416e-02
3.925228623369945713e-01
4.044869186529199134e-01
3.303613504748063590e-01
1.863359638238830662e-01
-3.708921083444133293e-02
-3.195282023802568649e-01
-3.079563672835877175e-01
-2.004002450209440012e-01
-6.092336504587458901e-02
6.122896019796502110e-01
