8.299534413277313838e-02
1.519410172925779456e-01
-1.100432021614367040e-01
1.114438496388370503e-01
-1.248705285987426195e-01
1.800461424917085551e-01
3.181502290179976516e-03
-1.436252417278281457e-01
-2.718014567399654746e-01
1.228141265530592607e-01
3.969869069646638771e-01
-3.378129881997775641e-01
-3.159213590968698027e-01
-3.029481544569266327e-01
-5.581033699087485367e-01
2.855331565425658358e-01
1.974608536931764594e-02
2.647310182224676955e-01
2.790602902559953802e-01
-1.735803874773018673e-01
2.853733465140537717e-01
-8.855717712998419089e-02
-3.063802479834495385e-01
9.484333360343596975e-02
3.491583988235615887e-01
3.950995696287915582e-01
-2.110051688564727745e-01
-2.325571386679437524e-01
6.282190591135890234e-02
-4.405458663901878902e-03
2.738734871285160022e-01
-4.038847505319823755e-02
-1.550740033260013945e-02
-1.168701588058246449e-01
1.681268832438370109e-01
-6.881176151659478268e-01
2.931370660240147780e-02
2.177553708769768281e-01
-5.199141994662107580e-01
-2.621186350595387515e-01
7.725605815741443116e-03
-7.365998893652070389e-02
8.531455196005999220e-02
-1.919980191274379133e-01
1.035303849631134948e-01
1.069583670756277805e-01
-6.658189612568939098e-02
2.399444967197255363e-01
-2.805212287055431908e-01
-2.132381716654221659e-01
-1.957372148605546758e-01
1.667383597893649649e-01
1.371766216630348756e-01
-3.854229704669596968e-02
1.878893705850915308e-01
-4.295147482923052373e-01
-1.982680389524434372e-01
7.235366313224639301e-02
-9.241082769093715565e-02
-2.970061109727041848e-01
1.171426068182816332e-01
2.172654979142003562e-01
1.254560779774943624e-01
2.156979095615482178e-01
1.806863925725966935e-01
4.440561218349135114e-02
-7.929164454064130396e-02
1.652646101583030991e-01
3.577779954365782611e-02
3.059782799666827535e-01
-2.895897649888104497e-02
-2.577687581055804200e-01
-1.004925094491774529e-01
3.081714806370657034e-02
-2.261615609541201277e-01
-3.251935956823253093e-01
-1.033341980826437412e-01
-1.791315085407630125e-01
2.007145171696932129e-01
1.180432202553176602e-01
3.350018953451259218e-01
-2.448312510358368055e-01
2.970343558748210211e-01
8.904890028937198498e-02
2.261841288369210168e-01
-2.237800200411587670e-01
-2.991831525712560502e-01
9.600861612767426501e-02
-2.518717219672705898e-01
3.784582565810236110e-01
-2.567674756141177239e-01
-1.179422384343062347e-01
1.017631097859150457e-01
7.091521727664167052e-02
-2.760976699571098814e-01
1.024928942806448001e-01
7.811789516192393923e-02
-2.193427408568833503e-01
-1.385429703163484072e-01
1.110131895580388495e-01
4.217182132005890816e-02
-2.485614479887127137e-03
1.527565137570514875e-01
-1.093645190417072005e-01
9.574448601523408153e-02
-1.183537311806655279e-02
-1.369467137152819702e-01
1.082217635440502063e-01
3.358836687424905654e-02
4.745183044333805000e-01
-1.032157080519222059e-01
-1.100492702389570115e-01
-3.123531503181312674e-01
-2.991787257412746315e-01
-2.561486485219007792e-01
-3.611730505685889492e-03
-1.529152255508855196e-01
8.450768244456399736e-02
-5.776475450235668552e-02
-9.196990221891968020e-02
-1.032937155860435829e-01
4.128874230181513866e-02
3.904635727841332393e-03
-2.603612227960815373e-01
-5.595855021722059841e-02
1.738141013308962257e-02
1.415065415469040633e-01
4.425469359259216751e-02
-1.204723885585528703e-01
-1.931815340474282716e-01
2.094401414000443273e-01
-2.302964821622263125e-01
-5.582330132246484528e-03
-2.337636594341172269e-01
1.123429176690939613e-01
2.028221486780671934e-01
2.487940075702820275e-01
7.226254718371585839e-02
-1.138793827110924362e-01
-1.300284497280162210e-01
4.285901692794624740e-01
1.140498485233491510e-01
3.756115230911358238e-02
-1.346509703647464085e-01
-1.398319474987969047e-01
1.929133647258212125e-01
3.443018299188412845e-01
-1.792605898610972193e-01
-1.527930179814452893e-01
1.862092996946485279e-01
-3.390253968416389041e-01
8.008852946982475407e-02
-1.081078987161156607e-01
3.241556932118425105e-01
7.978098416218590283e-03
4.476699064951759205e-02
-1.742254605928696964e-01
-4.805929238904494555e-02
-2.224171096450185126e-02
3.096359526209768731e-02
-2.183254918427995628e-01
-2.008006251856201962e-01
2.167516432829719730e-01
-2.762538203528120406e-01
1.193982644024448037e-01
1.717669354751597821e-01
-9.435342474618196862e-02
-9.605540110156206290e-03
-7.844495319436942116e-02
-3.212036223340036800e-01
-1.436358902012677963e-01
1.956326303985529425e-01
3.443030178248619455e-01
4.802597032926458204e-02
-2.180399908979675228e-01
-1.861351325153995373e-01
3.445480961605012493e-01
3.239647834555709482e-01
-3.504614677146514201e-02
1.061207085350919233e-01
1.327599670025572665e-01
4.967702239369752304e-01
8.396156110587776888e-02
-2.406493137182569853e-01
4.145012749206972158e-02
1.147059264197832495e-01
5.880632957546590156e-02
-1.052686118497335455e-01
4.771116785817315631e-02
1.649494660918564837e-01
-1.729423443584879316e-02
-1.380382781726315344e-01
-2.825109526324954823e-01
1.402228558505451417e-02
-1.714855295951725478e-01
3.470573495659017293e-01
-5.982169227989331262e-03
-2.280329957468427149e-01
-1.776219939974054141e-01
5.109999801942202019e-02
3.054370400837835287e-01
7.191395947828721491e-03
4.927098387535753382e-02
-3.801048992092640605e-02
3.409990654771866136e-01
-3.913006361341470618e-01
-3.050798807803927204e-01
1.752086389217949458e-01
1.356464525338195171e-01
-4.100877250253490702e-01
-3.346403751515276970e-02
2.379932109296296616e-01
1.728328259513306486e-01
2.720914322242223293e-01
3.846263866815106125e-01
-1.724956068616466109e-01
2.729706067120516444e-01
3.472128107534069308e-01
2.522978012021901972e-01
2.804427096213140680e-01
-3.086161561751645799e-01
-1.330739232284210982e-01
3.575473572502065878e-01
2.091506823306723273e-01
-1.001209038221745340e-01
-1.261715585696479014e-01
-8.156451514650051027e-02
-1.540914212199787914e-01
-7.558221379213451996e-02
2.883982886271254514e-02
-3.185620833812187191e-01
-3.442661029540188267e-01
2.516342903369610529e-01
1.135617265270141701e-01
5.810946669752368177e-01
5.255168211475370610e-01
5.878350261788046344e-02
-1.772278544886913276e-01
1.909520663685548847e-01
-1.782285050464657572e-01
-4.785855295743555726e-01
1.789975502965324150e-01
1.149742166875327293e-01
3.846544618302031454e-03
-6.143134539178940479e-02
1.272935211490960894e-02
-3.334134477112979944e-01
-2.900649190480913964e-03
1.875573497540004020e-01
3.155997499452222188e-01
-1.627114271739464324e-01
-1.399449243689883660e-01
1.886807250073859188e-01
2.334469997208117875e-01
-2.965532632890665043e-01
-2.587407410529064533e-01
-1.420702388561577711e-01
-1.693281223862099505e-01
-8.068493944326746159e-02
3.302746739846089130e-01
-3.397532290507960240e-01
-1.959631347357582987e-01
9.366410734841285057e-02
2.094368543897727752e-01
-1.489131011207041611e-01
