6.293594593246844282e-02
5.137085852508482819e-02
-1.251836124004029882e-01
1.041767578714895559e-01
3.163722699352863876e-02
1.591411259764264619e-01
-3.968742058410892892e-02
-2.718742525583133229e-01
-2.251521975083522475e-01
2.613638234102477753e-01
5.023665171229892978e-01
-1.686653197034184148e-01
-1.750107842155177174e-01
-1.604979917874391759e-01
-4.949256302135813246e-01
2.824088346250536730e-01
-1.315098148287256741e-01
5.687986434429978533e-02
1.155491190670946133e-01
-2.604601998991858819e-02
1.140738133932901743e-01
-7.602450542779705389e-02
-2.060641820067762031e-01
1.835372083477874450e-01
1.111844433676482946e-01
4.963807957490601330e-02
1.142225704846175360e-02
-1.024275136273207765e-01
8.616545886509505148e-02
-4.932891700996412665e-02
2.522585490811743436e-02
-1.242427141492338794e-01
-1.767304815332987056e-01
-7.324993372206228814e-02
1.275235869496171570e-01
-2.902930710766429279e-01
1.150667507330017242e-01
2.055670520972550652e-01
-1.010767859526648937e-01
-2.924485140762854707e-01
3.224602085572617766e-02
7.014439904838437601e-02
1.231250145539412033e-01
-1.815136636743538978e-01
9.296544042233360894e-02
2.279496049555929382e-01
1.625924149042409783e-02
4.660603834666679490e-02
6.838232532621016380e-03
-8.062392346655306019e-02
8.452304258942477944e-02
-8.861115066845845489e-02
-1.956925773045505301e-01
-7.635829991475902301e-02
8.041510449785294057e-02
-1.651952919841742640e-03
1.185589578249402892e-01
-5.582912065688047654e-02
9.337260953835391231e-02
4.610671121036552522e-02
-1.143605207246756877e-01
1.726706513166746115e-01
1.562728300072227239e-01
-7.873832569064276310e-02
3.527798533670949838e-02
1.317126784298493503e-01
-3.109443630413795123e-01
2.280670249885832779e-01
2.284945988738280587e-01
2.719027111262634633e-01
-5.833278539520030115e-02
-1.306891941746234631e-01
-8.778819035667724535e-02
6.725078245842838059e-03
-6.965057965202525736e-05
-2.051318742156287844e-01
-5.315579227971792275e-02
1.366399675450815088e-01
2.772914807628422684e-01
-1.311464353240625325e-01
1.502515552778146690e-01
-1.737515720423422616e-01
1.636618195484660365e-01
6.045179584082374658e-02
3.006627625271221516e-02
4.677826513251187590e-03
1.564306632226004079e-01
1.888209912701135362e-01
1.155445502234853788e-01
1.691994325616175132e-02
-1.965802962429575307e-01
-2.150787005249356620e-01
1.364224021460603287e-01
2.331969207340805345e-02
1.285252989454379879e-01
8.372622936186313591e-02
1.330227188640936697e-01
-3.038034232503578069e-01
-2.976048731074480702e-03
1.854449137461640362e-01
4.478275398362151216e-02
-8.985279928405533190e-02
2.917349937814912864e-02
3.600371244301950324e-02
6.395524559075367599e-02
1.547015068810926597e-01
-1.005877779190363433e-02
-3.293808220037131029e-02
3.168425064795514501e-02
2.522805913502651487e-02
-2.335476308055546291e-01
-3.544806536085187698e-02
-5.114848289018957272e-01
-1.602946581414045890e-01
-1.468934747766749149e-01
5.678860906172085443e-02
-1.525248815562473825e-01
2.204115770187476953e-01
5.794294373626088235e-02
-1.264883413354886410e-01
-1.306696739959187226e-01
-3.281445140476763056e-02
-5.217076715618113730e-02
-4.331607791886861736e-01
1.995764258322060003e-01
-1.125022195282958937e-01
2.260571609067366095e-01
3.825988974406882570e-02
-9.589730612922287012e-02
2.432488861049825202e-03
2.924542123577794639e-01
-6.042156433490236678e-03
-7.968717030646974009e-02
2.924244411082097539e-01
-2.573805528092340533e-01
6.109749878521741895e-02
-9.925898574437908017e-02
8.346620985160817241e-02
-1.600587338030249607e-01
-4.399923949794119077e-02
1.873836029176473572e-01
2.004878057606619413e-01
9.993134027137401398e-02
-3.484744286380229983e-03
-1.748969725381641638e-01
4.022991776631684377e-03
4.999015593273494623e-02
-1.244259533639269222e-01
1.097722878460172247e-01
5.073560882353764234e-02
-1.920720641873731593e-01
7.215379979461630788e-03
-9.413661900907477342e-02
-1.069070145881737821e-01
8.356177020962177182e-02
-5.063293601364594887e-02
-1.325387902269248852e-01
-4.364757052759782319e-02
-9.796588567624332777e-02
2.590499978466897363e-03
-2.441210608966832285e-01
-2.110430473977933652e-01
8.521805584494469843e-02
-3.207332139737739674e-01
1.764510779729364098e-01
6.430201287305303826e-02
-2.888115685627046791e-01
-1.630486202656655781e-01
7.614249195323219421e-04
-2.908269361443012180e-01
-3.816069105102373044e-02
5.107231245863154412e-02
2.312478686553868235e-01
2.129497491588522307e-01
-1.220315994400290593e-01
2.611512644972159569e-02
-1.275017827707092266e-02
2.556689153072200238e-01
3.472015348222924624e-02
3.525236506970648165e-01
7.440340289933977669e-02
2.666958475472162027e-01
-5.972507070066040286e-02
-1.220118929437358779e-01
-1.116257310382009205e-01
7.263167441597065399e-02
2.896332529092049413e-04
-7.778989161576492506e-02
4.740078718631547672e-02
9.622720496810617530e-02
3.006138693341882107e-01
1.391011733114768389e-01
4.433799026412329342e-02
-1.240184190103033740e-02
-1.172573582580688639e-01
3.224278525544847507e-01
4.858876301566582012e-01
-4.083444339825527403e-02
-1.666749347940563730e-01
9.960500557447184156e-02
7.985180674867753403e-02
-1.846508045348337346e-01
1.388799323972919886e-01
-4.930607002350094470e-02
3.833222538983013794e-01
-2.904123574910121297e-01
-3.924631610294563311e-01
-1.721607930997900993e-01
1.245232275144273065e-01
-2.864064032143250893e-01
-1.545224061007614141e-02
3.148661898946858995e-01
-8.918355418613255203e-02
1.636773018583821404e-01
2.298817193809256088e-01
-3.234152589306825698e-01
8.558794269830655166e-02
2.247178416678807800e-01
1.052452392238169693e-01
3.047756321925770839e-02
-8.422494958744927707e-02
1.246092783394951581e-01
2.478258761560465651e-01
1.454670376086933670e-01
-2.209339698883105996e-02
-2.214845780970033789e-02
3.761302412596970179e-02
-4.497920551065629630e-02
9.510889558871388205e-02
2.274290199940329771e-01
-5.823693158222872923e-02
-1.327268218803641098e-01
4.033167520289679397e-02
9.927022374164432700e-03
1.198371116063294689e-01
2.836990327097380638e-01
-1.710249104977565326e-01
2.011130843504946308e-03
9.005760153990884087e-03
-6.543245954972295997e-02
-3.137774061935257874e-01
7.882481908679130067e-02
2.013466034674453731e-01
-3.301930292019020219e-02
8.764973348082338855e-02
-2.184113019753500806e-01
-3.387530318772816740e-01
3.176647445011889781e-01
1.177163993824674182e-01
5.313231384179484262e-02
-1.467107747512936822e-01
-2.466001094558576134e-01
1.747457250973652731e-01
4.802039086267179679e-01
-7.667175546079696424e-02
2.082312252696313926e-02
4.069150260964050220e-02
-6.923157631185537786e-02
5.805522115539822614e-02
3.560980008236937500e-01
-3.722201981700985485e-01
-2.422926540554808106e-01
-2.332389213172820774e-01
5.521663864772034802e-02
2.267636042950382791e-03
