-5.126751043422436149e-01
-3.593089313614407088e-01
-4.369271287483084687e-01
5.041892106517278371e-01
-4.377123643778590978e-01
3.240453094714713655e-01
4.387046545226492844e-01
-2.050443347023294949e-01
1.343316698833738922e-02
-5.425945361290763769e-01
2.696174095146162616e-02
5.750535146575226353e-01
-1.262595156633948834e-01
-9.192678327631290114e-02
-2.105560804770846214e-02
4.727150881357794487e-01
-1.108160044216231765e-01
-5.424846554487323669e-01
2.897437516375782063e-01
4.568839581832320196e-01
-5.022799457319629957e-01
-2.410622244059795749e-01
2.218268184882821736e-01
-7.830827220308891334e-01
-3.877333735374888235e-02
-4.488449633819904250e-01
-6.882777826702604074e-01
-9.845621987091646155e-02
-8.306291829570576768e-01
-3.192935219193236973e-01
3.917504234684617836e-01
2.931423475605727386e-02
1.567062438305205085e-01
-4.590598376738088682e-01
1.374935655702867743e-02
8.299810666267217751e-01
-3.573158021210953716e-01
1.656668555773905815e-01
5.057385684139341642e-01
6.923020553664327448e-02
-3.241363148396945171e-01
-2.783532500133391041e-01
5.798727015282870156e-02
3.515788133089020606e-02
1.962935098042023763e-01
-5.173776722050290600e-01
-2.480416712431939563e-01
1.225852539347390691e-01
-5.713813570409208287e-02
5.994197483680425986e-02
3.620728440144042048e-01
-4.786740851808744535e-01
-1.158239151659290200e-01
-3.711764927918826396e-01
7.479656858157014421e-01
4.168817154316682982e-01
7.294134256437648789e-01
1.502937729992258331e-02
-3.811217986917705969e-01
-2.041513107699161229e-03
-3.235475471302428074e-01
8.770971441076899633e-02
-1.962524017873250037e-01
3.093595510128297477e-01
3.590471818698022233e-01
-6.148761859098706983e-01
-6.159578960013578630e-01
3.571389501243236175e-01
7.384091112596424811e-01
-1.958052583042539652e-01
-6.990460808261981240e-01
4.685150950183233354e-01
4.369173190669032314e-01
-8.541189377231410695e-01
8.535306215133455776e-01
3.637406202520970799e-02
5.796588407935929776e-01
2.435866890519216565e-01
-7.930350624276763516e-02
2.835887776590443332e-01
-4.420271101590896312e-01
-2.361568881949639986e-01
-6.033949242867859830e-01
1.872947363232070062e-01
6.416263276575242536e-01
-1.138173831079946907e-01
1.386889801252249865e-01
4.920493151009257965e-02
2.730550574053722812e-01
-1.570100625705467823e-01
6.363200861163662569e-01
-2.637671716138266231e-01
3.842190639604280422e-01
-4.636401967519760414e-01
-2.436610211279189309e-01
1.815815847217077117e-01
-5.684945513699402042e-01
-6.249698412460378272e-01
-5.663379838408680866e-01
-4.435052075163427032e-01
-4.239231511465499924e-01
6.801049320087254602e-02
1.118247120975286446e-01
-7.404522423611218374e-01
6.172132476166708459e-01
5.583231840443705352e-01
-3.179120487133977324e-01
4.900218017954693916e-01
-4.173436122758182876e-01
-1.413703625407871367e-01
-3.708359449674633601e-01
2.448330819070376196e-01
-2.751769935948365498e-01
-2.355017549930748799e-01
7.852315689368824514e-03
2.296823831721133691e-01
-4.027074446207732361e-01
8.179557149988747611e-04
-4.010343069686507222e-01
-5.397024918241084546e-01
-4.047122375167222508e-02
4.154706399057963573e-01
6.798813423426493252e-02
1.790483530502482157e-01
3.368459569904704298e-01
-3.651963109790978823e-01
-2.920937204538882059e-01
2.341343729697069609e-01
-3.400881307609992382e-02
2.228943611293001670e-01
-2.802975984931010967e-01
1.650454651314124666e-02
-5.292348171541848556e-01
5.182609332752794451e-01
1.018260839721208538e-02
-1.471570103832318677e-01
-3.624736521313082771e-01
-2.895783280553624883e-01
9.708934922276493684e-02
4.482900316019555187e-01
2.547995323179714777e-01
3.049398402027905242e-01
-3.982434610396958785e-01
5.632905387051136969e-01
-4.645022166948268305e-01
4.390374885430737284e-01
3.536338905168555646e-01
2.301536246949197062e-03
-2.374241826955081625e-01
5.963099923711658867e-01
-3.332016495615721663e-01
2.028026214161136320e-01
-4.274195670402085590e-01
-2.056095297099311270e-01
1.828555445187244333e-01
-6.166158444509317604e-02
6.661584231568110082e-02
6.864468877750924403e-01
-1.479052605505609130e-01
-1.218977016847202222e-01
5.665536123362515664e-01
8.092020388528317620e-02
-9.375211619072164326e-02
-3.938970407171268895e-02
4.869845207439562063e-01
-5.098664633241404287e-01
-4.000329938652079087e-01
-3.830042153446182041e-01
-5.597165903938183806e-01
-3.472970074829411780e-01
-2.153744408707844726e-01
-1.432395334796798814e-01
-3.039526353537655989e-01
5.004231670110930175e-01
4.634560203766548148e-03
2.555712357101838084e-01
5.562057323014152344e-01
1.144438199161545988e-01
6.334261299685507440e-01
-3.881848485996228226e-02
-2.822077797314249681e-01
-2.436062267221594801e-01
-5.684387762559031665e-02
5.987946187902302292e-02
-1.679017051068714891e-02
-1.440856185038771331e-01
3.756606747137061220e-01
2.239116163425406703e-01
4.988024850916598640e-01
-7.627933916020267491e-01
6.015165898041284487e-02
1.872030916473648721e-01
-6.043112829389249985e-01
6.349800632239105402e-02
9.551136330162399712e-01
-1.527168247208242902e-01
-6.032989606012698625e-01
-6.507080194259475814e-01
-3.370767656281427049e-01
-2.339584882596907334e-01
2.254684883202909620e-02
2.455676928853098850e-01
-1.078313453226804053e-01
5.668631744002847750e-01
4.751417157242570077e-01
-2.904348210925016271e-01
2.533858352510438144e-02
7.916323814267383074e-01
-5.377165794968229440e-01
-3.977793738618382730e-02
5.786391605308198738e-01
3.147981940658358679e-01
3.417061327025815443e-01
5.654896715548952679e-01
-2.722625799567263138e-01
4.925712229202412473e-01
2.559449912869370958e-01
2.495255129214574707e-01
7.966525512526315134e-02
-1.201506789684318385e-02
-2.629178049535121214e-02
2.300296318950915686e-01
-4.633441971212064470e-01
2.027242218480250768e-01
-6.134030252578803744e-03
-1.914908546682500823e-01
-3.001563416560990016e-01
-3.200704443143127520e-01
-3.010213196606515984e-01
-1.312209113030862739e-01
2.537612215515073766e-01
-2.947837188272830478e-01
-5.955139595668946378e-02
-2.638617621485225273e-01
1.123494011168233025e-01
-4.323276683763027650e-01
7.311827452543808725e-01
3.977763676224380096e-02
1.536629642623683067e-01
-3.697530932034548412e-01
-5.915338140436262604e-01
-5.766427641557767547e-01
-2.440299963449915066e-01
2.320610127187807958e-01
-1.059973230445377390e-01
5.603223611741183774e-01
3.284004794793017601e-02
4.688643264125830767e-01
3.604021403717099781e-01
-3.263534901860948301e-01
-2.503217475565644445e-01
2.521822179253202512e-01
5.073485594464175463e-01
3.698300103177090126e-01
1.243319551956145741e-01
1.278915853811514458e-01
-5.509514760023134228e-01
6.665452705118137811e-01
2.695866321760302387e-01
3.895284922223140045e-01
-1.335240476135896026e-03
-8.604739099659510781e-01
5.075374674251997842e-01
5.684443359158170006e-02
-4.856031479716052535e-02
