-9.616098036663316140e-02
1.338237018715039417e-01
2.841857809908787669e-02
1.715451844263478631e-01
7.650326808885182794e-02
-1.924049924714377746e-01
2.127891845003829774e-01
-1.437884621849712108e-01
6.701365609269783752e-01
4.808050420806593839e-01
-4.034363649133929086e-02
-4.068426844012107413e-01
-2.630083849278147534e-01
-1.527413819564607533e-01
3.111064482914936424e-01
-3.457150706684405939e-01
3.272278751089702786e-01
2.149263521322060111e-01
4.978992156601705910e-01
-3.330028159583441338e-01
1.939173262464564118e-01
1.941979203953947963e-01
-1.306283481195299190e-01
-2.556332805879643066e-01
-1.160731407625579803e-01
-2.702583998646249652e-01
3.541707724129594670e-02
3.392046850065969510e-01
1.394844614354540657e-01
6.143826842698997259e-01
5.715825818650943635e-02
1.719972855357711772e-01
-2.089281200057900023e-01
3.296084507480033232e-01
1.225105009624125052e-01
1.131818403707353649e-01
4.453972312389589683e-02
-1.726575543679444991e-01
4.997844513823423429e-01
1.102687827842319807e-01
2.504819302733669595e-01
-3.109338688970319509e-01
-6.728694602135765201e-03
-2.591955644199657183e-01
-3.062193306936591974e-01
1.890612626666872964e-01
1.252385865835508039e-01
-2.641526751868079614e-01
4.059769706916429577e-01
4.558887234033754399e-01
-1.720014354253603106e-01
5.844604853073379069e-02
-6.605272779105317293e-02
-1.811822322978443034e-01
4.681750784706241175e-01
-1.988516438088924476e-01
2.155352710587755405e-01
-3.072642052260755041e-01
-1.452551293170822877e-01
4.438119368816745847e-01
-1.311232487664146240e-01
-1.204130752897865642e-01
2.710291425748169725e-01
2.658764431403790041e-02
-4.712877814062711446e-01
-1.401219769569166107e-01
3.452538208317240676e-02
-3.196076428780930678e-02
2.580186001951678687e-01
-1.658479598478259931e-01
-1.933281780446090004e-01
5.226796386576135212e-02
-3.283014844836207313e-01
2.201886232117205855e-01
4.524557663825345410e-01
-4.568774349565258297e-01
4.670255141873078109e-02
-1.446872210946183179e-01
-7.289941429646962234e-02
7.620653957087358821e-02
-3.392948820573145063e-01
1.460875033266886003e-01
-1.696095111097340458e-01
2.763761661716571671e-01
-1.895972639003055682e-01
1.890844242950395215e-01
5.275506951247462828e-01
-1.158536346159065450e-01
-4.315866694323008956e-01
-4.421174849527698680e-01
1.153484396962365793e-01
-1.591388018289932593e-01
1.817290132458719287e-01
7.375149395376445760e-02
1.567419691504221835e-01
4.656276020749136046e-01
-1.887441711372991326e-01
1.868000391775387348e-02
-6.406070854711064244e-02
1.316736339115295862e-02
-5.228801983694542077e-02
-1.263660801205337414e-01
5.010496218190291229e-01
-3.862322472992819611e-01
-1.163779523186942444e-01
-1.076852007951868972e-01
3.558938593206488754e-01
9.861080659954324368e-02
-1.090606058881869733e-01
-3.111164511028862711e-01
-6.624359681671902755e-02
1.036398142191366500e-01
-4.386205109781416978e-01
2.667670356641145268e-01
-2.511839497396867737e-01
5.768724676292591447e-02
2.198603998456815645e-01
-1.343195024111944191e-02
-1.904762449581686168e-01
4.372940747900919689e-01
4.372681796743331795e-01
7.007519616555482611e-02
4.388591109404766932e-01
-2.828821120488730911e-01
-3.364008606782262767e-01
3.690284069625267005e-01
-2.241647500354426448e-01
-3.053208079770146077e-01
-1.203935144728996709e-01
4.774084096432927304e-01
-1.850916000251138227e-01
-1.544252077696257053e-01
4.541544955447726073e-01
-2.783070506791279763e-01
5.573641372850335340e-02
2.116427141946231050e-02
-8.844238101628093540e-02
1.756427951115047126e-01
1.421562614162355520e-01
-6.954713149169418351e-02
-4.990675712709201350e-02
-3.048026909494757075e-01
-1.210811296370245538e-01
-3.769290884757688920e-01
3.248555611394270404e-01
2.634653157072153196e-01
-2.472719940502349223e-02
-5.971030405573396482e-02
1.383077780298706538e-01
2.779229084610609912e-01
-2.793782596249088646e-01
-2.687936729786110091e-01
2.106369800245588841e-02
1.473759990450703716e-01
-4.469362432324831547e-01
2.663776512596252588e-01
-2.430791488742432005e-01
1.183665772096280516e-01
-1.703095310476284152e-01
-5.395071854977895320e-03
6.001225722735556434e-02
-5.538934054928816852e-01
1.011851692911268086e-01
4.897899625647532673e-01
2.687256764923829921e-01
-3.647328746161714041e-02
2.744895299499191532e-01
3.054945763439866901e-01
-5.405005368731767845e-01
1.485186236794828751e-01
8.775822869562216466e-02
1.773633700170247351e-01
1.051356095307225957e-01
-2.399030185813347260e-03
-4.464582599150597186e-01
4.205503669256348553e-01
-3.454615225468863349e-01
-9.482924138495557598e-02
-2.369486960493402128e-01
9.525110904765554665e-02
4.824854865601015952e-01
-1.299000979442389014e-01
4.792158447978459579e-01
7.772021338493634302e-02
4.354142392525128802e-01
2.861904523648781118e-01
-1.380276252427968808e-01
-1.545347500364703253e-01
-8.558482011080253971e-02
4.909490261570640945e-01
-2.294844767113352058e-02
3.126995821625921934e-02
-1.242227121941402168e-01
-1.504348246698617997e-01
3.965175341696055566e-01
-1.528203549529982830e-02
1.386902582153776153e-01
-1.293019213457547445e-01
3.394766814162336055e-01
2.036783942341372777e-01
3.382894885199042023e-01
-1.306052599197292108e-01
9.235689952390693791e-02
-1.026204129131133846e-01
-3.718959714200034128e-01
1.346382427875522370e-01
-1.113151363397428678e-01
5.772535226216812809e-02
-4.136290806706586221e-01
-8.747004993199497536e-02
-2.403959862920140855e-01
-1.053318847781668927e-01
-2.583629538272824711e-02
-1.978983084331615849e-01
2.834439508877213409e-01
-1.161490955944769476e-01
3.773458078064501064e-02
1.946824735356167402e-02
2.491268630840421106e-01
4.098583870792983364e-01
-5.083186664736867311e-01
-4.029600160579049350e-01
-5.175383690655178948e-02
-9.637864650059729810e-02
-2.717180028040194761e-01
1.859037958369764709e-01
-1.921453066473547688e-01
2.272538207088322937e-01
7.428211590964123312e-02
-4.946242949420478485e-01
-2.041738585967831088e-01
6.810806941536134973e-02
-4.095477083891616021e-01
-1.542018439134473784e-02
3.134294940838550092e-02
-2.560559505581387896e-01
-6.956344407189475609e-02
-2.487393980008731631e-01
5.930748457459006362e-02
-5.141688761794352969e-01
-7.125366157810564260e-01
-1.908712939027070177e-01
1.533110052575882287e-01
4.203810623923363021e-01
-2.371200471598541859e-03
4.710746351259448295e-02
-1.701714851095173786e-01
-1.524568617241583435e-01
6.256405255085930595e-01
-3.090132313961850286e-01
6.459178363254746147e-01
3.638365480294669663e-02
1.298201643349511381e-03
-2.936034764556577636e-02
5.131612324414530635e-02
-7.635844352549561731e-02
-8.553398094928338358e-02
-8.756117473512319005e-02
5.338919878103753902e-03
4.036586541634181735e-01
-1.436768612273693624e-01
-3.727843880316769609e-02
4.242137614023382963e-01
2.362745659080220106e-01
7.477429633633872474e-02
