-5.253003643785281174e-03
-1.483297317833692230e-01
-1.767051704635188014e-01
8.179184832582125919e-02
2.710697741087521040e-01
2.977430474192884619e-02
-9.530307428482470700e-02
-3.051156368577501166e-03
-4.644998179285987627e-02
3.855737348221448951e-02
3.941998875696323124e-03
-2.153919422888669888e-01
-3.582125444578779794e-01
2.722192668136088622e-01
-5.118609755275262962e-01
-3.107421774710686369e-01
5.128353497232247538e-01
-7.237363505370510153e-02
3.488379472066265308e-01
-3.995668414372223753e-01
3.870757984668703466e-01
1.509430526228072167e-01
4.581101441981133560e-02
-3.660536417202801540e-01
-1.378404605335384683e-02
-2.419341537693366906e-01
-4.351809305992791477e-01
-8.587000784696277589e-02
1.470443352243785695e-01
2.155161546214648394e-01
-1.130363348620270769e-01
-8.260198980360875659e-03
-2.655200902405572272e-01
-1.308299478731407284e-01
8.736661412885386724e-02
-2.462748551413914203e-02
1.188065341742354508e-01
-2.264860121852146357e-01
2.800846777294900281e-01
1.315213203383559515e-01
-2.644462258465967719e-01
-2.080562397854356788e-02
1.408576233271301714e-01
-2.115897378220731873e-01
-2.452318463215372724e-01
2.942497881240331292e-01
4.255557731301241875e-02
-2.433190483460098141e-01
3.121110761254002330e-01
2.971639316586675572e-01
-3.400423656577526987e-01
1.293668936243994594e-01
9.794520250057850430e-02
-6.997812253122920323e-02
7.754912736214719660e-02
-6.457028955344276677e-02
3.302685806794167789e-01
5.286790184721668756e-02
-1.941553793382102544e-01
4.780148176532331705e-01
-3.233978425012357105e-01
6.768060567853720344e-02
4.596201839679080470e-01
2.217467778840236381e-01
-3.449727469441865590e-01
-2.667480980136084368e-01
2.212799300558273008e-01
8.108486455848921970e-02
-8.342644578940380806e-02
2.636924172059094129e-01
3.076771091849399564e-01
-2.033537963316825112e-02
1.957383081527593327e-01
1.267157484461493566e-01
1.849742158091711719e-01
-1.508536366041152710e-01
-4.193191217952277894e-01
8.843226188293175360e-02
-1.105551741311161518e-02
4.874658733004563760e-01
-1.087483283481225083e-01
2.479128736438095393e-01
3.019107511829518531e-01
5.680141725482873438e-01
-1.459663758893181562e-02
-1.298402617065282788e-02
2.058667565037562153e-01
3.301251294319940133e-01
-7.251147393839872668e-02
-1.150453964328655154e-01
-1.406560295929840665e-01
-8.126700066159064928e-03
1.350026800825119278e-01
2.372521039338256477e-01
-4.397560368299319872e-02
3.256392443559035788e-01
-2.883749628756043099e-02
-3.551194023397507560e-01
1.987786958230385037e-01
-3.430485079165324774e-02
1.153996700895680710e-01
-1.568185791605047619e-01
9.678913676509977304e-02
-3.388286527347598165e-01
4.502587930435688057e-01
-1.715942546970193883e-01
1.292380083884098474e-01
-2.558070640289571429e-01
-3.689178840138255810e-01
-1.409622880841523151e-01
5.474052016891232941e-02
-8.754537089862797494e-02
5.168800520170047097e-03
-7.879956791065327593e-02
2.530288359417988686e-01
-4.963927102733310948e-01
-4.459797569584039723e-01
6.409158511339656250e-02
-5.897868606402318498e-02
3.466889637869451368e-01
3.805493767962165874e-01
-4.583601604847492572e-02
1.696416252713535411e-02
-1.800292475689235228e-01
6.062315258129859219e-02
1.165669240899208370e-01
-8.664045245852010357e-02
8.715929412827884415e-02
-2.029195397879084428e-01
7.338046471847090024e-02
-6.775862957297464073e-02
-1.365883086571993421e-01
3.514247316475538341e-01
-4.727397297813286381e-02
-8.136741745677156246e-02
-1.658422997539193422e-01
5.102665757967612958e-02
-1.747435853573860443e-01
3.295621079705027962e-02
-3.198641074506809456e-01
2.289311189922153128e-02
-4.131160398129036793e-01
1.516324366109413901e-01
-3.201426503127152712e-01
2.134035997060031442e-01
4.783868698831588578e-02
4.652891068663463081e-02
3.368000655618949013e-01
-7.842114612283541952e-02
-7.515734903337650819e-02
-3.012916783428215561e-01
-2.824644486239381580e-01
1.630111583724074276e-01
-3.524343205318174466e-01
9.787069252580822554e-02
6.136739949013410994e-02
-5.017839428497714582e-01
1.787396781050190064e-01
-9.753503553839977525e-03
-1.418507998833496986e-01
1.909930445213209593e-01
-4.078183004905282516e-01
2.815138435676531881e-01
3.666382727410643083e-01
6.782763080390127874e-02
-4.019381193113091832e-01
-1.002606252428755590e-01
2.045286635194527164e-02
2.001735162884021590e-01
3.635183193557355863e-01
-1.181846394647960707e-01
-1.857411390709055032e-01
-1.280375886234214056e-01
-7.746900784167003173e-02
-2.118348350452431139e-01
1.386737590269710441e-01
-6.775587551788789242e-02
3.841734330074378923e-01
-2.111497694592643637e-01
-3.733235551009986830e-01
2.217426814235675392e-01
2.819220432854487313e-01
3.356508510779335763e-01
-6.487797700006447954e-02
-1.184804961070070051e-01
3.478072686806909508e-01
-2.260860729598254681e-01
-1.179300986883138336e-01
-1.985233847139781377e-02
2.675709447260279372e-01
-4.336351131769168588e-02
2.187569153954407875e-01
-3.498992388676485654e-01
-6.726871743604675991e-02
3.234866808160580809e-01
2.579039154447765325e-01
-7.957911079607921101e-02
1.769485191678789315e-01
2.197315883665469302e-02
6.535084820688910612e-02
-1.144948602108778468e-01
-3.280560961049914237e-01
2.281097064897988635e-01
-6.076877823392538847e-02
-2.092002225339587851e-01
-1.479180926635113302e-01
4.017571789760958356e-02
6.791378339239839690e-02
-1.138694851802057317e-01
-4.352885543619098296e-01
-3.407769974252321532e-01
-1.894357945556396361e-01
1.095536244821423283e-01
-1.323185069927527990e-01
1.712591924221745776e-01
1.240623583618572501e-01
-1.295030014038115462e-01
3.047563086223685491e-02
4.148063570839308767e-01
3.574270577889490097e-01
8.604569713549975463e-02
-2.748214113651654134e-01
2.419195453730347417e-02
3.137335715607350584e-01
2.487980108455860040e-01
-1.675350337167992032e-01
-5.585342655365960196e-02
4.447804858901155400e-01
4.087077120086293203e-01
-3.676222542123134263e-01
9.891210457457537408e-02
-7.887179503237640166e-02
-5.650429527448933009e-02
-1.909910535770010798e-01
-1.030274754277574201e-01
-9.728549294791499769e-03
-4.497167287114524070e-01
-2.780724638864591203e-01
1.166036248465231462e-01
7.843174309853737092e-02
-5.853748805955665269e-01
4.640032403958284368e-02
2.216839932708970506e-01
5.038269635230507859e-01
-3.117143684410721843e-02
-4.852945412793121527e-01
-2.096014814200994891e-01
-1.804737579388577262e-01
1.193228960636448788e-01
6.485255527207836601e-02
6.271701792232551309e-01
1.344938030388844429e-02
1.412030746089811828e-01
-1.332547694628856937e-02
-4.687978461776101669e-02
-1.566960324207900546e-01
-4.617538498017124127e-01
-1.489156880615139233e-01
2.412029672989527973e-01
4.654445502451276528e-02
5.846807727265128374e-02
-1.038242694101748631e-01
-6.047733261033698404e-02
4.334017967506398339e-01
-1.583406048325382565e-01
