-3.776613099286686703e-02
-2.349379902010238427e-02
-1.341394564199320794e-01
2.189646098543014396e-01
3.258584531661294914e-01
4.193192943269561518e-02
-7.080146638330814257e-02
-2.066949440307658259e-01
8.415824176032213333e-02
6.551945486907864713e-02
4.602019319768075462e-03
-5.935021387796253489e-02
-2.087389015796926039e-01
3.164052380719354352e-01
-2.396344813831794429e-01
-2.870123723661069937e-01
4.586569986652900832e-01
1.467992510563859709e-01
2.753704444298881726e-01
-4.310288546242612151e-01
4.352436765349587677e-01
1.047297571137553035e-01
-1.060105002983466882e-01
-3.672291270055392243e-01
-1.300132564079301695e-02
-1.698329223390315779e-01
-9.466606598450011401e-02
1.309862349871315224e-01
1.543749648493394633e-01
2.801329791080111598e-01
-1.163102926726188591e-01
-2.157378201583513150e-02
-2.141747229318526347e-01
-1.362923788087327392e-01
1.573187043536868890e-01
1.440621595573546299e-01
4.064343383841906299e-02
-2.325501342495544799e-01
4.538348109452813306e-01
8.830023106758425055e-02
-5.026955123853354968e-01
-2.267827864153425590e-02
1.560557562340184889e-01
-2.429571719969464971e-01
-3.707630105527645048e-01
2.892175589104404310e-01
-4.250439641846077976e-03
-2.418064948062839670e-01
2.655880832937118075e-01
2.618095487878004390e-01
-2.850499624437210500e-01
1.518436597120937370e-01
1.404369678370930852e-01
-1.019656587736042785e-01
1.003662136034062652e-01
-2.350259046045753697e-02
4.517168033360895452e-01
2.795239490571683680e-02
-3.192332920239755456e-01
4.520721008019431553e-01
-3.010874239397442476e-01
-7.198971875305142792e-03
2.999565026344413465e-01
2.972525212085018742e-01
-3.569428650877992104e-01
-1.299275147410363651e-01
3.228848497577257448e-01
1.380041792272087078e-02
-2.250569832740856313e-02
3.690641869017455279e-01
2.856326412884004351e-01
2.212730478326595251e-02
2.079311259134277168e-01
5.687989704151787951e-01
8.884708168194303812e-03
-1.898643451945593030e-01
-4.783933285764604970e-01
7.858405670878045035e-02
-1.510756353326424273e-02
4.829255266416357384e-01
-7.723997652210212728e-03
2.413646802116908852e-01
1.215903134748755332e-01
6.074068624516970605e-01
-1.495571999600019963e-01
-3.459596956179309540e-02
2.120336561070756964e-01
3.241398004734757921e-01
-2.551765518779301051e-02
-1.205915383557836368e-01
-2.600705114946395557e-01
8.343368358501614124e-04
1.596704487922406823e-01
1.599292939286473536e-01
-4.907941243406482856e-02
3.711151665454639481e-01
-1.981459143058877242e-02
-2.684133510790705501e-01
2.018615557674707239e-01
-2.000969588446862429e-02
1.958060909319641052e-01
-1.990218921645244554e-01
3.107025706338192306e-01
-3.013268790517008577e-01
3.807860582453216347e-01
-1.885204667065938922e-01
1.496272804795817368e-01
-3.815949998969691004e-01
-3.589998135782548339e-01
-3.074652727981952438e-01
-1.108260643706502069e-01
-7.643884169657272354e-02
-6.846107762745846925e-02
-1.312267586631380156e-01
7.685544573028529891e-02
-3.900127874799371175e-01
-4.908289271646801288e-01
-4.253168708284360555e-02
-4.457272547775312233e-02
7.707871607614509291e-01
4.267745572782690178e-01
-4.428251170329873532e-02
2.279805978816921291e-02
-1.843004765653210586e-01
4.723606968455441174e-02
1.339215806231647821e-01
-1.742026398905560658e-01
-9.520574830032874081e-02
-1.366268474622859275e-01
1.519509631662162852e-01
-7.717814596037411712e-02
-1.628068352120174977e-01
3.439222501226890660e-01
-7.153110955465373511e-02
-1.049957402572684884e-01
-2.097832730985947081e-01
-1.985478837738472585e-02
-2.522898623836568599e-01
-9.388525946217064766e-02
-5.877940230437272984e-01
-4.956973191411062282e-03
-3.913906624753987762e-01
1.052887366927709178e-01
-3.231461892486318099e-01
-6.084489937845784235e-02
7.371802768264909544e-02
-7.138976672891553243e-02
3.901689590987622025e-01
6.270809993957965345e-02
2.400295109761120260e-01
-4.075528382215045653e-01
-2.858413349196159414e-01
1.004378796608269842e-02
-3.133764530002162707e-01
4.604035734684261416e-02
1.287513341371740172e-01
-4.719418579284898052e-01
-3.247172313205305694e-02
-1.081425375673146505e-02
-2.944396933232122926e-01
2.989702448947009761e-02
-3.359418927980991620e-01
2.810805836197300955e-01
4.412417855347471884e-01
4.796980636287931365e-03
-2.441999317795158775e-01
-5.745336020445319242e-02
2.388530855660334420e-02
7.894661381479628481e-02
1.572048913435670492e-01
-7.512181043601647012e-02
-4.042868509385205006e-02
-1.312788576562471110e-01
-1.239639924823749684e-01
-2.599408460116096053e-01
1.724710555346467000e-01
-1.136788511391580297e-01
6.292390551501397811e-02
-2.083593820929960927e-01
-2.360293025188654470e-01
2.354007422830187712e-01
2.021436516610994327e-01
3.323030002986188114e-01
-3.504052986093389443e-01
-3.216614060381743634e-02
2.039014721899851390e-01
-3.627165492488044762e-01
-9.449403952701614096e-02
-1.251032430345220062e-02
4.077147222272211602e-01
4.588975082326175042e-02
2.562229064267493861e-01
-3.246892342259825037e-01
-1.244640346581646004e-02
4.214083111348794208e-01
4.257897510012544351e-01
-2.632509807467436347e-01
1.307150587951596554e-01
1.856174413612750596e-01
4.492722034889235633e-02
-1.156066732455847262e-01
-3.465053940547916378e-01
-3.305949737241332953e-02
-1.273500880515070210e-02
-1.677869819231316284e-01
-6.695228026099314667e-03
-9.149512891604417997e-02
2.447516419013843203e-01
-3.331538976168203769e-03
-4.238737531262950498e-01
-3.362582204182071877e-01
-2.358305291595976794e-01
1.648186502603013470e-01
-1.520899750468292233e-01
1.981818360207816543e-01
1.210928992245511315e-01
-2.664947349911568342e-01
-1.943016565656824068e-01
2.851928889158105163e-01
3.799726827984186150e-01
6.342116145840778763e-02
-2.787058424327534256e-01
-1.372127683686558998e-02
1.462774771600125479e-02
1.924436766977865310e-01
-1.432541485945686976e-01
-1.309471822266063123e-01
4.788694086725769905e-01
4.799230229928326263e-01
-3.355486439997381609e-01
8.476840704902596779e-02
1.170498111164531771e-02
-3.154813784147604272e-01
-1.978163716407740358e-01
-3.696856851380202202e-02
-3.012787944706147858e-01
-5.983414750290612094e-01
-2.934632648520366649e-01
1.072300041708401652e-01
7.516733077747540792e-02
-5.656713771491838072e-01
2.520360578235966709e-02
2.491533126720378855e-01
5.290825404018116851e-01
-2.580081090406614874e-02
-1.603514839067249897e-01
-6.012614217295071395e-01
-2.855688178718889247e-01
1.979390661547881236e-01
2.216451693015340785e-03
7.604513333225018101e-01
-1.437116393209609544e-01
8.903664957389487156e-02
-3.490212152573456128e-02
2.527343633854072652e-02
-4.965087815461124293e-02
-2.650574675007839054e-01
-1.385657689864608355e-01
2.129481803958329644e-01
5.218597024632073283e-02
8.161789925115642275e-02
-1.557222456544688216e-01
-7.696622393261555450e-03
4.515361335616386307e-01
-2.603323881911472903e-01
