-1.805659636053695005e-01
2.630924758492697579e-01
1.021994090066682126e-01
2.148949214938757069e-01
1.204422465037466722e-01
-1.556068631198389007e-01
1.468620453337437237e-01
-2.420527962137275502e-01
7.235428499557423621e-01
5.353720186174859563e-01
9.595958678816331189e-03
-4.693503655241771932e-01
-2.759920463312722783e-01
-1.856060418686071301e-01
3.766697176540866332e-01
-3.261738372192659607e-01
3.001017182093849156e-01
2.259214926808039425e-01
4.978567788478902578e-01
-3.394811673368525184e-01
2.376651033543524527e-01
2.063086502556910062e-01
-1.877743498037464098e-01
-3.773889441521148802e-01
-1.365010474504608773e-01
-2.255537607274495648e-01
1.332553588368177722e-01
2.911245107697958967e-01
1.179078119348923315e-01
6.095424246775007493e-01
3.323343626912908522e-02
1.609870892722229385e-01
-2.406218889365447922e-01
3.661783756802636791e-01
2.113507010855863177e-01
1.456000757051247319e-01
-3.370533940204258755e-02
-9.871800506925389185e-02
5.594684183215924422e-01
-1.787946688253360533e-02
1.507682473582133142e-01
-2.747976870642013236e-01
-4.219549023297908263e-02
-2.990130008470957002e-01
-3.180897736478095483e-01
2.592686503477282800e-01
6.760021090728955684e-02
-1.894444941018734452e-01
4.270356104340953252e-01
4.505936403129853218e-01
-1.799389865038982239e-01
3.681068387340435261e-02
-3.052960977504384082e-02
-1.321849776100790796e-01
5.146061543709848918e-01
-3.017700246480541915e-01
2.115283765849937936e-01
-3.367687202433621296e-01
-1.664154639013101789e-01
4.468699291503215321e-01
-3.056493848834258842e-02
-2.090849524357469569e-01
4.142638232891401873e-02
7.549426083141239086e-02
-4.193895310432959600e-01
-1.314816831762093685e-01
1.175723342609400202e-01
-9.617656286054794557e-02
2.949829067628075840e-01
-6.165895553146411717e-02
-2.160067139213715515e-01
1.835220775876203470e-01
-2.421507585075870217e-01
2.136244609699753383e-01
5.317639486716932984e-01
-4.851712816636144510e-01
-6.568745357588588740e-02
-1.322130331043195328e-01
2.892579032255190863e-02
9.337232697623147615e-02
-4.177588227083395278e-01
1.478545530305285238e-01
-9.444804130295995914e-02
2.588620463784127024e-01
-1.669841611367124390e-01
2.090415810636976346e-01
5.756730937872736042e-01
-1.486779126348038715e-01
-3.029925466488900820e-01
-4.675881827660275381e-01
2.722811122248881555e-01
-4.144902067014217262e-01
1.555697052891276133e-01
1.635036842722052686e-01
1.101531359621869821e-01
4.573013269494508037e-01
-1.877039653221808657e-01
1.209600752478728891e-01
-6.551463641308055696e-02
6.395470282331830458e-02
2.580267627392718310e-02
-1.492052531534547866e-01
5.240163601777299007e-01
-3.329343986504094133e-01
-1.145511678046235715e-01
-6.962129444170163384e-02
4.325625122903203890e-01
7.196092338519098630e-02
-1.458063185555524277e-01
-2.767625914307562107e-01
-5.833562634157050952e-02
4.499493218238974357e-02
-4.403134844751876997e-01
2.788531887125207942e-01
-3.176441644498201322e-01
1.824202211714750776e-01
2.656481893086368729e-01
9.417475872016026900e-03
-2.535174104233258174e-01
4.719192243092394934e-01
2.835807136687304997e-01
9.410895636807173337e-02
4.025865180463468196e-01
-2.316297587951691717e-01
-3.279606477957602850e-01
2.375456247982547786e-01
-2.917863762491794133e-01
-2.736218015744297238e-01
-1.225449380805372079e-01
5.433558160909993662e-01
-3.680408936479079851e-01
-6.689843571791245780e-02
3.497889017972015679e-01
-3.439503853182920290e-01
-3.349203117108771888e-02
3.503331397200028230e-02
-2.492076688470518109e-02
1.032141351219585668e-01
1.678256141252521261e-01
-3.235636775513309193e-02
-3.401833536513108186e-03
-2.759129018131923905e-01
-5.850103820763991047e-02
-4.273234249150642539e-01
3.553292229543331682e-01
2.991154109204481326e-01
5.925062695144839298e-02
3.719247228910396719e-02
2.090444764386789334e-01
3.110385293526554129e-01
-3.206338345616246421e-01
-3.090203706403959472e-01
-2.214197712605117663e-02
1.748287827021462459e-01
-3.644117466738217015e-01
3.331777239163861148e-01
-2.197495322122945960e-01
8.899954160101278267e-02
-2.060581965459545584e-01
2.655616887894424183e-01
-1.215799273989775359e-01
-5.412452209062017516e-01
9.748617460463167295e-02
3.593229417440907403e-01
2.640452976163017995e-01
1.172505802309776746e-01
5.025070724465110494e-01
2.677628621517141871e-01
-4.673351852139850937e-01
1.435088049841909408e-01
9.998964736333217085e-02
1.804868517089425195e-01
1.527445255624690912e-01
-2.220341616605619184e-01
-4.664624979113610181e-01
3.936806264283259083e-01
-4.048083529928557800e-01
-1.950866630117147615e-01
-1.385041818756613530e-01
2.249960514068951589e-01
4.170228165303854206e-01
-2.823029865046207121e-01
3.880127185425125691e-01
9.893283878001334075e-03
5.681378138521469001e-01
2.579711001943530979e-01
4.347797630587585394e-02
-3.857726405428479888e-02
-9.335095984594950214e-02
5.146061438327949045e-01
3.050133962947426669e-03
-1.259614272262842283e-01
-5.457279777621464045e-02
-1.094816020653481964e-01
4.869220485137308319e-01
-3.328129434052112812e-02
1.060111950390599939e-01
-1.451895666365838888e-01
3.799192444093433263e-01
2.056040913016516924e-01
3.204816520210141961e-01
-6.928844291870406291e-03
-7.077617282041270830e-02
-4.440336454955671197e-01
-2.943242055858660278e-01
2.116412184864666646e-01
-9.317290749800863359e-02
1.508828859552508173e-01
-4.871038822825173309e-01
-7.416245040110971964e-02
-4.623152818698782474e-01
-1.554998078883466639e-01
8.412529844353497377e-02
-2.004448232130037755e-01
2.801788504110503952e-01
-1.094186832222553835e-01
-2.205220399322523062e-02
-1.444575464216081573e-02
2.380162452403947193e-01
5.373689519119175806e-01
-5.550538026292957117e-01
-4.165686235298281526e-01
-6.993571602434853207e-02
-1.328970499998035903e-01
-2.085667942787821638e-01
2.107599733045413259e-01
-3.025289203363655810e-01
2.103221970610466007e-01
-1.432163241716834928e-02
-4.959408955716166911e-01
-2.604349935662072513e-01
-3.245194570762335862e-02
-4.623993222098904399e-01
-3.466534873707274866e-02
3.975461037037167356e-02
-3.015582350380575649e-01
-4.947894953564131726e-02
-3.054923213167827778e-01
-1.790488962302913545e-02
-4.685854234260259932e-01
-7.632322680210561483e-01
-1.464122277975164477e-01
2.090517263925820990e-01
4.005568284921585676e-01
-1.683686089980842016e-01
1.781626879759671545e-01
-2.345335564972024223e-01
-4.773490025543315751e-02
7.390764114200576440e-01
-3.977228191285162584e-01
6.622341399523354877e-01
-3.130029691827462823e-03
3.344153028218186524e-02
-1.158336016812028108e-01
1.112180980179122564e-01
1.906361737893569330e-01
2.408747301235696081e-02
4.167693310656922501e-02
7.709383119129670225e-02
5.399090914077074865e-01
1.858132073421163433e-03
-4.889523740089962017e-02
4.907523921416634405e-01
1.878941530911256153e-01
1.253791188142040491e-01
