7.759602822510520692e-01
-6.517023302766267179e-02
-9.892891920070949752e-01
8.393997012343183961e-01
9.714197795589134543e-01
5.662282319302169853e-01
-8.570290673123284186e-01
-9.022183196777679992e-01
6.688461195326667053e-02
-6.333258777909231974e-01
6.878762684584167619e-01
2.197843336802101089e-01
3.657951687487310810e-01
5.725119386390358223e-01
1.817778177706625975e-01
-3.351857999647882558e-01
4.180876412947658327e-01
9.287815436391178014e-01
1.115638908838569865e-01
-8.042577794996883522e-01
4.458417737766482425e-01
-1.698342624791893130e-02
2.401692737576099912e-01
-3.428221034554526092e-01
1.730799534767810677e-01
2.903718667820505139e-01
-4.668134553762255390e-01
5.600614419160978574e-01
-6.795744521181352749e-01
-8.744161093180049527e-01
5.373194674417367533e-01
-3.154163419003406243e-01
2.646233258702894720e-01
6.923616615688055198e-02
2.144320691872156903e-01
5.782021576418174824e-01
-5.614904116741055162e-01
1.033447337703981006e-01
5.912418501207723498e-01
-3.744228968896616827e-01
-9.847325362837153762e-01
-1.132213237271271211e-01
-3.870780204110182421e-01
-6.958942825930392040e-01
-5.627652891065519913e-01
7.317895360004562644e-01
-2.506417683633987981e-01
-9.655990003025609614e-01
2.679065993122871081e-01
7.857144790404757551e-01
-3.013243140063264214e-01
6.952250749169945898e-01
-4.820477480240563661e-01
7.095223479261028032e-01
8.787078679365296630e-01
-5.286128128039078167e-01
7.247941690413526317e-01
-2.283246094338804433e-01
-3.452278186354580392e-01
1.058988921659675952e-01
-3.876534201476031782e-01
7.547060872490833905e-01
4.565438469096334551e-01
6.500149647489634752e-01
-6.209556155679889500e-01
-2.775096143156576822e-01
4.136563215920978642e-01
-9.769718260068964710e-01
-3.582591925082700968e-03
6.914396334518164711e-01
-5.217819975261113186e-01
-2.156350974915379748e-01
3.904264553700320661e-01
-7.803765251100380773e-02
-2.381184193194416654e-01
5.103782754151269252e-01
-7.776444950278398327e-01
6.208796805989080791e-01
-9.917378434642754037e-01
1.810019261165103366e-01
-2.427603291845867872e-01
8.677598052029893427e-01
4.819401140058157118e-01
9.588760858754044047e-01
-8.979263325699953224e-01
2.524959250361193952e-01
-8.958293723766979078e-01
7.994952156800883003e-02
8.923342720501226122e-01
5.816600521492201192e-01
-4.835092681301229600e-01
9.823718590398982098e-01
-5.655927415660533253e-01
-3.800292579903175039e-02
2.447308021083705043e-01
-1.200149398436929360e-01
-3.942900534041422489e-01
-5.961404135738783694e-01
9.683302082256999288e-01
4.310411310451949252e-01
5.753125607236766470e-01
2.037261060957646919e-01
-6.092307395253981905e-01
-9.292675131644889674e-02
3.157143351567912593e-01
-7.326020118279297222e-01
5.950521034839248991e-01
-9.744486727560219830e-01
5.092643467070554486e-01
2.975293039443851484e-01
5.664660868587763076e-01
-3.166765589495197375e-01
-4.162600384876440351e-01
2.794768101914371083e-01
-1.760076881578962471e-01
-3.525316878225670525e-01
-9.464522426814521161e-01
-5.811776249743065836e-01
3.379824148540069295e-01
7.165410800528460022e-02
6.461000457463361712e-01
-1.074841520134592887e-01
-9.054303447268123861e-01
1.623960934622958874e-02
7.698466239072401240e-01
-2.113084529099134024e-01
-8.062883158837410580e-01
5.339665869886929261e-01
-6.565281604908295154e-01
5.872213094441596226e-01
-7.855414098865785011e-01
7.555923070013657039e-01
3.612198244207698306e-01
-8.719945899703462899e-01
5.501445373767843705e-03
-3.413924799376841790e-01
-7.136252484771397064e-01
-7.476403560378175328e-02
-6.262132194526814910e-01
-9.617143530015042074e-01
2.207483086349446566e-01
-9.342671448004888912e-01
-8.424065500709989607e-01
-6.420348316826349766e-01
-2.084093673552511738e-01
4.684922640069999478e-01
-7.584783398694572298e-02
9.339579337210945909e-01
5.637517708916035541e-01
1.871923416515950400e-01
-8.141362334595589889e-01
-5.980043396393301958e-01
-6.078290681409661556e-01
-8.475940630019926925e-01
2.626168567447841884e-01
-8.584250730412874564e-01
-4.952490860707330356e-01
7.242616520732512164e-01
9.587051239363073574e-01
-6.917882915703184032e-01
8.946666967692706862e-02
6.019004800495728613e-01
-6.211239064339602045e-01
9.437314011710864481e-01
-1.273924821527172568e-01
-4.419446330120901933e-01
-5.462253705182136265e-01
-2.907525094412004574e-01
2.987231002439501015e-01
5.087229526898628951e-01
-1.154330913776249190e-01
-4.448287629931257925e-01
1.043320975516017768e-01
-8.041576739580853506e-01
9.232193587075232521e-01
-1.145160373061961945e-01
6.217869655625218872e-01
9.931333455433937196e-01
5.941115695914045425e-02
-5.364382950096069358e-01
2.294993712424937549e-01
5.544503395672073509e-01
3.616240419035603448e-01
-8.957904417892628146e-01
2.124509965257483923e-01
6.444730323090666069e-01
-6.288283949936845918e-01
-6.833042800254229832e-01
5.192489702417781849e-01
3.784993344287819195e-01
-7.016123617879677088e-01
1.588714333844443161e-03
5.190634605219484055e-01
2.985861041585096132e-01
7.582412394179527393e-01
-5.584208422448175835e-01
-2.421820659531959130e-02
8.259962345289917351e-01
-7.918116334229452491e-01
-2.218881543121056232e-01
-7.929678264856352410e-01
-8.461733238615376518e-01
-5.375316758021611019e-01
-6.409656640876590927e-01
-7.734336737136531248e-01
8.436055862270468442e-01
4.808163416269730650e-01
3.680918028681845477e-01
6.127122613141329222e-01
-1.185356993548554172e-01
-7.955234169078979622e-01
-5.655399939258327624e-01
5.537788441676945173e-01
2.452084926707831514e-01
2.605731655930443313e-01
-4.911869245247517668e-01
-2.860224990583579707e-01
-2.247562639130686879e-01
5.982230382993549700e-01
5.505798406378796805e-01
1.159020928142293627e-01
-9.279454124330939191e-01
-3.955589582612493160e-01
6.397934407273928592e-01
9.549144788390155902e-01
5.870081118050103353e-01
9.856010045039160783e-01
7.151856344162335066e-01
4.726775982617503757e-03
5.258980528426548950e-02
4.872164476679690104e-01
7.122345057745198549e-01
-7.824654632123952958e-01
8.691644129258178086e-01
7.987767598608430664e-01
4.088589494615024744e-01
-8.743721842522098608e-01
6.891721867146696212e-01
1.985529244231247770e-01
3.197969679672398868e-01
-9.791472315911144975e-01
-7.093312056588210179e-01
-1.061467335234622666e-01
2.730529787024038590e-01
2.381008128757178266e-01
-9.374850192031727314e-01
-9.754003403420594687e-01
-8.194440153224582524e-01
5.115795698327207930e-01
5.185028946192016264e-01
4.009118807592979561e-01
9.498193850798319904e-01
2.214302882404988182e-01
6.788526355707173998e-01
6.818684617653609781e-01
5.375397887951705034e-01
-3.832677456812314531e-01
3.950149855740545668e-01
-5.067674723389745672e-01
-7.111961362103029760e-01
-2.789780538168251667e-03
-5.260926628312567743e-02
-6.767264368202425828e-01
5.517523479494599314e-01
-2.561102016690652849e-01
