-1.823362473552136986e-02
-2.493035788088531213e-01
-2.951854136978875331e-01
2.395357278662401113e-01
5.991552523174463740e-01
2.282508603626929866e-01
-4.236148104291281302e-01
-1.721639214607093571e-01
-4.813828854989287698e-01
-1.181872187282414499e-01
-2.145770849681055692e-01
-4.605482390060883224e-02
-3.195594380492421949e-01
6.564387582089292739e-01
-7.050400071484189679e-01
-5.265434692395790650e-01
6.476398634295910117e-01
-1.951399863201030982e-01
4.497016491805860272e-01
-3.989301142986692028e-01
5.871114077480412696e-01
1.718911675656354388e-01
2.908588424011661067e-01
-5.999487215124681416e-01
2.502897363450998225e-01
-2.512659401806432435e-01
-8.769158360485721504e-01
1.467242101695372392e-01
1.353051261865364507e-01
1.078407765199658752e-01
-3.534286332396134878e-01
-1.808502470747483659e-01
-2.503379950381429131e-01
-3.470834918525030899e-01
1.265923017901222081e-01
-6.773423344940049384e-02
2.043845708749926493e-01
-2.476643052634978637e-01
2.410227883000005678e-01
2.306907457165714437e-01
-4.957770104731954453e-01
2.918548006953466389e-01
2.576315807343064757e-01
-1.825578543142238330e-01
-6.138167263370166715e-01
3.796469218424721737e-01
-1.325336100690842067e-01
-4.147955702512023946e-01
3.904732498267724505e-01
2.527090340429576920e-01
-4.431794239091574328e-01
2.509077298122812660e-01
1.619400750862645677e-01
-6.292331522997529625e-02
-8.077768034230514704e-02
-5.241184314213115369e-02
4.968014603013576336e-01
3.668860339610923726e-01
-8.094606444471583173e-02
6.523739103923619220e-01
-4.604887336209423365e-01
2.317456706992163107e-01
4.153021915436094225e-01
5.377776671322942459e-01
-2.105178715374149689e-01
-4.128977301924434129e-01
-3.364849914319067992e-04
2.672774992528665350e-01
-3.197892007500806044e-01
6.247896148286083973e-01
5.583085311479283330e-01
6.703368990045277531e-02
6.015544882579895170e-01
2.310012588844684300e-01
-4.458193263430110242e-01
-1.896814280791939145e-01
-7.857955361783970361e-01
3.790986936668674923e-01
-7.124854162340993335e-02
5.414606377454209696e-01
-1.070345130386893273e-02
3.569635924028038421e-01
6.688086824409376074e-01
8.579305529883517467e-01
3.112526833196042619e-01
-7.419536055128828078e-02
1.053477351821101582e-01
6.760293701829358515e-01
1.061944413690079081e-01
1.379581950033849647e-01
-5.301271797661597507e-01
2.003354673343982206e-01
2.217332179777691814e-01
3.118878672464007185e-01
-3.013339932359021534e-01
2.035867112352619801e-01
1.098616096935473019e-01
-5.126037921356445537e-01
3.776945488357325020e-01
-2.524873486862435623e-01
1.364470673315387184e-01
-1.317977084013832734e-02
-1.358253117925607156e-01
-3.798946505810913976e-01
6.617572291447635369e-01
-1.981978919013797635e-01
2.667765869605664975e-02
-6.436260932871045171e-01
-5.529228059459270206e-01
-4.536196197534325680e-02
1.947977304522293118e-01
-8.013128627460591735e-02
5.762125461615202893e-02
-3.257346584104415799e-01
4.801710356759616993e-01
-5.139721860502486361e-01
-8.678679871542717139e-01
1.454654776788676385e-01
1.429049943666865774e-01
6.746706157137032367e-01
6.021878367251144448e-01
6.075999799166087456e-02
-6.545121408548276731e-02
-2.415236239803889018e-01
4.676258856332156100e-01
-9.068643849404606216e-02
-9.887127422975278135e-02
1.211395514311373600e-01
-1.955940653782960448e-01
1.148140725486246350e-01
6.114363079878504248e-02
-1.507134192585912469e-01
4.277759964150710803e-01
2.592336326875366304e-02
-1.817555919807010700e-01
-3.545624910327204726e-01
9.359087213029010366e-02
-2.625437976025959963e-01
-4.667317073904789226e-02
-6.219217548935531692e-01
-8.008857824492804367e-02
-6.578178435386723422e-01
3.730315690415987873e-01
-3.895809595201835118e-01
-4.903307800607433764e-01
8.824546751763356900e-02
9.171856689164981091e-02
7.044516077141389498e-01
-1.276463457768073351e-01
3.313992632532037907e-01
-6.848977929406024900e-01
-3.241289728676043924e-01
3.058598384655848434e-01
-6.256280976614776446e-01
1.173208179930212980e-02
-2.277970458218513405e-01
-7.846048644031007324e-01
4.776521503120811918e-02
2.280160212318019242e-01
-2.422170121835108270e-01
3.341779078546428527e-01
-2.124335725820714615e-01
4.341239694814142958e-01
2.415669083553984575e-01
-1.487912467691083207e-01
-7.957578204003608047e-01
-2.739601587387395787e-01
-1.322484221182100017e-01
6.332630355192992999e-01
6.354034093803273553e-01
-2.199048756608737443e-01
-1.178980133314895817e-01
-2.862782304948965351e-01
-1.841538116322821161e-01
-1.697317017150916096e-01
-2.614560372278917910e-03
1.063322630344201158e-01
7.823506965089235266e-01
-6.625160691831315229e-02
-6.200496455930748496e-01
-1.379652936845922606e-01
6.288172760809317419e-01
3.795147316028684159e-01
-5.908246951214413123e-01
-2.287860157781585746e-01
5.787680794539606932e-01
-3.559118861125237787e-01
-5.400326397541377332e-02
-1.202718017559070152e-01
2.959065128441679682e-01
-2.575586612564445543e-01
3.096511410364912731e-01
-5.301663875713314988e-01
8.121165240712102662e-02
3.962286536166498285e-01
2.888571222464365595e-01
-5.550362285640836335e-01
3.551576139546413491e-01
-2.050278837047339042e-01
-1.195778238283433936e-01
-4.153498620496267058e-01
-5.383973146519134279e-01
2.435657882462426982e-01
-2.473321869658938188e-01
-7.843882996435863619e-02
-3.716813577187118023e-01
-6.102820130435415713e-02
-3.143276094611952010e-02
3.916957858691683114e-01
-7.508008464278730365e-01
-6.732458625913120276e-01
-3.178844768966958556e-01
2.183164408572521586e-01
-9.302366852740451275e-02
9.748839145731003075e-02
3.823904909909138228e-01
-2.444183675078315243e-01
-2.684083426388017557e-02
3.673407345682273006e-01
3.091103634648190157e-01
6.154702285298756514e-01
-1.786311749281059569e-01
1.370163904349109008e-01
2.063124080021330742e-01
5.357126888939861553e-01
-4.252327481029987699e-01
-9.009143472502956218e-02
6.250035459123699511e-01
5.625261360573501346e-01
-1.777512179944497062e-01
3.900084545272800018e-01
-7.864267021592485918e-02
-1.822436793082166107e-02
-3.105164730362048320e-01
1.077978582140853847e-02
-3.841911002189134505e-01
-6.027135188969356960e-01
-3.230154828392013400e-01
4.087041274938610358e-02
5.317012852498682607e-01
-6.076182083344894291e-01
2.261815573048879258e-01
3.406357869837020047e-01
6.217149955034201314e-01
-1.018690146640743865e-02
-3.549104112100093245e-01
-6.176163714089498713e-01
-5.277642466116569953e-01
-1.732577918559586316e-01
3.473160131832535580e-01
6.601391219022820778e-01
-5.890078144124080706e-02
2.025831249228399744e-01
-4.160808631301055049e-02
-2.874545944604159908e-01
-1.454587294988685109e-02
-5.448665600989321955e-01
-3.195286254870436382e-01
2.664295991027924582e-01
-8.068851262633403021e-02
2.255112519209678812e-01
-1.488267122802809372e-01
-3.777950632491435812e-01
6.260976020814197351e-01
-3.799863111825072526e-01
