-2.649709468441058258e-01
3.923612498270356297e-01
1.759802399142485485e-01
2.582446585614035506e-01
1.643812249186415164e-01
-1.188087337682400269e-01
3.621301949777355200e-01
-3.403171302424838895e-01
7.769491389845062379e-01
5.899389951543125843e-01
5.953555384897195324e-02
-5.318580466471436452e-01
-2.889757077347298031e-01
-2.184707017807534790e-01
4.422329870166796795e-01
-3.066326037700912721e-01
2.729755613097996081e-01
2.369166332294018740e-01
5.097449568141978471e-01
-3.459595187153609031e-01
2.814128804622484936e-01
2.184193801159872439e-01
-2.449203514879628729e-01
-4.991446077162655093e-01
-1.569289541383638020e-01
-1.808491215902741645e-01
2.310936404323396254e-01
2.430443365329948147e-01
9.633116243433059722e-02
6.047021650851018837e-01
9.308614351748734084e-03
1.499768930086746999e-01
-2.723156578672996098e-01
4.027483006125240905e-01
3.001909012087601303e-01
1.780183110395140711e-01
-1.119504019279810719e-01
-2.477845577056328463e-02
6.191523852608424860e-01
-1.460277165492991913e-01
5.105456444305966901e-02
-4.027873560133161113e-01
-7.766228586382240007e-02
-3.388304372742256820e-01
-3.299602166019599547e-01
2.018470986759365038e-01
9.961835231028309812e-03
-1.147363130169389289e-01
3.349155240014161650e-01
4.452985572225952593e-01
-1.878765375824361095e-01
1.517531921607491452e-02
8.604712012845600055e-04
-8.318772292231385590e-02
3.280939660836724170e-01
-3.051464244530893710e-01
2.075214821112120744e-01
-3.662732352606486996e-01
-1.875757984855380700e-01
4.499279214189685350e-01
6.999337178972944717e-02
-2.977568295817073496e-01
-1.881763779169889350e-01
1.244008773487868674e-01
-3.674912806803207754e-01
-1.228413893955021124e-01
2.006192864387076336e-01
-1.603923614332865843e-01
3.319472133304472439e-01
4.253004878489775875e-02
-2.185462397394237477e-01
1.925375397670615607e-01
-1.560000325315533121e-01
2.070602987282300633e-01
6.110721309608520002e-01
-5.134651283707030167e-01
-1.780774585705025559e-01
-1.197388451140207338e-01
1.307509949415734396e-01
1.105381143815893641e-01
-4.962227633593646048e-01
1.496216027343684196e-01
-2.073413065007819467e-01
2.413479265851681821e-01
-1.443710583731193375e-01
2.289987378323557476e-01
6.237954924498010367e-01
-1.815021906537011842e-01
-1.743984238654792407e-01
-4.930588805792852636e-01
1.975334652574704253e-01
-2.722745890001393443e-01
1.294103973323833257e-01
-6.204660952287860409e-02
6.356430277395176687e-02
4.489750518239879473e-01
-1.866637595070625710e-01
2.232401465779919048e-01
-6.696856427905045761e-02
1.147420422554836367e-01
1.038933723847997870e-01
-1.720444261863758040e-01
5.469830985364306786e-01
-2.796365500015368655e-01
-1.127243832905528986e-01
-3.155738808821637043e-02
5.092311652599919025e-01
4.531104017083872892e-02
-1.825520312229178543e-01
-2.424087317586261503e-01
-5.042765586642199843e-02
-1.364994985435716290e-02
-4.420064579722337017e-01
2.909393417609270616e-01
-2.808880433707861557e-01
3.071531955800242408e-01
3.114359787715921257e-01
3.226690198515149571e-02
-3.165585758884830181e-01
5.065443738283870179e-01
1.298932476631278754e-01
1.181427165705886267e-01
3.663139251522170015e-01
-1.803774055414652244e-01
-3.195204349132942934e-01
3.204467703754040886e-01
-3.594080024629162096e-01
-4.341734602786493369e-01
-1.246963616881747311e-01
6.093032225387059464e-01
-3.143277380378826646e-01
2.062833633380078968e-02
2.580949894748630347e-01
-4.095937199574560261e-01
-1.227204760706787912e-01
4.890235652453825410e-02
3.860084724687057323e-02
3.078547513241242095e-02
1.934949668342687001e-01
4.834395981428006583e-03
4.310309005406579713e-02
-2.470231126769090457e-01
4.079053221744732838e-03
-4.777177613543595602e-01
3.858028847692392960e-01
3.347655061336809457e-01
-2.432311464441585802e-01
1.340952486339418992e-01
2.797811748474872129e-01
3.441541502442498346e-01
-3.618894094983404752e-01
-3.492470683021808853e-01
-6.534765225455824167e-02
2.022815663592220925e-01
-2.818872501151602483e-01
3.999777965731470264e-01
-1.964199155503460192e-01
5.963250599239752064e-02
-2.418068620442807015e-01
1.080331815876086066e-01
-3.031721120253106361e-01
-5.285970363195218180e-01
9.378717991813653732e-02
5.092181622224413173e-01
2.518465527562165351e-01
1.021686169146785450e-01
2.438967876929652445e-01
2.300311479594416564e-01
-3.941698335547934584e-01
1.384989862888990064e-01
1.122210660310421770e-01
1.836103334008603316e-01
1.412573401995111388e-01
-1.052310599581477574e-02
-4.864667359076623177e-01
3.668108859310169612e-01
-4.641551834388251696e-01
-2.953440846384739471e-01
-4.005966770198249316e-02
1.487127846291918798e-01
5.831292179260068043e-01
-1.746264518206565586e-01
2.968095922871791803e-01
-5.793364562893367486e-02
7.008613884517809201e-01
2.297517480238280563e-01
2.249835778545485887e-01
7.738022192790072751e-02
-1.011170995810964646e-01
5.382632615085257699e-01
2.904871559702837391e-02
-2.831928126688276759e-01
1.507711664171093591e-02
-6.852837946083459308e-02
5.773265628578561071e-01
1.983147326519585363e-02
7.333213186274237239e-02
-1.610772119274130054e-01
4.203618074024531026e-01
2.075297883691660794e-01
3.026738155221241344e-01
-6.648847186673562115e-02
6.252597339152625444e-02
-2.024860319010600151e-01
-2.167524397517286150e-01
2.886441941853811199e-01
-7.503067865627441324e-02
2.440404196483335064e-01
-5.605786838943760397e-01
-6.085485087022446393e-02
-1.046155176503310025e-01
-2.056677309985264490e-01
1.940868922697981946e-01
-2.029913379928459660e-01
2.769137499343794495e-01
-1.026882708500338193e-01
-8.183898876709547188e-02
1.151765121093165090e-02
2.269056273967473558e-01
6.648795167445367138e-01
-6.017889387849048033e-01
-4.301772310017513146e-01
-8.811759514214528854e-02
-1.694154534990098826e-01
-1.454155857535448793e-01
2.356161507721061532e-01
-2.111324289633135787e-01
2.895708286164937473e-01
-1.029253807439779317e-01
-4.972574962011855337e-01
-3.166961285356313383e-01
1.831759991209059579e-01
-5.152509360306192221e-01
-5.391051308280075949e-02
4.816627133235784619e-02
-2.060668875262886279e-01
-2.939445499938787149e-02
-3.622452446326924203e-01
-9.511726382064833452e-02
-5.062882283666035876e-01
-8.139279202610558706e-01
-1.019531616923258777e-01
2.647924475275759693e-01
3.807325945919808330e-01
-3.343660175245698474e-01
3.092179124393398260e-01
-1.983634714952181022e-01
5.698706121329202845e-02
8.525122973315223396e-01
-4.864324068608474327e-01
6.785504435791962496e-01
-4.264371418660162227e-02
6.558485892101421910e-02
-2.023068557168398451e-01
1.711200727916792064e-01
-1.396854510642689395e-01
1.411504543166894332e-02
-5.093412286633510616e-02
1.488487425044896506e-01
6.761595286519967996e-01
-1.217152559798373862e-01
-6.051203599863154425e-02
5.572910228809886402e-01
1.395137402742292476e-01
1.759839412920693458e-01
