1.392989587894142067e+00
1.544565792829305506e-02
8.536166913435230263e-01
2.856321994648934881e-01
1.160643273238474826e+00
1.228051507450195756e-01
-4.036554661109459929e-01
1.465390718652157531e-01
1.753781502068920695e-01
-6.436451317445244236e-01
-3.054021030031300876e-02
-9.593625618929475518e-01
-4.588978581773830445e-01
-1.066535090056744961e-01
3.761624617876113130e-01
9.741298998216609828e-01
-2.038736796220687597e-01
7.753011854637428257e-01
-6.666281932049864523e-01
1.086005096206321685e+00
1.517208822243071076e+00
-1.262327207466532042e-01
-2.086195197302818105e-01
6.340861256840205629e-01
6.630078539614991939e-01
-4.138831301219161873e-01
8.658174435520701873e-02
-5.871488087220313457e-01
5.603989850029090780e-01
-2.467128353420246223e-01
-8.733203705518969295e-01
-4.794440747485786414e-01
1.257403621254352455e+00
1.313938562660461606e-01
6.632859668057259350e-01
6.791538188177765889e-01
-2.118214347644368778e-01
6.861895833712473580e-01
-1.930150149642907986e-01
-1.746474858946781561e-01
-2.718567425096328760e-01
-2.564247969706210384e-01
1.125278276580503389e+00
6.480200923886489384e-02
8.045113292902186242e-01
7.158972931014896401e-01
5.855510613573586820e-01
7.221753499288847689e-01
7.263307165557506551e-01
-5.611769428620054789e-01
1.243327952057639574e-01
-1.142034831750274648e+00
-2.339563134992858062e-01
-5.563630679420901171e-01
3.824558105844925171e-01
1.229775328218086772e-01
-1.152188159897437059e-01
-1.065099396097365814e+00
-5.557998763414246923e-01
5.516804798156103029e-01
6.450813046890184754e-01
-1.166564782668916722e+00
4.801651172782093191e-01
2.292016037015837115e-01
6.135668934708182753e-01
5.772406200677195898e-01
2.348718205255193037e-01
3.603342272705292171e-01
-4.864267217951612765e-01
-2.341420819284981691e-01
-5.936559621952850474e-01
4.991019608739017954e-01
4.065368725730802990e-01
-5.182809887838228935e-01
3.032524646217047981e-01
-8.592740828993588043e-01
-5.351371630641486021e-01
-6.360505370123947788e-02
-2.634445095470651643e-01
-1.160910854099317824e+00
-3.011166446780015327e-01
-8.312579059318951913e-01
5.425128995842666280e-01
4.520118621870821696e-01
4.607736783710278949e-01
-1.227946103527949306e-01
-1.012202951669985751e+00
-9.024828160381626052e-02
1.203260341203803874e+00
-2.112770889891481818e-01
4.439261566376946910e-01
-1.268841359884368636e+00
5.099745261965661358e-01
1.678141264077078754e+00
-6.622783825661093804e-01
1.099290213168179431e+00
-2.054276233764130155e-01
-7.902039483915894724e-01
-6.367406266878127274e-01
-6.800254117405846177e-02
-6.852111498718936877e-01
-9.200014977096636626e-01
2.981526931306937023e-01
-3.696499360093542519e-01
-6.573452573082972927e-01
7.429119291666259617e-01
-5.246139065137658264e-01
-6.320968909462310048e-01
-3.725680599866973419e-02
1.355534068674765669e+00
-7.818146956651454982e-01
-4.574671379537129656e-01
9.115776089496980816e-01
-1.149895677120085224e+00
-4.365454067332804056e-01
5.406859118779596685e-01
6.036558321638714197e-01
1.091047679646247159e+00
-1.274595652057768147e+00
-2.729637817916598652e-01
-5.402925169665085958e-01
2.644747443827782929e-02
-9.270424933404531886e-01
1.371007944035266046e+00
-8.717102036547470512e-01
2.471991333638839938e-02
5.720173019904517542e-01
1.683814384851544110e-01
-2.525709632838623042e-01
-1.146804689245207509e+00
6.035320984889629425e-01
1.039055487302864567e+00
-6.469707482408143528e-02
4.931622202248161502e-01
1.428771085457240630e+00
-7.179574010560352271e-01
5.463646810986695357e-01
9.563666731203254168e-01
-7.338409509935671649e-01
2.053658119413144800e-01
-1.146310063573964477e+00
-1.072578840735344707e+00
-2.486489943448990658e-01
-5.931963800238326812e-01
-6.647658737814838847e-01
3.166345456068423436e-01
-7.942675670256146292e-01
-3.165853477782378800e-01
-2.324570552589258488e-02
4.752603271661651196e-02
6.893099212493882799e-01
-7.890768716567397867e-01
3.743576770487699878e-02
5.269552239844091934e-01
-3.443671081977220383e-01
-1.612419346664021869e-01
3.445642317428320167e-01
7.614898228132649383e-01
-1.024635228985164126e+00
-7.888444222315734722e-01
-5.760234779778186098e-01
-7.593289036795048963e-01
5.923070608912335278e-01
-1.215416862879541648e+00
2.609435455703408846e-01
6.257436347159326395e-01
1.058820466179855035e-01
6.986870159812518244e-01
8.665219455795261094e-01
5.165376343294583172e-01
-2.528321339936210888e-01
-1.829897841920288259e-01
3.137385024785682708e-02
-2.979992093336528702e-01
-6.863839391860165895e-02
-6.683454149969269009e-01
6.876682490145755722e-01
5.113297607288289637e-01
6.285508405005075794e-01
1.989876120940810567e-01
2.971951331517643236e-01
-6.921983618208757960e-01
-7.518387013149133713e-01
1.960190602768447921e-01
8.923482178954459387e-01
4.670971518535212419e-01
3.957008447340184532e-01
-1.284442061762662624e+00
-6.332439582940840861e-01
9.510863684467039114e-01
-9.047575508926416488e-01
7.714853266831476208e-01
9.436375260909551921e-01
-4.326243762596238551e-01
1.170676268695485245e+00
6.223549352507894428e-01
3.126406787967950240e-02
-9.017717221914006709e-02
1.221259567714926275e-01
1.629746962660388876e-02
7.583909650157298898e-01
-6.276229544565024021e-01
1.461383800381447773e-01
-3.117377041393017967e-01
3.471042930590090281e-01
-3.321912970284243150e-01
1.030467000679032297e-01
-7.693835559344910369e-01
-8.113962676643755589e-01
2.311916300670878721e-01
-1.441393475438373706e+00
-2.734021508615522289e-01
1.132938239750810538e+00
5.255155852281130358e-01
-9.295282519015524159e-01
3.492774016957944649e-01
-2.919292971673894121e-01
1.161805825581614382e-01
-5.539427384180408698e-01
-1.301690712798131644e+00
3.829643265101260186e-01
-6.756499410425578778e-02
8.249823066436734464e-01
5.041802910506172353e-01
5.595445770335039093e-01
3.866087519417288343e-02
-2.856228582088377044e-01
6.574546500009001981e-01
-2.302196905115165282e-01
9.188341667558606041e-01
9.497277867950008057e-01
-1.162260445542828258e+00
-2.974929684361567461e-01
-1.011242068025848928e+00
2.795074006081338380e-01
-1.107167361633765168e+00
-2.312476941065906844e-01
-3.507104067028088412e-01
1.088904975686443954e+00
-5.623564316848703726e-01
-8.054489082378069043e-01
-1.718091530993461347e-01
-4.845587970340423101e-02
1.691707741043404489e-01
4.256990114251198998e-01
1.208422699663050937e-01
-8.185955996879323848e-02
-3.978216306256011636e-01
1.545804998014546960e+00
5.088182229014237556e-01
4.023263687259475141e-01
-1.410159505318073769e-01
6.557789461306320344e-01
-1.361423450139048752e-01
3.107649984141855337e-01
-6.013873655830703768e-01
9.831589699914979885e-01
1.192835301014762761e+00
-1.069240643375017230e+00
8.940571848525049603e-01
-8.069535782934633694e-01
3.015334660606934225e-01
1.056617075230057989e-01
4.874541597738609178e-01
5.113091205373787584e-03
