-2.686006455561297468e+00
7.174188475919320851e-01
-7.525534707576533311e-01
-3.086196993305143632e-01
-1.492911976992858492e+00
6.672207766712049404e-01
-1.984512544329324557e+00
2.675720545775085446e-01
1.772959221285528852e-01
2.300661695054923572e-01
-1.176746503610835770e+00
5.643953406512829396e-01
-7.441457221912943787e-01
-3.716435066381200691e-01
-8.567806252498566533e-01
1.199640760751815027e-01
3.240238816253141474e-01
2.334583918371425648e-01
4.564520660896829729e-01
5.759570375684165411e-01
-6.266606939041047264e-02
-7.097294470340641537e-01
-1.214591475380324692e-01
-6.891866825510943873e-01
8.600086913231725916e-01
-1.254345148796531806e+00
-6.206079503711441347e-01
-1.801186453551212985e+00
1.573395605735139480e-01
1.405370639902812302e+00
1.621318073370482948e-01
-9.381236297071665620e-01
-9.450743253132969368e-01
7.118494849160045268e-02
-1.289823134269798777e+00
-1.830455377239729398e+00
-1.914269826907982752e-02
7.179518442594778893e-01
-1.565261835107221722e-01
5.821241260327711942e-01
6.990329788634541686e-01
1.416910646033669341e+00
3.732334627473660182e-02
2.286090252913924314e-01
-5.043649963999945474e-01
-3.987092037723540816e-01
-8.347985676465707883e-01
3.801856697132581786e-01
5.169841726337356391e-01
-6.847143479961981249e-01
4.940008924379203359e-01
1.192941522311459779e-01
-4.181028176163384402e-01
1.182979639161692909e+00
9.486116243367531675e-02
1.369209576863250621e+00
-2.211758059254991249e-01
-7.315517796272038575e-01
9.291812860841708321e-02
-8.766023538196811016e-01
9.165742306900658276e-01
2.326249355249659923e-02
-5.255299035476470593e-01
2.802760924492175287e-01
-2.523621928275665005e-01
-9.809161578722529473e-01
-9.897035216598217833e-01
3.149446961477994078e-01
-1.467305418357458091e+00
2.164056370717402089e-01
1.720116710898002665e+00
1.836472691627754950e+00
9.143431393988437073e-01
-3.674819110804036226e-01
-6.695495196930080217e-01
1.747116875940373237e-01
3.498893256672382379e-01
-3.146520564654953223e-02
2.009709504672101410e-01
6.687620591070377873e-01
2.692600750581040092e-01
-6.611815239166044522e-01
3.529355427110992816e-01
1.521868463955385664e+00
5.243659039780584896e-02
-1.091150430698442753e+00
1.187280735228021689e+00
-4.822552694651309202e-01
7.013545630372898243e-01
-3.327583623547494263e-01
-7.716142801813601348e-01
-9.140941647106761714e-01
-8.679195997699704623e-01
3.401431853787517667e-02
-1.573123048561115289e-01
1.434575430111953320e+00
-5.364518576278856088e-01
1.527578010144182152e-01
1.892766376932946137e+00
-2.377148145207452323e+00
1.212843436506833017e+00
-1.611980198043750478e+00
1.448278971178399654e+00
2.760978876990974329e-01
1.696573173667137446e+00
5.098891792641404574e-01
-4.206979475886155617e-01
6.677758439123124834e-01
6.600075738903998790e-01
-5.127503728904005964e-01
2.221048308981600883e+00
-9.133649065748550289e-02
-7.635360602512303307e-02
1.232767076770015624e+00
-3.961168312860496310e-01
1.296346327004610055e+00
-2.814657720363191173e-01
-6.593176392222471760e-02
-8.480084758917115773e-01
-9.977525292333697671e-01
-6.134864627040614860e-01
-5.427988956906295570e-01
-8.111985336848495098e-01
1.217149744902198183e+00
-1.153287370160226200e+00
-6.988799693827097981e-01
-5.145866984388008936e-01
1.037752656025440423e+00
-1.302620500285280425e+00
-1.140172427792227161e+00
1.185476045654843213e+00
-2.540120318061477867e-01
6.338884163946900685e-02
6.219335999141804017e-01
-2.972686404020878914e-01
1.838839809431966899e-01
-6.610858223634563657e-01
-1.117314274632598803e+00
-1.286262105351320684e-01
-1.074807778663311453e+00
2.713146255493692482e-02
9.772620583028335250e-01
-5.581979618727803683e-01
1.073505569739119592e+00
7.959733226205987222e-01
5.890943438858970982e-01
1.712454512543699625e+00
-7.776199253226712127e-01
9.246767766471327699e-01
-8.189197480677218310e-01
1.339012673674176424e-01
-2.749137734031594782e-01
-9.176742412893190703e-01
8.345118440593073394e-01
-2.999810824339307347e-01
9.721413770495566098e-01
7.233401894319548830e-01
-9.983847440775857063e-01
3.485594487538801189e-01
-9.647178717280049387e-01
3.761312872175254785e-01
1.320931378288448643e+00
-2.134421659655452164e+00
-7.948101755076952823e-02
2.464509585321535967e-01
4.060400596915456628e-01
1.643433428817319353e+00
5.783707616653550598e-01
-3.154750384913476702e-01
-1.990507252917952163e+00
-1.217120612439426708e+00
-1.612723368827439607e+00
7.427038887815315960e-01
-1.064351935165097629e-02
-1.013985115005614501e-01
-4.470929108666942819e-01
-1.306208114419505906e+00
1.247143717813764541e-01
1.065653617920337526e+00
-1.582991816048886280e+00
-3.927478362187691863e-02
-1.800100667009383315e-01
-9.043132072613585537e-01
-6.594181488008552527e-01
-5.133943445356723423e-01
-4.774435097691497876e-01
-5.308871067207775463e-01
-4.197529370196798615e-01
7.426084232808289887e-01
1.571708912398469105e+00
-3.794376137549089201e-01
2.259156102437627656e+00
1.177724912067500185e+00
-3.777415304268946783e-01
-1.480566925901772413e+00
4.180311356216067642e-01
-3.393909572662633933e-01
1.059996375732496166e+00
6.250934694077872056e-01
1.950833994044348429e+00
-7.363772925925590185e-01
-1.708590350248912482e-01
-3.071445505384343133e-01
1.008895223209898662e+00
-7.403469541725424818e-01
5.141664621046265760e-02
-1.820753015181459711e+00
5.558440399558275402e-01
-6.470806856473093616e-02
2.008351754852567783e+00
-5.734581149887409968e-01
-1.260610123117518855e+00
-2.010984546107726922e-01
2.240571220641280004e+00
1.031097668597139361e+00
3.091361841303967850e-01
4.568794622562157848e-01
-1.030699983755096527e+00
4.004783290667524587e-01
-1.482463421289315519e+00
-5.750211770521698185e-01
-7.013965911163815292e-01
-1.497611358679175497e+00
9.016612578245225551e-01
-2.304757015841640833e-02
-5.612908248641261810e-01
-5.598889515972846898e-01
2.975394267143057214e-01
1.130184762974482116e+00
2.668407203277494588e+00
-3.499309856069507951e-01
-5.471491983706452400e-01
1.062250769692164365e+00
4.414455525149887927e-01
-1.052821327893956438e+00
1.560718823240973663e+00
5.162857527845258199e-01
-1.898310916792557146e-01
-4.914617660781853137e-01
9.713775231377044239e-01
-8.983652467164873201e-01
2.746132172426195561e-01
8.152422492896382877e-05
-2.896764820627849013e-01
6.733672561362429310e-01
3.551249840623700860e-01
-5.201400573157580753e-01
2.020567678501055675e-01
6.732683598037687567e-01
-8.078053353582674845e-01
-2.475571260720327293e-01
-1.301961484732023777e+00
1.253344898808594010e+00
-2.550753442465510390e-01
2.204320091299170503e+00
-1.886475945921541886e+00
-2.283081334329835510e+00
1.942493133759102486e+00
1.590510601184030315e-01
1.427007876891580596e-01
-7.197695454265129467e-03
-2.284497995881054344e-01
4.828216342861614829e-01
-3.853342850940469355e-01
-1.712503879051258782e+00
