3.811921083950449152e-01
-2.440588701331143362e-01
-1.557726785595971997e-01
-5.111828474578106185e-02
-8.853478494040085689e-01
5.619945445287433117e-03
2.222879257461340963e-01
-6.782574132910939024e-01
3.369449049353678838e-02
-1.819421076449982966e-01
-8.247210797876913801e-02
-7.664640852292547990e-01
-7.435187994288949831e-01
-8.368602547512555834e-01
1.268013057434340674e-01
6.654268471202056112e-01
-9.131509057621465253e-01
4.636587076773657223e-01
1.064052212894853744e-01
-2.294564312882010348e-01
-9.656162387725613083e-01
-6.820143157623743679e-01
-9.493309207294882146e-01
6.996227914907862111e-01
-8.945995981867804758e-01
7.021404709064924532e-01
-3.733868106677318277e-01
-1.903791602380500159e-02
2.004181534537297082e-02
4.699270273541702458e-01
-9.539286100411381586e-01
-1.619538550835593060e-01
-5.424790712241873702e-01
-9.534859369863863954e-01
6.753234453651886238e-01
-8.288783983595795490e-01
-1.728707668585758306e-01
-1.386282914853158577e-01
-2.255040615850738561e-01
9.012313620878835696e-01
6.341139603797119051e-02
3.733398547426680647e-01
-9.692068434992822112e-01
9.187051572829868507e-01
-7.666943748169987582e-01
-8.970848557149013747e-01
1.985136021899069902e-01
5.757981404257215274e-01
3.446634017007581541e-01
9.286700845960724759e-01
-1.080694903942605034e-01
4.645518471543870209e-01
-2.822535018202672052e-01
1.664006315230814881e-01
-1.021354072732013618e-01
-7.610838773441530591e-01
3.485235618446631545e-01
9.146239178181652107e-01
-9.114441855264197034e-01
4.446698143385707791e-01
8.229136455915009307e-02
6.010622192679460074e-01
7.788535703084360495e-01
-8.186383574476954195e-01
-2.869440067944657446e-01
-8.281306497499505426e-01
6.292904830943722994e-01
9.303924774459464420e-01
-7.098379732015083210e-01
1.079316781599109376e+00
-7.660322036534434886e-01
-6.279550474106392333e-01
-9.760784464954825879e-01
-9.272069822303585784e-01
-1.097150101922682586e-01
4.087398766483600898e-01
-6.041690719628123318e-02
8.644914754751518160e-01
-1.010517179643951602e-01
-4.724319919228259224e-01
3.244712622834673432e-01
2.967638728005101978e-01
-4.181662116851732058e-01
-6.340999846487891389e-01
-4.777066558720819422e-01
7.525285268584860354e-01
6.796832064331428391e-01
5.739617060318553676e-01
-3.090439080672924277e-02
-1.662191235905179365e-01
1.125874970341504966e-01
-1.731340215120908965e-01
4.893343364136002460e-01
-5.653270698610262102e-01
-5.859326950646408516e-01
2.157459794883070936e-01
-4.888428681510421647e-01
9.644066428241904188e-01
7.235757012016650336e-01
-5.695458154660166805e-01
9.208606094229099259e-01
-8.899093547678407212e-01
-3.107242086466688313e-02
1.103382513360615658e-01
-3.690453102932393925e-01
-5.167416026249895822e-01
-5.794516842937623702e-01
-3.628623113274698220e-01
9.675050220049175032e-02
-2.983016248198899767e-02
-3.690256556454600823e-01
-6.375536097659473267e-01
-7.204477151311738936e-02
-7.952648574370515533e-01
9.575370635021129839e-01
-9.766595940028923728e-01
2.282861972925347427e-01
-7.046847493537264917e-01
2.930569403634706305e-01
1.397994085498663885e-01
-4.124290779124480943e-01
8.801293813581829717e-01
-1.149189259822125386e+00
9.783519790390602378e-01
9.708669596252854639e-01
-8.231344528901818336e-02
5.708125135039683329e-01
-1.962622682695704945e-01
-3.268636458208691309e-01
4.607558616357492198e-01
-1.269333305307587256e-01
-4.310120326174142757e-01
4.988092337773564200e-01
4.282345914399006137e-01
6.681243220130099747e-01
2.276600787140139470e-01
-3.760918107738147054e-01
-8.423613310768561790e-01
8.354264281150123317e-01
-5.740814764672226289e-01
6.992917515181076293e-01
-4.472704483105667261e-01
7.179439287982209983e-01
2.818637604769564931e-01
-6.738204089062667101e-01
2.375062382078929613e-01
-4.595120554495726317e-01
2.461696328000329004e-01
-3.940378836200261192e-01
6.097278404670027907e-01
9.226438266741610050e-01
3.432513582306260247e-01
-1.427466320449553017e-01
4.067156873977162412e-02
2.144632806973270078e-01
1.601831785881735470e-01
8.243121551416312531e-01
-4.813441021252140573e-01
7.717528045706840700e-01
-2.637724534633598683e-01
9.048304034201988255e-01
-4.251157541701291454e-01
8.271435061095733232e-04
-6.321890786728554534e-01
9.932360612934389987e-01
5.328591487670883975e-01
1.982696310792166905e-01
9.756697362579518362e-01
-3.130900097737845389e-01
8.466941080205077075e-01
2.478061106736790808e-01
-3.521797319259374337e-01
1.333854338162310249e+00
-8.794573383660098109e-02
3.663399862002325591e-02
1.375064956554779005e-01
8.811791686316785555e-01
6.896489735218607198e-01
-7.902529255689350052e-03
-2.932516998271186281e-01
1.821278326489346178e-01
5.592989850832104093e-01
-9.583459487856176295e-01
8.429691094803507534e-01
3.755730576345837068e-01
-1.831678050137615088e-01
-9.482380017726668164e-01
4.408620281546622999e-01
7.893599099209838155e-01
-6.281144331039620887e-01
6.352554329655153431e-01
-3.361121283278463157e-01
-9.251651438450578802e-01
3.834738181718932992e-02
-1.082859522113902795e+00
4.953652709339475546e-01
6.708640834068473335e-01
8.520165899146281419e-04
7.263040015213451106e-02
-4.906701345509130174e-01
2.904136653802622536e-01
-5.767934622629367070e-03
6.919280138099328514e-01
9.198491497226941593e-01
8.883724552255725104e-01
-4.758647651296867842e-01
-8.240930982887344491e-01
1.986339261672485090e-01
9.402573752931613349e-01
-6.932314064973859047e-01
-3.605559047001078987e-01
-3.393613544305016383e-01
1.931822445896009821e-01
7.022078186659652665e-01
7.810874253059547634e-01
2.081632620598827810e-01
5.060867071765156044e-01
7.441266065230067728e-01
5.912383754896366472e-01
-7.217891941657190724e-01
-3.876316742371435087e-01
-9.812474768192867014e-01
-8.892535467907538571e-01
7.917792549610092045e-02
8.194283490557567884e-01
-8.191504069086199546e-01
8.394131324529581217e-01
-2.892623343450650975e-01
-8.716483486154333882e-01
-1.614722022133292523e-01
-4.807746559874754855e-01
7.540753608738997027e-01
8.526416597762509486e-01
-3.467080486601774592e-01
-2.789073951511034100e-01
-6.601479266373899701e-01
-4.975439411041349125e-02
-1.028626276541608986e+00
3.084534890292765508e-01
7.388102475172799721e-01
-9.903957009355415231e-01
-8.369495139646005999e-01
1.703713078829971472e-01
-2.423270524190759279e-01
9.574768520987075870e-01
-4.645692396743603680e-01
-6.925329947791121210e-01
-3.974980267262386846e-01
-3.933876068571207085e-01
-6.829074871245421896e-02
-1.256846257358937180e+00
-4.294317323877785419e-01
4.327928797067615019e-01
1.909149898930928568e-01
-3.534534184744464458e-01
2.100966264268413486e-01
3.593597975350608653e-01
7.391843831644533402e-01
-1.976215248888768539e-01
2.210449507662002322e-01
8.766276989422909782e-01
8.109282833508071331e-01
-5.880292017267463311e-01
9.717627068931020684e-01
2.621482608888883181e-01
