-8.515000049862622156e-01
-1.063382370972168145e+00
-7.109372053535556457e-02
-3.165380896438240166e-01
-4.303076487089129154e-01
-1.399479383136679189e-01
1.087301942819177691e-01
8.673508447728385251e-01
-7.693711210685374446e-01
2.101051488331640016e-02
-6.056297601363882510e-01
1.163161527702416986e+00
-1.130744815449284957e+00
3.450321249514097799e-01
-1.033861064485718684e+00
8.754271610627745170e-02
-1.178116883611838972e+00
-4.713473818011731931e-02
4.308264996415547832e-01
2.145850432482432346e-02
8.558671132400423875e-01
7.723202990928254019e-01
-7.173678049111988919e-01
7.794609067341002895e-01
-5.367631674700725775e-01
-1.222275108343696459e+00
-3.490075810301827008e-01
-2.244934592497389581e-01
4.620314086853603563e-01
-1.445089867488702495e-03
-9.161155760477590615e-01
-3.649860684609890771e-01
-1.841036655959761736e+00
-9.231894502604496289e-01
-2.141594485419984206e-01
6.949289273443234327e-01
-4.528980830267210766e-01
1.157609245009056265e+00
-3.003425171059058707e-01
8.257192573345957243e-01
-8.076442080101218224e-01
5.355056101700474969e-01
-1.384932283193401892e-02
-2.026761289385159981e-01
1.522109110576086444e-01
-9.858399093468097618e-01
-4.988527286944591799e-01
1.414896257383201350e+00
6.303479411533732257e-01
6.591113259413251546e-01
-1.237848884597614885e-01
5.703487769511380590e-01
7.977105795618661954e-01
3.973749473739029980e-01
-4.435669235653422748e-01
2.726828200214794218e-01
8.664082148443440490e-01
3.062158824839901761e-01
-6.357983400301738808e-01
5.366953264769742660e-01
9.259815122353984851e-01
8.557250646163313546e-01
-6.295859197137874119e-01
3.554994224564322902e-01
-7.828639629400362399e-01
-3.580923168146414870e-01
-1.507668784025311348e+00
-8.566989524344558182e-01
-3.327179320380424521e-01
-1.187560225713904627e+00
-1.330357138439879905e-01
4.179231425525415933e-01
1.040063569384922282e+00
1.425305010776740433e+00
4.592188483632770879e-01
3.930398914151240763e-01
7.755243686258779245e-01
-1.944245243783900290e-01
5.357636852167183550e-01
3.633942503771778187e-01
-2.865164985105583817e-03
2.136979912491749900e-01
-8.216365542653463194e-01
1.830113901422407152e-01
8.530164928668526603e-01
-1.002591820469584394e-01
6.462886119448323363e-01
1.807520477329831454e-01
5.059416022780995892e-01
2.013499334756732040e-01
-3.548839553821188098e-01
9.872420948840554544e-02
-1.309445232478219534e+00
-1.544249946560229958e-01
5.554568787174614108e-01
-3.562800556071584746e-01
5.825062903808149173e-01
-9.425418421134306168e-01
7.196690788447246412e-01
-1.080953520856739569e+00
5.588737364419362752e-01
-4.478328200020889049e-01
1.427433295646311162e+00
2.070267095389566325e-01
-4.863720543685519093e-01
7.627483467166076281e-01
1.406163602847315230e+00
1.174743853761024415e-01
-1.269079884223311971e+00
9.229188650574847719e-01
-3.515775743673419940e-01
-2.557659933775405792e-01
-4.039938368156870130e-01
6.812754016253461664e-01
2.422549095893834492e-01
-6.033245628549921413e-01
1.162055752789955765e+00
7.640458056981557222e-01
-9.266586031663190948e-01
1.199393641330026572e-01
9.364831586649433603e-01
7.553604920371295162e-01
-7.653433585653995896e-01
-1.235193101761242751e+00
-8.324948299474346225e-01
-8.989604416419877397e-02
-4.608957694666451221e-01
6.316920803774219717e-01
-1.396121924113487012e+00
-3.248170622662755469e-01
3.751987615818639377e-01
5.578356440848168951e-01
7.015317411904513634e-01
-8.291048598271597569e-01
-8.618264075385808631e-01
-1.792510675550792021e+00
-6.623389595674251673e-01
-5.109988686538036173e-01
4.798412687672915511e-01
-1.297525730003852296e-01
-1.565456165509477304e-01
-1.190094289348901935e+00
-8.919536108029835209e-02
-3.019142707261346370e-02
-5.654236943291257589e-01
7.550136071620461298e-01
1.130389755693403941e+00
-6.928396996322262469e-01
-6.275155713423159476e-01
-6.245338384667395992e-01
8.381718732604491739e-01
-2.890412147610061377e-01
4.850699718231583635e-01
1.420947662130607192e-01
9.051934235100138615e-01
7.233505321745317129e-01
-7.772198002155992214e-01
2.994380199087944838e-01
7.410486095360109271e-01
8.603981435460367200e-01
1.022682645164999071e+00
-6.673895191178704778e-01
6.559878005170906023e-01
-3.638038088038023643e-01
1.330746118849949422e+00
-6.923722883250191806e-01
1.194543298309554524e+00
7.754292625408965023e-02
8.124379100324077285e-01
4.865858124275849184e-01
-4.774882156204888206e-01
-5.031309743468119766e-01
-4.548752962694082025e-01
-9.102651160614554371e-01
7.595494417609722770e-01
-8.417566067412090014e-01
6.212220928106826356e-01
5.119963350171407024e-01
1.091920392668616513e+00
3.072573810472625233e-01
-6.211029149002462724e-01
6.418738993723166475e-01
-4.795097720641862682e-01
1.189456806967303715e+00
-2.087318060537459719e-01
6.800279756042113544e-01
2.041997569642426846e+00
2.598712138812864225e-01
-5.808898097292730656e-02
1.156601524856704755e+00
3.630757590483747466e-01
8.309934148719511082e-02
-8.693588286330655723e-01
9.440218105581057451e-01
1.096617202986792661e+00
-5.480419398031327605e-02
8.748004834137415031e-01
-9.972578535978549041e-01
1.012079313540146686e+00
2.135064484083014635e-01
-4.012250715689275049e-02
1.415126826497635104e+00
6.797230788412940150e-01
1.045482763892563005e+00
-7.658216673924916895e-01
-2.849437014662259404e-01
-1.751935536805016014e-02
4.153469376214347086e-01
4.644127859347970677e-01
-2.050790509009678964e-01
-1.026136385551587260e+00
8.999914300333711203e-02
7.557244001582293924e-01
9.705299825205080388e-01
-2.893336296824481901e-01
-1.400287009432842789e+00
4.503370008226628141e-01
3.767340580068319622e-01
2.634501154260856515e-01
-8.039456589023979971e-02
9.849498986179769933e-01
2.859466682932077508e-01
-3.571807997974765225e-01
-7.544660577332384932e-02
4.693704521360825277e-01
1.096004847974030527e+00
-9.043904828582256528e-01
2.453986091823517901e-01
9.729869297971739384e-01
4.617021379566882411e-02
7.715092127174583148e-02
4.897263835104006535e-01
-1.820429045599577522e-01
-2.069227493715726784e-01
8.856221606111855937e-01
8.700568449262886528e-01
-1.388485097689944769e+00
6.212886761829778948e-01
-4.340325817880463233e-01
-1.144202115237855644e-01
-1.891635537438229875e-01
-7.067591370064483236e-01
-5.397308263766027459e-01
4.230845316593624394e-01
-1.159757388232777187e-01
-2.524088270967594916e-02
-5.614385077581038330e-02
2.229720470854860137e-01
6.593940018881252474e-01
6.846093537643648252e-01
-2.606996605355499375e-01
-9.729514819962150618e-01
4.258107502330822913e-01
1.566313391204040562e+00
5.390556394079315528e-01
5.629197842306365995e-03
2.476937160089518475e-01
4.286199939288495298e-01
-1.797561557922435216e-01
-6.669345207680472676e-01
-3.036563475236381260e-01
5.473027760157929134e-01
-2.821292059795921792e-01
1.319779814840216225e+00
-4.653526667746437084e-01
