-2.773223199874390588e-01
-1.458977294647706979e-01
-1.465232962313119502e+00
1.533274371659304247e+00
-1.454712242053624038e+00
6.486882057452278971e-01
-7.332449276928760806e-01
1.186398370357159004e+00
-3.219312734810279575e-01
-1.065735317119550496e+00
4.020090657625516872e-01
6.414272170131096740e-01
-9.004748705467890968e-02
2.326674787579410819e-01
-3.581442094620094219e-01
1.878036111875282521e-01
1.259407807229190546e+00
4.181657078252387638e-01
6.845267104407897207e-01
7.350068068291411016e-01
-8.490759680804205178e-02
8.276787287514481006e-01
1.450302664934615571e+00
-2.878809082920635198e+00
-8.880190392033596725e-01
4.240166363917224901e-01
1.021076632725184119e+00
-3.590102430437851488e-01
-8.374133617813260821e-01
-1.260025324890683973e-01
-1.377157087741929908e+00
1.028780476993350845e+00
9.144593605789688162e-01
-3.285024176837844090e-01
1.910495977825644731e-01
-3.203573306862905756e-01
2.348543364709309689e+00
-1.436750880348467874e+00
-2.201249913961395022e-02
8.414813265371218209e-02
-1.303612623566470230e-01
-8.170730468814244585e-01
-6.382346913953762524e-02
-2.727653530469647536e-01
-1.569460086193598780e+00
-1.816089893905496466e-01
1.824100362122924368e+00
-1.749152450062215203e-01
1.093614339115858147e-01
-1.516903073023161186e+00
-1.497857139153061290e+00
6.462724774456261034e-01
-1.481764995158251219e-01
-4.551669040234851971e-01
1.824164650228826678e-02
1.544398517512060032e+00
-1.242316546409923950e+00
9.785592686850870248e-01
6.035392866189277505e-01
-3.660001518340166848e-01
-3.333272752636947112e-01
-2.651704397993512874e+00
8.382392417549288099e-01
-4.267547097805188816e-01
5.669590705093059402e-01
2.684837938830043069e-01
3.629745472845988252e-01
6.084135982676958099e-02
-1.198416386644066023e+00
2.657986054901620987e-01
-1.485029329767133532e-01
-3.556447605071277329e-01
2.215201791886335592e+00
-1.003972353562209152e+00
5.885876254924206075e-01
-2.110844721317494788e+00
1.566398472206663728e-01
7.437166263393268917e-01
-3.845039960239119980e-01
-6.916231947688796788e-01
3.391266359021576915e-01
5.120471807684778831e-01
-1.061446713780616946e+00
1.993375068424141361e+00
4.586882846361267640e-02
-1.461037525521584168e+00
5.555913239710236207e-01
-4.337425544690264867e-01
9.211044293873593691e-01
6.041893478249682481e-01
1.309670279836288254e+00
6.965218194961252385e-01
8.136347136816265424e-01
1.659023900933498830e+00
1.768668422779910154e-01
-3.585100364995629230e-01
-9.448674379812158630e-01
5.752847932208622339e-01
-2.482126045069819043e-01
-1.264026284728502647e+00
-3.741721493134946286e-01
3.038989792629830378e-01
-1.250482696154817885e+00
-1.165924785182745893e-01
-1.843386656412609126e+00
-9.090706228583580462e-01
-2.599994386370963806e+00
-8.803692492754302545e-01
6.411908950959850362e-01
-8.654475415660850546e-02
-7.126105099697344070e-01
-3.504687250725849190e-01
-1.858840582464464375e-01
-3.736336327767667553e-01
-1.512306010120175070e+00
1.173542487974263304e+00
8.476135776753791484e-01
6.346189598931223363e-01
1.521245114495370254e+00
6.296035568153746098e-01
1.093704828381927729e+00
-6.265635328805583271e-01
1.484463311537709052e+00
1.310586624891577068e-01
5.424428473419774521e-01
1.127793278165234447e-01
-2.217596844489363450e-01
1.029550444934505649e+00
3.825050011391906146e-01
3.590967044101833205e-01
-1.467527790695641654e+00
7.665406679842103888e-01
-1.532728087124993199e-01
1.456591170338332741e+00
-6.833073576831940610e-01
8.261777072718026194e-01
1.251871279599820475e-01
-2.636250395608247810e-01
-9.191682554217089907e-02
-2.318607551857414517e+00
-1.940720997088442701e+00
-2.616771001272823471e-01
9.598796831348860303e-01
6.288119236392785139e-01
-3.155994092073847179e-01
-7.413476010691679718e-01
1.357335279172458664e+00
-1.800654387532415468e-01
-5.690143680010176785e-01
-3.280474849466152865e-02
1.914718373300935417e-01
-3.283429881335729328e-01
-7.682856154331418885e-01
-1.943419980360629351e+00
1.474123459485571663e+00
5.546940157750183120e-01
2.159565406908340091e+00
-9.744241970276543707e-01
1.367037080700143958e+00
7.947890442785982001e-02
-2.194931867449129159e-01
-1.009136213761916423e+00
2.968976296800513448e-01
-1.167586080645100832e+00
1.022224924115823219e+00
1.131850763828269768e+00
-1.641774723079381104e-02
-8.085914057647713982e-01
8.365834529756868143e-01
-3.070802618850989596e-01
8.208305111666770459e-01
-1.037471275975735185e+00
-4.237398915169116598e-01
-1.164021646897926754e+00
7.930613456582883414e-01
9.677093722817617927e-01
-5.392683740632574496e-01
-8.709787785458505960e-01
-1.507206053002952406e-01
-1.171974513501312432e+00
-1.662669005995434546e+00
2.908027129033411984e-01
1.127170706499039721e+00
-1.488902516282812893e-01
3.953724202852697545e-01
9.650359564715502714e-01
-1.427983557002725501e-01
4.292231859235691727e-01
-1.062293036660912238e+00
6.793926401004901638e-01
2.464531380204193489e-02
1.108372605280885104e+00
-7.654009038371528684e-02
1.159487593783746995e+00
-1.252165834317211957e+00
1.981111161626845085e+00
1.761687735095775365e+00
-1.444888601993767452e+00
2.349167323977661703e-01
-3.889016997647979368e-01
2.239565088999248554e-01
-1.812383526492410635e+00
-1.594039747006763541e+00
-6.154624369695933517e-01
-3.133463853097986918e-01
-8.420209245780654328e-01
-4.107581915576108966e-01
2.593714078123770528e-01
8.890854174422284650e-01
4.783260641300479676e-01
9.016399511953783197e-01
-4.076203243168329271e-01
3.472858248328499764e-01
1.639714802234225388e+00
-1.785638647319739980e-01
1.524591620973558825e-02
-5.291721360228980320e-01
4.807006268124921489e-01
2.128231605537809212e-01
-6.805863518839270210e-01
7.062348616472748919e-01
-1.365768148601624654e+00
4.823166654420042443e-01
1.032257222392725771e+00
-1.161143092237636010e+00
-5.195436075243184959e-01
-4.372807196051616274e-01
4.441728887387181302e-01
-5.624024480597752396e-01
-1.011456782853785930e+00
-1.050557022644275307e+00
-7.091911615260875212e-01
7.161986281612342520e-01
1.909333815883593743e+00
9.545106873753719245e-01
-2.263335461501970514e+00
1.301395557837870420e+00
-3.996578391123503660e-01
-6.642760893205739148e-01
2.402944638858039550e+00
1.339625867394084180e-01
-1.088367037942470139e+00
1.466889450540076467e+00
-3.643609452525111148e-01
4.434237019346008446e-01
-1.602293436138205962e+00
2.632363201825360099e-01
-3.181340135728408236e-01
1.151162666576551086e+00
1.086545191781153274e+00
6.599518617262357667e-01
-2.959359559556394625e+00
-1.663255697126832855e+00
-1.275353580626456429e+00
-1.308143382172770375e+00
-1.397241804190909598e+00
-1.021001088387446520e-01
5.412056749849156745e-01
-3.475240056043066850e-01
-2.849789278641168266e-01
-4.277620235599800536e-01
1.876149029726388084e+00
-1.938020249368325398e+00
1.109247950418499773e+00
4.278106320182289979e-02
