2.322369757806469481e-02
-8.425016246214538373e-01
-5.356784846991593518e-01
-1.244683741350401052e+00
1.085412624496910894e+00
-6.691444641460162490e-01
6.326062908458155443e-01
-8.175167190578216392e-01
-3.961915141020537212e-01
3.330609199452134739e-01
2.165194367401288011e-01
1.304655549095364186e+00
-8.028933980846155727e-01
-6.258920473576370380e-01
-4.556705744479114806e-01
1.518699445765706590e-01
3.631674720572308224e-01
7.319221564414910564e-01
-8.891767184310261918e-02
8.502086956489085523e-01
-5.780013681402724757e-01
7.616659202382463079e-01
-4.723890223938559396e-01
2.994279843249111894e-01
2.008598793933301652e-01
1.120076566038131771e-01
2.350925482895653840e-01
-7.624668987121603347e-01
5.416289763360915277e-01
-9.839168322165559033e-01
-6.594201195695099660e-01
4.813236173793168371e-01
-9.532485523725073850e-01
6.498562994867977949e-01
-2.831720140679805375e-02
6.900386667697537835e-01
-3.622789391433827721e-01
-3.628348757634906607e-01
7.357954509363071605e-01
-6.720413913650100657e-01
1.245086578025897950e-01
-7.946266241530441921e-01
-4.083308250213040780e-01
1.062378999264806279e+00
7.222720833062025170e-01
5.793371271276659407e-01
-8.768545993058367571e-01
3.558386156801858768e-01
9.750898193154472482e-01
-4.406286873356567435e-01
8.907297312711695003e-01
-5.091870370884987729e-01
4.774312036449738783e-01
7.444215528219406686e-01
-5.429304238543954941e-01
6.623523394002237552e-01
5.607011629430057598e-01
-5.347587764611065886e-01
-5.028401205603942881e-01
6.015058182769965622e-01
2.236924932838406099e-01
3.095573606353159701e-01
1.353260902159716395e+00
-7.989887004697515671e-02
-5.357686586813018570e-01
-9.591275742638376567e-01
-8.015374567282370633e-01
1.248984218324306283e+00
3.947360800615402621e-01
8.967891050137122289e-01
-4.841038223307805310e-01
-1.482078195029327139e-01
8.963479615191620731e-01
-9.571533339895789139e-01
7.717565825783674338e-01
-1.670702199233512486e-01
7.432495855212947200e-01
2.292897937785990381e-01
-1.208968247315269862e+00
3.897078480740285289e-01
-5.724616904914727744e-01
2.740289766809467231e-02
8.208205440561405775e-02
-8.950055821151845503e-01
-5.298393746939206173e-01
-5.105464828714192382e-01
-3.455204264223807886e-01
2.251169375696457919e-01
1.588101456490011998e-01
6.700363007904208690e-01
-1.188105607438673994e+00
-4.112137165369463832e-01
8.560438338712261785e-01
3.305097633176573013e-01
1.621201422807628800e-01
-2.402846379668700516e-01
-4.109917056796361656e-01
8.508833929918542260e-01
4.962867014593569381e-02
5.335296775471775055e-01
5.392279083326145805e-01
-3.833512283669782139e-02
8.349145866161304941e-01
-1.475194541756670308e-01
-1.835008256791409442e-01
3.427509521177034557e-01
-6.074685047932959492e-02
-7.208026484848617521e-02
4.877956917902528389e-01
-7.626091215532528889e-01
7.099543731535844504e-01
-2.050036764964200398e-01
1.386958471630903578e-01
-6.238966418746200171e-01
-8.371764000302945874e-01
6.696247377019350910e-01
1.470864280041712657e-01
8.634567114022857481e-01
-1.414161965995086589e-01
5.030506774577374607e-01
-3.441946180256024168e-01
-1.502257360053034230e+00
-1.065702560190210146e+00
1.120740208886050748e+00
7.396024474005618021e-01
4.227447924443439309e-02
6.759679766850994476e-01
1.971332737642472743e-02
6.052413731909009886e-01
-7.064504060587257772e-01
7.202472374709291136e-01
-7.747987364273021260e-01
-4.729410071948781380e-01
1.434853410805001506e-01
1.825977802807544625e-01
-9.284249398925707997e-01
7.963672304616395969e-01
5.445283226341297578e-01
-1.094422365571978695e-02
-9.556066162534067043e-01
-6.423760146812365068e-01
-2.943629740743717305e-01
4.029904140027844028e-01
-2.232745110256728616e-02
4.278455193883234364e-01
-1.075106133851417622e+00
-2.681580306498451138e-01
5.421427665914719807e-01
-3.133349606350702143e-01
-4.050121569981847136e-01
1.274369833071850699e+00
3.212871216545874486e-01
-2.194598948126236237e-01
-4.665314694078993574e-01
-5.123236653776594984e-01
-7.805183561407567083e-01
7.610106566141618956e-01
4.917900221049385512e-01
6.111688348188522024e-01
1.730025908123550282e-02
-5.342613141463770088e-01
-2.162754705405351974e-01
1.758977808057073378e-01
1.183300724686218164e-01
1.250169628559396617e-01
-2.929295324515792664e-01
-7.141994453173341473e-01
4.398030946760216886e-01
7.054265682318989761e-01
3.402042273524465976e-01
8.823489158456070403e-01
-1.495461187965615446e+00
1.331283794719479552e+00
-9.223773354511272116e-02
-3.270342800200172761e-01
-1.242499616022066933e-01
-4.635426628039008290e-01
-1.114318139206586178e+00
-2.421105457271842676e-01
-2.563818666984529204e-01
-1.020865938403885953e-01
-1.473165627874328809e-01
4.401192399365170260e-01
8.540232258421860401e-01
-3.543893950435139661e-02
1.175340945668690518e+00
-4.593414409975538071e-01
-7.050046393096931485e-01
-4.937884553136095978e-01
2.835020231359063336e-01
8.443960424627272587e-02
-4.339393567991815526e-01
1.182342513255106420e+00
9.352002986062530887e-01
-8.810481839444843644e-01
-1.275263413229952292e-01
1.404658717680861368e+00
2.560139307444897483e-02
-2.106773874858289819e-01
1.093825613162881183e+00
-3.904309855623644410e-02
4.945302996379631333e-01
-8.769298487340544401e-01
-5.630758241910913675e-01
8.737646197228783329e-01
-9.586065804205479157e-01
-3.353686029546473213e-01
-8.777599419237012146e-01
-5.865084159334478242e-01
-3.257040492404825738e-01
-4.730562741372414393e-01
-9.889663410612290484e-01
4.594351990149393994e-01
8.270658926006567713e-01
7.058450022108385680e-01
-8.075569004355349634e-01
4.654226518828005754e-01
1.066498348212472580e+00
6.163213468390914551e-01
-1.217221173972413695e-01
2.684390104890308493e-01
-4.825784911777102337e-01
8.528627351832596126e-01
6.092815775799331757e-01
-1.431975482985261117e+00
-7.794552764449198534e-01
7.301560746181831041e-01
3.417153348169853500e-01
1.573890312141710268e-01
-1.476055666398574662e-01
-6.158645664959612187e-01
-6.745441751568631572e-01
1.397386460302346700e-01
-4.657609706402340288e-01
1.575746937512239043e-01
-1.091236023298996827e+00
4.894175916573603180e-01
5.777611231961581328e-01
5.864659451572034055e-01
2.065760745535128451e-01
-1.905298728230284122e-01
-1.042869529215642022e-01
-1.648092192634809661e-01
2.591103061701213184e-01
-6.856349086059099207e-01
5.814901149482198939e-01
-8.663251396043608610e-01
5.385372948501677692e-01
5.051319912120589839e-01
-6.490186370769507329e-02
-7.154359193968388153e-01
2.157875444539569809e-02
3.316295035313082118e-01
3.362248167510786256e-01
1.181155002564551193e-01
1.015988705230278288e+00
1.383294415689716894e+00
-1.005677458587272088e+00
-9.442851507544087752e-01
3.259655396668181826e-02
8.321683458838331493e-01
-4.723153012921188498e-01
8.363011535828153153e-01
1.063589292600120473e+00
1.071519186740575114e+00
