9.578588801985925549e-01
-8.647140130929951152e-01
-2.705743392990226370e-01
5.235062483186001536e-01
-6.950079489208931260e-01
-3.044065743754973408e-01
9.770473493226390360e-01
-1.023504735696115553e+00
9.415861034849462019e-01
8.176786862376799192e-01
-6.123625576367931478e-01
-2.468042897987048900e-01
5.333934318493434024e-01
-7.153423044292572808e-01
1.005142357736155789e+00
9.140698680661091258e-01
6.219201241341216768e-01
-2.913853920076763249e-01
6.365763432020110635e-01
7.465358121906475741e-01
2.637577699114628249e-01
-1.061933472337056150e+00
3.214800501710889935e-01
-1.075762224338410622e+00
-2.002624674743883615e-01
-2.131408281570028040e-01
6.149380817573943947e-01
-8.687748223140583370e-01
-2.606023647646147912e-01
-3.357030767663726767e-02
1.781452632601991382e-01
7.249264661479842831e-02
-2.595761253814052316e-01
-1.397598679908987895e-01
1.024324890220939643e+00
-1.093790984476904038e+00
-1.003611175935844813e+00
-8.213828202310970994e-01
-4.837482419444910642e-02
-1.114565851553439124e+00
-3.966855756509659603e-01
-3.268497123033421436e-01
2.614714718382943337e-02
9.316760734695989088e-02
1.956685586215323180e-02
5.041568795607026532e-01
-1.654975461361246403e+00
-2.037101373480761923e-01
-7.155485606881424321e-01
5.788666626609653143e-01
-3.081385176861085595e-01
2.300284940330143968e-01
1.964866649168924562e-01
-1.009291517730213528e+00
5.777917418346288914e-01
2.736387944001550387e-02
-2.405099208373375763e-01
-1.155634470413652304e-02
-3.803013514554609009e-01
1.071856905454674713e+00
-2.390107712089213354e-01
2.875089141377958346e-01
-1.445488879047739650e-01
4.927194872400115777e-01
-4.646205846611141110e-01
-1.130328263757145901e+00
8.085211824132101377e-01
3.603836952792716652e-01
-2.237259008936591798e-01
-1.338911882218532634e+00
8.410453083369882066e-01
-4.381943322083809433e-01
9.309449238809288651e-01
-8.612218853396638174e-01
-7.782531519069688652e-01
2.063593849272585268e-01
-1.753210750410824637e-01
-7.880836116791156698e-01
1.827701625328213286e-01
-8.098271021282069659e-01
1.659523511588761324e-01
1.725250872259501689e-01
-3.539652514470970623e-01
9.981710159633869761e-01
-5.052477230445462375e-02
-8.696788899999030598e-03
-5.757011761438572961e-01
-1.223733320394047697e+00
1.455357377419833842e+00
-6.419207881218772505e-01
1.005882146377047315e+00
-1.013617544754276345e+00
1.307836263524404963e+00
-5.630789946468833795e-02
8.618552936603662840e-02
-4.841530090052836854e-02
2.316802853505323667e-01
6.886786809087568351e-01
-2.637454442832858348e-01
-1.847925271247502499e+00
-6.132431871571318860e-01
-6.380775955356026152e-01
1.901348951604454884e-01
-1.554352409323843442e+00
-8.999643558916942121e-01
8.391032500052251208e-01
-6.105329266982735259e-01
-2.339275542275746078e-01
-4.719454303848625298e-01
1.317450911975300176e+00
3.583630969766641305e-01
-1.473730856553251423e-01
-1.620059530649469171e-01
8.689318352867455575e-01
-8.447624947238583371e-01
5.723383238754946589e-01
4.155269510848641490e-02
-8.067307940332729688e-01
-3.008134542633780772e-01
-6.586368391411590029e-01
4.936282266837743737e-02
-3.691820636494819174e-01
2.063417062510866096e-01
1.526395666245236593e-01
-5.302764869276842541e-01
-5.060845948573697295e-02
2.840670660931061686e-01
-2.934420314088667103e-01
-5.844351607592688236e-01
1.327744261111568624e-01
-9.782649427092005023e-02
-1.856003390536440367e-01
6.767932405021073183e-01
-6.341584140510115875e-01
6.282400516518230615e-01
9.417500445982849300e-01
6.765217790393043273e-01
1.051580540226935812e+00
-6.964711153231366580e-01
-1.137745388414332370e-01
-1.194667571152486563e+00
-8.508670075950589551e-01
-9.118678450628124876e-01
5.506747949996920743e-01
-4.064256389566274219e-01
5.081447867398234397e-01
2.932240553830703367e-01
1.744621896034880826e-01
7.483684522245768189e-01
-5.951925512046539746e-01
-7.808900653455540519e-01
7.807089888543963796e-02
3.180830665900469256e-03
-4.032094920293558538e-01
5.485397392358326574e-01
1.205890361026475510e+00
7.491064707860440874e-01
1.162462457652096770e+00
1.913440135273420939e-01
-1.527630492297332943e+00
-8.034080850355895809e-03
3.647390479229469795e-01
-7.866770450181382879e-01
6.832468772028538195e-02
-5.229753193748858386e-01
-7.665433764569440367e-01
2.298869168521966433e-02
9.801696527469576647e-01
-5.087964201042329826e-01
-4.494575271136965755e-01
-2.658836328435135177e-01
9.144604880096272037e-01
3.011686648048020887e-01
8.357689789555283744e-01
2.341655303144474787e-01
-1.014258103193752536e+00
-3.244942923033515836e-01
-1.073562251236124032e+00
-1.640758907587833160e-01
5.143565605093011195e-01
-1.436967439643064282e-01
2.715452548980371583e-01
9.278890442479647005e-01
6.869241203722482592e-01
4.324617661498056931e-01
-9.044750502821031768e-01
2.139703850536091856e-01
-9.531424345598301651e-01
-8.719849336326983558e-01
-4.134405022170228872e-01
-3.392735254565548697e-01
-1.217229577207834312e+00
-1.649005535576730574e+00
-1.924099816815680597e-01
-7.811437937021149525e-01
-2.961629710807368032e-01
-1.141303091171914419e+00
-1.015963808850621763e+00
-6.413605150944227118e-01
-2.773858936037288392e-01
1.079029656110011448e+00
8.770443828147578280e-02
3.980662582320703136e-01
8.941966642005261257e-01
-1.001302913156104646e+00
-5.158406022873925911e-01
-1.964565743216079852e-01
9.013829333178964287e-01
6.047641712022735483e-01
-6.504155073165169831e-01
-7.354089948253443865e-01
-2.322756815104369543e-01
5.529759368220118487e-01
1.462483079496506577e-01
1.341501890910933747e+00
-7.396944427432714519e-01
6.648709465841232680e-01
-5.733262146421960193e-01
8.514980611200363425e-01
5.665860001580995675e-01
6.452554860565087869e-02
-4.398153066799187494e-01
5.096324065826204341e-01
-7.278138269040090869e-01
-3.079360725553483835e-01
1.626126297979053614e-01
4.200252445393635181e-01
9.633730050279252222e-01
2.776838322378201163e-01
-2.834632052721695605e-01
-4.522755584056705747e-01
8.600055162746620407e-01
-2.350143177675118045e-01
4.485333666573971811e-01
1.614961081989581881e+00
6.160710665722557433e-01
6.946434277664463863e-01
1.786260740977658190e-01
6.460367520270609010e-01
1.295565932985872415e+00
4.298620587671916349e-01
1.334977895192243080e+00
-1.279950669569479560e-01
-5.152012835337971275e-01
2.435934362222687555e-01
-6.388441845056906654e-02
4.462912079191077019e-01
8.474214152017713886e-01
3.132402872429809748e-01
7.072088863392922420e-01
9.058358253732636811e-01
5.689697694889656043e-01
2.463880363927276607e-01
8.915536919766100521e-01
-5.852210540469844346e-01
4.893513267295887537e-01
-6.163433697703113445e-01
-9.869716840245201794e-01
7.268176201782574619e-01
1.186037254256549600e+00
1.199137761439791561e+00
-8.562382441562084168e-01
-2.654597844436007437e-01
4.409923076940009956e-01
3.596425609025405423e-02
