-3.818290817178585095e-01
-2.226267269854483866e-01
3.022666736788004460e-01
1.580416610611001249e-01
-2.525069434322253503e-01
1.570518406637550490e-01
-1.630621479476189462e-01
-1.272474841271681312e-01
-1.769316732055615238e-01
-1.853928382973178135e-01
1.170685776075754553e-01
1.782320915939195616e-01
5.227861154458526283e-01
-2.740121434682464274e-01
4.722341506668858990e-01
3.949197816881897527e-01
-4.683995612746084669e-01
-3.324041657725398946e-01
-9.566666881791091592e-02
-1.319170935295946312e-01
-5.229998103334632109e-02
-2.859499654258432222e-01
-1.095002563355918640e-02
-1.725118672309058077e-01
-8.682242810889835571e-02
-2.151367605233026614e-01
-5.768745334972534555e-02
-4.195973841828117834e-01
2.866416763988774430e-02
9.473464539462535250e-02
6.773982605116343758e-03
-9.711807533260002900e-02
7.545100429208223547e-02
-5.940927425858333333e-02
-1.855512718136115846e-01
-2.893753902132368827e-01
4.128707476175410562e-01
2.085321371839026217e-01
3.023507547473427287e-02
-1.896237439480530362e-01
-2.451413148650243845e-01
-4.990428040492696227e-02
7.471810114553287252e-02
2.579814236328005772e-01
6.470362358949185988e-02
1.878781531723568501e-02
-1.747967439310537663e-01
-2.916797424016499135e-02
1.198755949663609377e-01
-2.868559988303732156e-01
3.016696876217994649e-01
-2.702514152567931927e-01
5.377335832608148847e-01
-8.370189255778817672e-02
-2.602296085987556018e-01
-3.877584659500820097e-01
-1.757413078270607110e-01
1.599558908067714308e-02
1.136973571126196486e-02
1.928217847384510741e-01
-3.491939380023889594e-01
-1.974397235309703624e-01
2.877454263043405236e-02
-6.156997257737172741e-02
1.308246067241941590e-01
-2.895100368629249243e-01
5.827987518471561268e-02
-1.259298432323409378e-01
-2.468045637110621859e-01
-3.495446098656391776e-01
-3.662543222106687951e-02
-1.618649809974488374e-01
6.017105182998691015e-01
-5.889794207502764556e-02
8.650850668255835596e-02
-7.213028795699177875e-02
3.200654639375661858e-01
-6.875128875505193832e-03
1.810586616844798158e-01
-1.074980883666704079e-02
2.913569913816414780e-02
7.834711330041560506e-02
-3.642486353859005210e-01
1.914519676874270118e-02
-2.075309343198219469e-01
1.964659789185153882e-02
1.829929495391792449e-01
6.394064525770784199e-03
-4.159971160155855052e-02
-1.861584846424687578e-01
-2.224145671723649076e-01
4.858907078318028261e-02
2.351667076731398659e-02
4.200800058572978779e-01
-7.536319590226359111e-02
2.034705788459675868e-02
-5.138964389139755173e-01
6.952307255931852725e-02
-3.383480018257934985e-01
1.351713546146354472e-01
-1.472214966086277110e-01
-1.543575069097793961e-01
-1.270535451920251635e-02
2.311201595186888058e-01
-1.463477499656518077e-01
3.165387612931318539e-01
3.410649193410904972e-02
-2.466424492878860897e-01
1.415719011570625574e-01
-2.157017196409623527e-01
-3.971783027514569353e-01
-9.938063600284276211e-02
-3.998211433330432080e-02
1.772467723233043801e-01
-2.054242146379609002e-01
9.481140744485717919e-02
-1.286974245810885431e-01
8.510523128666812320e-02
3.717639683293100239e-02
1.749132834967819794e-01
-2.629452772665445415e-01
-1.189926293428918702e-01
-1.137527414764446243e-01
-8.403401280670741436e-02
-1.607729963089061798e-01
-2.275030847238010412e-01
4.539750123578631391e-02
-6.610169385010743193e-02
-1.893503752689838504e-01
-2.323368245107199637e-01
-2.245802219485079909e-01
-4.860503300910233859e-01
3.650343429914056081e-02
1.591289818484025176e-01
5.240144966211900124e-02
2.675888969900077075e-01
3.226163164553508267e-01
4.642143351165332887e-02
-4.287008465235687682e-01
-1.056625388999961057e-01
-3.920022059476931942e-01
-7.685796586663733165e-02
-6.969369511626996583e-02
7.688866954049911051e-02
4.777022338070918001e-02
-1.850636022019923332e-01
7.534415042658190731e-02
-2.986181628863293636e-01
2.550943846986271080e-01
-1.124730139208505314e-01
-1.576275877764220790e-01
-1.679579151770825840e-01
-1.713006932007774819e-01
-1.099165046555644759e-01
5.370632147064696715e-02
3.401815167561296482e-02
-2.509354532947195571e-01
1.092543839548324736e-01
-1.858877291310914726e-01
2.810173276481130189e-02
-2.914063251187936632e-01
6.932192036054535267e-02
-4.152300366938049825e-01
-6.692469287726579563e-02
8.131063949011044234e-02
-2.415046052756660844e-01
-3.209417876386432278e-01
3.105405438135419027e-01
-4.769718645603822083e-01
-3.543321299701926996e-01
2.431253303071224392e-01
-2.418890439998013786e-01
-4.896740044570142558e-01
1.012086448079606293e-01
5.654668202760897155e-02
-2.205153354997628212e-01
1.813524919840374394e-02
-2.489903506879828365e-01
-3.610947927935026502e-01
1.309503283796435436e-01
2.096119987846730148e-01
-2.860841503715774170e-01
-2.576550946563155864e-01
3.695741379753748890e-02
1.966904273165300809e-01
4.396663085036994767e-02
-2.988604669666528046e-01
-1.991312882157506015e-02
1.750135132529352100e-01
-2.702622624574138599e-01
-1.597891022241310632e-01
-1.521090345516751263e-01
6.358717976094825641e-02
2.173897266032595033e-01
2.324706094870063189e-01
2.224071629258384530e-01
-9.100439099667240184e-02
3.076725966909283488e-02
-2.014510441165584531e-02
2.822366881513070358e-01
3.356426598147667639e-01
2.333303956120104383e-01
1.007888162886450834e-01
1.380185650317657386e-01
-2.205520210564896333e-01
-5.640682199955907722e-02
-2.426888565806083198e-02
2.917986183083020046e-01
2.290588285280588665e-01
1.226056012776052112e-01
-2.620614675969968888e-01
-4.326591559347952795e-03
1.091015366910199832e-02
3.448426081906427187e-01
5.929313903098895611e-02
-2.368918305197305341e-02
8.273273690431476313e-02
-5.338196647317517557e-02
5.906424472284173277e-02
-1.241431705080093262e-01
-1.242896669384874475e-01
-3.439254279923949567e-03
-1.719821573404894943e-01
-1.920170384019025400e-01
-6.171525020403501732e-02
-3.219667321053192865e-01
9.070590574919309979e-02
1.688196788854082198e-02
1.570460537434067438e-01
2.889005289897908502e-02
-3.750486016550598767e-01
-1.243219801538863675e-02
1.629764673852854284e-01
4.032705418237778616e-01
1.875028123401848573e-02
-7.754510697850419687e-02
-1.900016839627802212e-03
4.724854361275945824e-01
1.268509669015924213e-01
1.172989997746947399e-01
-3.463575019020880830e-01
-2.444626419793291539e-01
-3.110837961179351019e-02
1.673158747843673244e-01
1.867496086721607829e-01
2.973671853050802866e-02
2.372055760559918514e-02
-2.435814343807164370e-02
2.626239041319943235e-01
-1.550254168147581317e-02
-4.553819287324616105e-03
1.236858603568548876e-01
1.603903330035573171e-01
6.263735183174154453e-02
1.184944403728274143e-01
3.102132497815378032e-01
5.964546308405080377e-02
1.749352821173672246e-01
5.622977527170568146e-02
2.803653872214779130e-01
-3.180094124846776782e-01
-2.660231070231527939e-01
3.146264785574127143e-01
-2.805561828515540368e-01
-1.249337661306849506e-01
