-2.191356432095559192e-02
4.448646602947582407e-01
-2.466901614955738786e-01
-3.017639385971148114e-01
-8.136914168951624449e-01
-4.399713640094603528e-01
7.737373355350521953e-01
-7.257193736455116451e-01
7.520164282770022135e-01
-8.175290373857746484e-02
6.209665686364775894e-01
1.141455568537110832e-01
5.034102557780079090e-01
5.463332468785434548e-01
-1.326266988227527976e-01
3.707137836827520960e-01
3.110576430079725618e-02
-8.979482603230026783e-02
5.877643247747416089e-01
3.860046507845545927e-01
-2.596325519555507944e-01
3.443383874926491117e-01
2.936413932299869467e-01
3.169539414135782440e-01
-2.938748255165604117e-01
-5.868429420082180714e-01
-3.668398894956438339e-01
2.489985723525661721e-01
1.316175993033218417e-01
1.701112923833135726e-01
2.321173728008080195e-01
-9.306591749116636114e-01
5.358059284039350390e-01
-9.781910831544727847e-01
-1.574379622328936357e-02
-7.101936538040648506e-01
4.512458969493764460e-01
1.421556324487829315e-01
-4.427179069650782894e-01
4.824453231514236329e-02
-4.881386804383258671e-01
8.253457527108156722e-01
4.947740381339142957e-01
5.554758763826295187e-02
-5.263486478816563618e-01
-6.773689793638481005e-01
-7.440957204736525776e-01
-3.539230463143319128e-01
-3.751695762954748714e-01
-3.142415682013999234e-01
8.162480915642332802e-01
-1.411072654744669475e-01
1.919379435420378588e-01
7.667446067674797971e-01
-5.155500689199450370e-01
-7.341619438632596140e-02
-2.975090491700581596e-01
4.015564652440489768e-01
-7.972009666860986332e-01
-8.029780457969565299e-03
-4.466028806631827663e-02
-4.341845412294372819e-01
-6.882926426184080571e-01
-2.388445664302405458e-01
4.479944576986888416e-01
3.830099329678108289e-01
3.546082842285120940e-01
-2.665936722202713050e-01
-1.769786466750639664e-01
-4.609924184421326787e-01
2.583524218881402268e-01
-2.971438094077479830e-01
-7.236194791431826978e-02
-6.154827754711011956e-02
-3.063609482607443368e-01
3.814062148306848199e-01
6.330390360259087190e-01
2.845640166357360501e-01
-1.696888935276607002e-01
6.801036350173267353e-01
-4.839805888124766309e-01
-6.509638296894559861e-02
-3.223343536799406772e-01
-4.321168826143846342e-01
3.786305322329116541e-01
1.089891534523322880e-01
1.583054714345335512e-01
-2.234218027107340854e-01
-6.191686952089274776e-01
1.016925810824540477e-01
-1.207483253603032214e-01
-4.203851879024897986e-01
-1.514974047687154268e-01
7.025395453486968922e-01
-6.152803805708366713e-01
5.766408181307665082e-01
8.126595021389126927e-03
4.512407334446196794e-01
7.443085291413356064e-01
-4.323842501160084506e-01
6.147012870765717896e-01
1.097013228835314047e-01
4.755610146057489551e-01
5.265246412682055288e-01
-8.979356501443646055e-01
-3.492454940887712578e-01
1.043403811269790760e-01
1.861700805064269160e-01
5.214173251390311625e-01
-3.364584716220585525e-01
2.124603230551910804e-01
-1.190407180414800870e-01
-1.922144739504460520e-01
4.937509780756301758e-01
3.472647781324619265e-01
2.183553458862665941e-01
2.677295172049330985e-01
5.423760957834714569e-01
8.818781639412026641e-01
-4.428627245094308718e-01
-3.848360600813904298e-01
5.087035250402716091e-02
5.843911822180913873e-02
-4.652907150519385304e-01
1.421207565166927589e-01
2.078001691164023113e-01
7.339028228165082046e-01
3.951758128656612801e-02
2.464851317468078618e-01
1.480210507774636364e-01
7.354510317138168718e-01
-4.197517961881047643e-02
-3.740845669030590237e-02
-5.152286663168395009e-01
-4.502551499845043326e-01
-1.600668617952862305e-01
-6.404118564890276533e-01
-5.282357620924064134e-01
-3.516034096523475982e-01
-4.948318567695231263e-01
4.635103878949061729e-01
-5.297411712921722415e-01
-9.997294808587886550e-02
2.085322924342812856e-01
4.246265013008582168e-01
-5.857735751434522964e-02
-7.100806837636897129e-02
-2.751901007618379191e-01
-2.382193760849370401e-01
-1.035436630473118846e-01
-1.087105085739170640e-03
-2.326361801794928352e-01
6.117379331669141607e-01
-4.146150016923479953e-01
2.429375332506709118e-01
2.825008577202963167e-01
-1.419638409606540641e-01
-3.659784028610131301e-01
3.481148726987872699e-01
-2.583151430371385393e-01
-3.268930293656188701e-02
2.482813094679636734e-01
2.492452791090654651e-01
-6.681135970733620422e-01
8.100494623040893627e-01
-8.719388169864139559e-02
-5.610253874386769146e-01
-4.627093013967680246e-01
8.669812817011138817e-01
2.765796269863692869e-01
5.517709266549990499e-01
-2.307540794189456568e-01
7.269652533617441126e-01
8.242470467051168370e-01
6.215271780691330461e-01
-6.863387638777673772e-02
5.534491506715789599e-01
1.490521928747372549e-01
6.148836102326737940e-02
-6.898860216291874403e-01
3.189837711558101141e-01
-6.294113264979254163e-01
9.565743965502493396e-02
-2.658610281317589363e-01
1.000402796201205202e-01
1.453472990711013324e-01
5.670892009520765997e-01
-3.864459248882479159e-02
1.169590784267833805e-01
8.003962305114975528e-02
-8.237968782851389227e-01
3.522539414298180294e-01
-4.271929431332244231e-01
-1.146970747897937404e-01
-3.158551988133457833e-01
2.662868708616009661e-01
3.095219805969553484e-01
3.469930938086639438e-01
8.017382917393544028e-01
-2.930440886678109536e-01
-2.622250747247012459e-01
-2.470065049080838460e-02
1.344472769670513879e-01
4.580071937935735749e-01
3.687854350426809091e-01
4.532336428369270198e-01
3.194935190585290741e-01
1.065316153698330215e-01
-2.054549628953213913e-01
6.119135545323686198e-01
-2.137820346040616437e-01
2.727194540214901153e-01
2.634613349287161510e-01
6.403417316410768834e-01
-5.574438508005695736e-01
1.319986353682752744e-01
1.345532132088572697e-01
-1.719957246048090527e-01
-5.355277815885887138e-01
4.335511677693590360e-02
2.091991982393646698e-01
4.932213016144028073e-01
5.558396807322841804e-01
2.834280783863248332e-01
7.038597286470428260e-01
2.706253490379876836e-01
-5.397029547690678219e-01
2.363795613095323045e-01
8.452222048332747040e-02
-1.281565317349604438e-01
6.835347440047889744e-01
5.804068914639248788e-01
-6.222936815991783055e-01
-3.599235910853286757e-01
-6.734010809752660753e-01
-1.005169288761973423e-01
-8.801744186844207007e-03
-8.295212671016483075e-02
-8.538294342143215587e-02
-1.098226805153605934e-01
5.039492049379242777e-01
2.985461455779647721e-02
-1.498366512578623300e-01
-2.482633974843364566e-01
6.770273801852766393e-02
-6.433441997147830715e-01
-1.115589739989176765e-01
-7.119619718165309807e-01
4.851049854427331720e-01
-3.696289202766559479e-01
-4.971625867366009643e-01
1.991723505147535711e-01
-1.473913919589073807e-01
2.941601721015966175e-01
6.520245076176817145e-01
-5.162354503700167241e-01
-1.195892990699036762e-01
-2.922957924381952566e-02
4.709260861316015845e-01
3.559981544226433758e-01
7.849530001541337176e-01
-4.554496999651421740e-01
-3.818837292828755059e-01
6.920409738596419169e-01
-2.785380740946384881e-01
