-2.565748340814873463e-01
3.190381825233120083e-01
3.002626679753045980e-01
-1.750564499517956452e-01
-5.294718836892539082e-01
-3.474159648063766537e-01
6.248262172675962400e-01
-1.926173845058175016e-01
8.477338864170079480e-02
2.397435456844385082e-02
2.334621151112467596e-01
-2.137346415904161356e-01
1.950932680321688650e-01
4.206620068420355851e-01
4.414638200408694813e-01
7.384736872743578040e-01
3.376961706157993737e-02
7.490711829436380587e-01
3.020482994662885834e-01
1.101136477751840231e-01
6.359381017216039211e-01
-4.940935639880196240e-01
1.159751135002405065e-01
5.945232758963392428e-01
2.126235050952875461e-01
-5.776267616190328136e-01
5.150882873989990340e-01
-6.682548083668397032e-01
4.267070355669171922e-01
-2.122588214135934237e-02
4.213189286872519590e-01
-2.199785773050441651e-01
4.426671760134172628e-01
-8.856730817641549069e-02
-3.274546304713868428e-01
-6.982670185121454542e-01
-2.250644765625986199e-01
-6.577214176495677078e-01
-6.866666669319964056e-01
-5.624249850002874807e-01
2.579462401922252290e-01
-4.518357055926299770e-01
5.504590067300203504e-01
5.220894909993978317e-02
9.480658412867565277e-02
-6.434908265065081290e-01
-5.526432121904927275e-01
-5.187743750479025806e-01
-5.120485091161133262e-01
3.223272106970759276e-01
6.603153524125042750e-01
5.013063534932855614e-01
-7.497353412285967522e-02
-2.769118135187182972e-01
-3.638117078235918456e-01
-2.231144374605373293e-01
2.463274634660680140e-01
-2.897023984148729414e-01
-3.907926942544344140e-01
-4.148358939782911259e-01
-5.918839072870606399e-01
8.222565754606424582e-01
7.288057210758166482e-01
-3.730289203771131046e-01
2.387380621905682565e-02
8.438041134804002974e-02
2.785310562407076751e-01
-4.867777683107024078e-01
-6.396814258991636581e-01
1.778669195420010118e-01
5.276775626368579442e-03
-5.778909463185530893e-01
2.697332686416586411e-01
-7.473820583349686242e-01
5.534395004650209948e-01
3.019213169125389840e-01
2.682657736914005886e-01
-2.982424776483973416e-01
-2.063680740358188603e-01
-6.225477975716388057e-01
7.465180862830747555e-02
3.472978771338851578e-01
-4.610446922488800059e-01
-7.872567545727407468e-02
3.906591987759971962e-02
4.933951814199303287e-01
-2.589601684501160461e-01
1.596995053528808828e-02
-7.413959686392443960e-01
-7.789173965466498206e-01
-2.157287685648094921e-01
-1.692026890715761511e-01
-5.270125410731014703e-01
-3.823792986804877558e-02
1.983224173993255457e-01
-4.821180333620790348e-01
-3.850978039528331343e-02
3.292174677966414609e-01
5.407720483330151762e-01
-3.948657122399619746e-01
-2.799859978952036199e-01
4.795545739000976471e-01
4.166973951244835606e-01
1.423093078156485725e-01
7.717306542016472148e-02
8.422114992781353227e-01
5.823616449577238008e-01
-2.338866294080234887e-01
8.059306771450003293e-02
-1.483141033319458069e-01
8.897227353084409263e-01
-2.105378097014222183e-01
-8.650444220809219154e-01
9.790986865821199592e-02
-1.350790210099409028e-01
4.681830578088095884e-01
-1.472009545851400703e-01
5.620741300013503139e-01
4.817322111938578955e-01
-3.947514259628753797e-01
-5.246821186201273690e-01
6.928149990914861389e-02
-1.632712023067726115e-01
-5.295661424999146272e-01
5.955544386772998466e-01
-2.361541017369587769e-01
5.315289301366379338e-01
-6.437168650697260297e-01
4.649222092899812364e-01
-4.555537936338054372e-01
-2.637552254348003722e-02
-4.491834564422152454e-01
-4.409382077192176563e-01
1.463597287994142515e-01
-8.093167915081440622e-01
-6.848183227206634527e-01
-6.964644280861107539e-01
-2.293456805841981305e-02
-6.033597016842725536e-01
5.554347302057038860e-01
-6.431687138520643110e-01
4.714904866983287146e-01
5.093838303742311835e-01
2.364876275717565091e-01
6.493868499447128517e-01
1.185604567042794488e-02
-5.122899673744296667e-01
-1.181115818294141140e-01
4.417231441041795659e-01
7.319949427532301822e-01
6.450931469284665321e-01
-4.420565999342135344e-01
-5.099108178032094596e-01
3.392399277179116712e-01
-6.697662198894488439e-02
1.823259980205404474e-01
1.252908775169094269e-01
8.700830391912521555e-02
6.506839497875371858e-01
5.442781032085187987e-02
-1.902909988963273069e-01
1.503104953819286993e-01
4.056765436041579465e-01
4.665773539870661235e-01
-3.387038593110046070e-01
3.298559853038996459e-01
-2.074243768629965845e-01
1.848021606825944740e-01
-2.354442721435368591e-01
2.875600673920272743e-02
5.847190616297177623e-01
3.251527030759868153e-01
6.900415083289757057e-01
6.827569971998665999e-01
5.957298736400723493e-01
-2.136543506923820890e-01
-1.547091443444810199e-01
-4.778560398620995131e-01
7.672483627469524059e-01
-3.666231474854876327e-01
-3.558098023713755498e-01
-4.003751048641677190e-01
1.790232100426162876e-01
8.077476279251651903e-01
-2.874479438632724926e-01
7.399012812925489513e-01
-4.602997690425971733e-01
-2.232381675272800681e-01
-1.519852812088079153e-01
-3.030207741678914712e-01
-3.906626625519644680e-01
-3.175655518645921771e-01
-7.273212999129981260e-02
6.232572627123993403e-01
4.494745273733588564e-01
-1.275370752576272249e-01
-2.011138792551731003e-01
4.981672542605036225e-01
-4.270894815904230368e-01
4.086917178909234560e-01
1.961445488249676794e-01
2.374397053804657987e-01
-4.635271496578230455e-01
5.990464909015222883e-01
-7.047271754670839661e-01
5.598525065201167550e-01
8.754880898895530672e-01
4.720881422494004331e-01
5.045092869791567569e-01
-5.947955404766807064e-01
8.971828799833864165e-02
2.564386087213508802e-01
-3.911113734746413106e-01
5.437747624084616760e-01
2.077498375679507903e-01
-5.485807603876402538e-01
7.459118869335292779e-01
-3.851933816195712845e-01
-4.920832751572127295e-01
2.329728093786759269e-02
3.865936921870753995e-01
2.666679853311592074e-01
-4.498263436102982737e-01
2.094396563651508281e-01
-1.570231059886554592e-01
-3.845080212069932335e-01
-9.236974425189067861e-02
-8.405973199008164032e-02
6.242865275734191810e-01
5.654189593903737876e-01
-4.942386215963663898e-01
5.876103090262325690e-01
7.243828216553183097e-01
-5.288647799285629558e-01
2.006874486539054203e-01
-5.784205828807175154e-01
4.188344808751529591e-01
5.636770959702392947e-01
2.458700549737530550e-01
8.021473262122051917e-01
1.463651700094040775e-01
-8.094319669626092173e-01
3.160719804810642464e-02
2.555964276047566486e-01
-1.225313868816887419e-01
3.687393690309092587e-01
6.729564141719182047e-01
1.677047212061101300e-01
5.326805466027988434e-01
5.231768616752519030e-01
-1.411449005808924906e-01
6.046353252313885207e-01
-1.882782699025861428e-01
-1.011340238734128316e-01
2.033112419287399220e-01
5.566196579972337855e-01
-5.340010475002162638e-01
-1.964994301626725448e-02
-2.719589562892175127e-01
-4.829810138601360325e-01
8.224762927073470120e-01
-5.954875407560531464e-01
6.333381987153293702e-01
-3.862718980247138445e-01
-5.028215249056283698e-01
