-7.157425601881928223e-02
4.739541127659495368e-02
1.119675576569738318e-02
-8.733435709700254623e-03
-2.799157983887164969e-01
-3.806188048741609986e-01
-9.149817007633870292e-03
-2.064935135510918562e-01
-1.227194777039973261e-01
1.020135022627130517e-01
1.498314387239236267e-01
1.458925006768918287e-01
1.064822041152229809e-01
7.715842302946814002e-02
-3.051361524338484094e-02
3.498610540279115111e-01
-1.615347186941132884e-01
5.015005035670361266e-02
1.352643376299857425e-01
2.456012863846660788e-01
8.654542275407231533e-02
-2.225792507297200129e-01
-5.143675493316577502e-02
3.077920181152792312e-01
-2.880203197779340057e-02
-3.126733617477028826e-01
-1.270846436036974225e-01
-1.420598662599577289e-02
1.630791841770116435e-01
3.622010415958128171e-02
-5.329541168852078986e-02
4.391889902418341651e-02
1.400621640977909310e-01
1.166023171945531900e-01
-2.065222598931098497e-01
-2.079805915432813568e-01
-1.369025116311636814e-01
-7.884880211395328686e-03
-8.831725852908567376e-02
-2.838938352355087347e-02
-1.378877332767835528e-01
-2.275553172843538391e-02
7.884676764585335507e-02
4.626345964596370597e-02
1.021261208297474798e-01
-1.125582235609920712e-01
-5.731614111885428020e-01
-1.648661541033188960e-01
-3.495742842850504406e-01
1.047394324919998787e-01
4.446299525679193732e-01
7.057985333256228122e-02
2.209515382733069355e-01
-1.464829491062085154e-01
9.892747000605903174e-02
-3.545685883003929506e-02
-6.820132336403128548e-02
-2.304573777852088889e-01
-5.414427418019464311e-02
-1.734650947435869561e-01
-1.613334186254280211e-01
3.327393396305257101e-01
2.733881205114177537e-01
-2.565877925537807802e-01
4.814635427597412087e-02
2.113763244378608352e-01
2.768458692107076541e-02
-3.096746878706866379e-01
-2.677617550781741240e-01
6.754651299889338767e-02
-1.919660392781253472e-02
-1.589939036365163316e-01
2.578456214654161194e-01
-2.486633141463227559e-01
1.088356488360985863e-01
8.172252009408369211e-02
9.873533163989227368e-02
-3.245127070394946411e-01
1.356723512004038013e-01
-1.781668103036185280e-02
1.093740717186002520e-01
1.841086665255562416e-01
-2.194321409705329295e-01
-9.206129061447515527e-02
1.619514569228934220e-01
1.243978493443787109e-01
-1.829764988178032847e-02
-7.843376901082804720e-03
-3.522010668181132509e-01
-9.558295118962437109e-02
-1.155163797667677766e-01
-1.202035250206607564e-01
-3.386420007214014372e-01
-8.338921807239632611e-02
1.629487078312453208e-01
-5.138370204284456455e-02
-7.304256405799406521e-03
1.617837954206359785e-01
-8.698925665465051527e-02
4.464715079183848023e-04
4.940622904008647870e-03
-2.794478750676359091e-01
2.003473021232499429e-01
1.649517097341016980e-01
-1.527854162003482175e-01
4.721682458740842359e-01
3.237195206063030462e-01
-1.323560093560070261e-01
1.267613601742085816e-01
-8.546388449695108136e-02
2.643615735614455731e-01
-1.394558935405246780e-01
-4.115115289098304485e-01
2.613831513734365952e-01
7.398961674578735659e-03
2.219773259959236800e-01
4.810719228974538741e-02
3.078938706465617070e-01
1.518728855224777963e-01
-2.739145485539312697e-02
-2.623931671854637937e-01
1.541506353412760988e-01
-1.804702332315188951e-01
-4.226730362402955632e-02
2.417732162822009423e-01
-3.900985284498670880e-01
3.243420930982325867e-01
-1.961341798138242498e-01
2.231260758444404413e-01
-8.737742989757692202e-03
1.532459325891866453e-01
-1.361635807620916738e-01
1.182446533288731838e-01
-2.106423835493612395e-01
-2.278904769417185172e-02
-2.680297540427012404e-01
-1.689270941483747568e-01
5.806406441850492373e-02
-2.384546155098587472e-01
2.311182050133011590e-01
-2.159423790700089330e-01
-8.365934066467134445e-02
2.754195982241358642e-02
1.046060797556405339e-02
1.377619373366525402e-01
-1.241804184060118221e-01
4.311162700714410434e-02
-3.556320609385856812e-01
1.928654516992620582e-01
-1.887307305343732811e-01
2.044447275805810482e-01
-3.541301874539515282e-01
-3.110607887699393670e-01
1.404922274593298770e-01
-9.684293592848439158e-02
1.147242691815931748e-01
9.506363618174387686e-02
9.218124758723544865e-02
2.795928054111610633e-02
7.797380928773850473e-02
-1.490770879528789394e-01
7.488049769295550273e-02
-5.511763360998735151e-02
-2.167523221052683469e-01
8.830749683382567439e-02
-1.142865354176259840e-01
-1.794823463037983902e-01
7.774222028219715530e-02
-1.367996160018840612e-01
4.213808777535123923e-02
1.161417472610096202e-01
-1.322216622025421118e-02
1.951089789242672345e-01
2.812118713728761765e-01
-2.753996747800493416e-01
-4.603690005177013544e-01
9.944005811120856797e-03
-2.157121668404578252e-01
2.529815644528204399e-01
-1.888197335351597395e-01
-9.552789380904402883e-02
-1.317524055537141747e-01
2.597081824948408932e-02
2.319838671281244935e-01
-2.541320347326554430e-01
2.985066029516371122e-01
-9.644648466530028608e-02
-7.015674320968054434e-02
-1.702337713108056372e-01
1.054295322661951695e-01
-1.141816912041059978e-01
-1.082817632669841046e-01
1.905781109643624738e-01
5.037190638135183862e-01
3.932197860478458540e-01
-2.312466838886297893e-01
-1.837770656904419431e-01
2.621955066108020427e-01
-4.364275626071624781e-01
6.679215739216187026e-03
7.545589344138417531e-02
5.227244261303685136e-01
-2.512872177202898349e-01
2.018891125135635622e-01
-1.681772612178150939e-01
1.065157674504752239e-01
2.091315021379511196e-01
3.742472911556250503e-01
1.428914614861045151e-01
-4.209542110267169290e-01
1.000392970115859259e-01
5.858893156155271092e-02
8.142265302625462109e-02
3.235156373625943660e-01
1.754149388341934568e-01
-3.066350457685377839e-01
3.174638527909767749e-02
-1.540148106650791326e-01
-1.570042636975473305e-01
1.469488304273645352e-01
6.183763481624148656e-03
5.740774585120046736e-03
-3.147330285653272552e-01
2.550632057338135805e-01
5.380387022776739192e-02
-5.925994684683533187e-02
9.184587881812637800e-03
2.690194064701884602e-01
3.161721963945838265e-01
-2.110500900915916744e-02
-1.424882149360642836e-01
-4.745234502402138899e-02
1.759040764221411757e-01
-1.353260413164124043e-01
4.585614987288641475e-03
-2.026073356905131462e-01
2.610863310871781029e-01
1.977022888299563019e-01
-1.381818917858702589e-01
-8.451639973890964774e-03
-1.052014395305226058e-01
-4.520582788806954966e-01
-4.206462295325290313e-02
1.659775837282927158e-01
1.354151984509450735e-01
3.805591841289676647e-01
3.057413702547669976e-01
5.605066177665345151e-02
1.627878317800205976e-01
2.667716991520990844e-01
-3.274578580249777326e-01
-1.031658391231805028e-01
-2.773490326723692112e-01
-4.024635859735063020e-04
1.834227062248630913e-01
2.694223163814420396e-01
-1.092232678523607364e-01
-3.859985871568513693e-02
-4.510944875338873672e-04
-3.477854564578698460e-01
2.151232210806114376e-01
-3.277084134546355276e-01
1.897989231143785704e-01
-1.912847916988129060e-01
-9.161928675131150723e-02
