-3.316880644035612447e-01
-5.227504437316594643e-01
5.788863978793776788e-01
-2.449629999671730785e-01
-3.060111682557044577e-01
-1.962832452220194535e-01
6.927187102607310631e-01
-3.364660725437843003e-01
-1.590903097338525196e-01
-3.536331364933402721e-01
2.804698117359376019e-01
-1.665339542208290613e-01
-6.744584848872894889e-02
-1.189782550956229312e-01
6.522477964688007113e-01
-2.768903425620652947e-01
3.020532150957129236e-01
3.298740368755488372e-01
2.724642653368995471e-01
-2.441242804220666307e-01
5.517797418852192770e-01
-6.469551807875781879e-01
-4.582050980614552071e-01
1.936620857027234188e-01
-4.594311523010535803e-02
3.079406208269969136e-01
-1.533711585778121944e-01
-1.077180623303361506e-01
6.951632124465800810e-01
5.530207293902184018e-02
1.555978326435139558e-01
5.125072608414403819e-01
6.956524538799710999e-01
6.450943367979951049e-01
2.999761838356336807e-01
-3.203439359651429896e-01
2.046123580709850454e-01
-6.946755771710696470e-01
4.726613461600786548e-01
5.223582282368839369e-01
4.372619964299342410e-01
-7.268170247967203901e-01
-6.527379934129662331e-02
-5.939002245019514570e-02
4.770990349483105741e-01
9.846229006199802569e-02
7.621611197755270295e-01
-6.329554478353204283e-01
5.537922146032969728e-01
8.409671660307121988e-02
-1.785596077280028893e-01
5.479267081845776710e-01
6.501879141771005344e-02
-4.089818069380057874e-02
-6.015309612069532630e-01
7.225964459995626310e-03
-6.153141593910926854e-01
7.728990128491608491e-02
6.927601578693524109e-01
4.456893338465968690e-01
-5.252479152163727072e-01
5.432794945858407942e-01
2.029992714210580029e-01
4.241535074491257773e-01
-7.405301225648498464e-01
1.967704166061688964e-01
5.749196505003317803e-01
6.916681636663388755e-01
-7.429313569854547605e-01
-6.202478521941152678e-01
-1.348692831609110132e-01
-4.278770193909479103e-01
-5.845194154777566542e-02
3.326695900878051670e-01
4.180840210770828680e-01
8.370543556650478223e-02
-2.824629062654466227e-01
2.386175068030010060e-01
5.327120179959445867e-01
8.436954006972847697e-01
2.007516795221239714e-01
-8.409168076970514605e-01
-1.392719345792781116e-02
7.917830580047469091e-03
4.719857008022355638e-01
-9.818069461991743019e-01
-3.351190685208398912e-01
6.466149445988753630e-01
5.068777559620837314e-01
3.608278217771345719e-01
-8.254243977540862698e-01
-2.938361010692960296e-01
7.600894683712849931e-02
4.183675507037253327e-01
5.055790975010522326e-01
1.231310561267910386e-01
-1.995655446768379582e-02
1.243470700856952882e-01
9.395391318728624208e-02
5.941655810266462945e-01
7.364835675852819952e-01
-2.943744666494868545e-02
6.696991060979747834e-01
-3.582738727886069507e-01
-7.972073085460127384e-01
2.347914082867449403e-01
3.923714590965837745e-02
-2.536365606759533042e-01
-6.873822936871252232e-01
-5.555920641913467684e-01
-5.340091410420116924e-01
5.612047357910346368e-02
4.158978357455625496e-01
2.941042916715926880e-01
-4.138552686271805281e-01
-3.188169692646207753e-01
5.506476743814164854e-01
-5.578527693384675024e-01
-5.820692842989088067e-01
-3.098846113968596883e-01
9.458685458855953243e-01
-7.670016801392931516e-01
-7.373929938594578903e-01
5.839816983567565067e-01
-6.020545220657504970e-01
6.555074109388787651e-01
1.225829849793534931e-01
-3.884066032161164195e-01
-5.730361701655946050e-01
1.839803214638002782e-02
-1.989434666799286822e-01
5.504402435993970277e-01
5.384962758125639848e-01
-3.389235532675165530e-01
-1.269700738104225790e-01
-7.635843116850773438e-01
-4.074140691467892372e-01
-5.296576554176863905e-01
-7.802592999598034762e-01
-7.917541440574900058e-01
5.670373220532242131e-01
4.287371413697292910e-01
-2.260524622650617044e-02
6.446947627725696517e-01
-4.913301355834332473e-01
4.384675934598465386e-01
7.508390992184066359e-02
-3.274462694741445690e-01
3.858137770446629089e-02
8.221902932569217226e-01
-2.502161229286549715e-01
9.499952359992330786e-02
4.228284956711503839e-01
2.252150217746413663e-01
5.056834647407881800e-02
-2.013236277219420112e-01
-5.396704866742432216e-01
-5.237539824103785158e-01
-5.326278634878967022e-01
1.201719389229658486e-01
3.103192096957401724e-01
-5.901642502501398546e-01
-6.330768123114455248e-02
-1.087244790957553331e-01
-1.984903112744864639e-01
3.615318418855018034e-02
-4.715526394747132644e-01
-2.524608803630278286e-01
2.924295316199498340e-01
-4.553465085258783240e-01
-5.846897807104729505e-01
-6.631484445656276039e-01
-5.872835148538724237e-01
4.271021746583215095e-01
-3.277901473566148249e-01
-6.200000307789050868e-01
-8.729100215063642088e-01
2.329207376270979735e-01
5.431657151257498484e-01
6.055657387189168350e-01
8.609380309688681177e-01
6.889756543992192617e-02
5.788923832674891523e-02
3.163680680001755285e-01
5.385484750680968880e-01
4.958916429771357826e-01
-7.259705597075666317e-01
-8.219164565454792903e-01
4.039508815433848210e-01
-3.173417404360373562e-02
4.542344856834354405e-01
3.420679853272596271e-01
6.588828152872201471e-01
-7.141200957574992403e-01
5.097820638047033670e-01
-2.327540265641644956e-01
-3.865656950884904797e-02
-7.043526204408254721e-01
5.550187555960890418e-01
-2.553209074611835772e-01
3.441122218860110937e-01
-5.643053537185983570e-01
4.053728826277368524e-01
-2.882436276612317938e-01
-2.652762516101067614e-01
2.216487027692448653e-03
-4.524496314102807171e-01
4.419722330187015880e-01
1.676962738447381196e-01
-1.109577128911630461e-01
-4.099404159229803057e-01
3.089822169933306717e-01
5.323960037002721801e-01
5.538079176110248802e-01
2.916421045439707149e-01
-4.852643719882088202e-02
-6.227559073786665955e-01
-1.817526803381416256e-01
-8.305120777725039094e-02
2.853027556850191160e-01
4.900963384820107294e-01
-5.243212673165196236e-01
5.114209270997917001e-01
-4.394514451102844443e-01
5.874427357644291803e-01
1.926882651814376679e-02
-9.235881469226034923e-01
7.703399742850141063e-01
4.748840894299954929e-01
3.464484392869394136e-01
-6.934960390394644403e-01
-1.972870184831393425e-02
-2.100459302877435430e-01
4.912949419303179743e-01
-5.949059473475604154e-01
-2.955838697580689955e-01
-6.643169796936554405e-02
-6.247780071667657920e-02
-7.807210964403404896e-01
5.703991076709957753e-01
-1.647549223437764776e-01
4.316002002233125245e-01
4.256036805141591994e-01
-3.848150772402455511e-01
2.524498624696997484e-01
-4.025976764393424667e-01
5.772691228243382877e-01
-4.404017230197426747e-01
-6.553087885333874762e-01
1.487564764560684871e-01
5.830500173400194885e-01
5.251416743403114484e-01
-6.305949885395590870e-01
4.204897916885722009e-01
-2.807004980256491700e-01
-1.495405517931859274e-01
-1.186285844327567007e-02
-8.006830627399961209e-01
-4.773927826350226611e-01
-6.765329581152437211e-01
-7.577805787341540533e-01
3.019760802164137004e-01
-3.882161944332517267e-01
-5.166881255087112379e-01
2.215572523799843041e-01
