-6.049365443179774426e-02
1.305974265167602621e-01
-1.048814612625055265e-01
-6.048843015584469407e-02
-2.842282144684223910e-01
1.042151601842198905e-01
-2.166624907949429302e-01
-1.403218534181219224e-02
-9.659285526083777329e-02
8.840579529787137569e-02
1.164245124002421805e-01
-4.777772865070015751e-01
1.471575153517704071e-01
1.003196296625326195e-01
-2.665461559666408298e-01
-1.982537311782284761e-01
1.749440430522906931e-01
-2.584703883926681711e-01
-5.860886017498756484e-01
2.746790629679416451e-01
4.730747002670254164e-01
-1.647479631791037014e-01
-4.982788202126078314e-01
-1.624658059980052249e-01
-1.334146210326148663e-01
1.534620193999303162e-03
2.269415485516527164e-01
-4.100148593537926711e-01
2.977998486674970219e-02
1.886825639574263025e-01
1.369192402002162301e-01
-2.092486200395039520e-01
1.035666906687068567e-01
-5.954293974503874765e-01
-1.975481267725264500e-01
-9.258003748047458070e-02
1.498003023178693938e-01
7.645117253097694077e-02
-1.662990639750263899e-01
4.714882453663994388e-01
-5.522111671267092570e-01
2.188850596850765995e-01
-4.425696547007827997e-01
-3.688262652545823972e-01
-5.462773984386218307e-02
1.423324863546757690e-01
1.991661219494104684e-01
-9.351063864716693819e-02
-3.983295870827859297e-01
-1.224122259080792918e-01
-1.916537136213576353e-01
-1.032416828739159687e-01
2.375907666272332464e-01
-1.307757796760087576e-01
-4.305988179388189341e-01
-8.488372300076232890e-02
-4.201402300822463243e-01
1.199031319904439452e-03
7.049342650826079248e-02
2.377213206445714100e-01
7.684552236624744848e-03
3.478222309051423600e-02
5.603563170532961379e-01
2.736431171542509366e-01
7.585047548332064793e-02
3.838945752928007438e-01
7.722051291253101413e-02
-5.146171838620332561e-01
1.803180569955608326e-01
1.609709408695297050e-01
-1.358548367006725821e-01
1.957397994796153673e-01
1.519581109588819534e-01
1.270836624203685872e-01
-2.640820523357092497e-01
-3.323736371467658768e-01
3.268265114796063686e-02
-6.503099902941775201e-02
3.220764512125224299e-01
4.855778635059472548e-02
-4.051680813190022823e-01
2.112939433926498689e-01
-4.941386459672975073e-01
3.513835859707638010e-01
2.164861557584135676e-01
-2.282021738228898478e-01
-1.505134026953550141e-02
3.048059223422309172e-01
2.555240493818107528e-02
1.398931868103284876e-02
5.488167522133553800e-02
2.894008701284261909e-02
-3.477992025892999717e-01
5.878481777760180549e-05
9.491534638644323618e-02
-2.846879532056256212e-01
-2.549478368473431233e-01
-2.167227389576786845e-02
-7.364264735885310831e-01
1.363459893300216219e-01
7.754568353451796181e-02
-3.178711430656958048e-01
1.585438075323485352e-01
3.269577794098811885e-01
-4.626951470020565504e-01
1.912250549853637960e-01
-3.640920385669649262e-02
-1.512967621527238071e-01
3.685920567408832449e-01
3.766411996909539428e-01
2.667939502767266990e-01
-4.324758004982717785e-02
2.632187824376704954e-01
5.265820552365352292e-04
1.854283508803704350e-02
-6.594618924723409659e-02
-2.489621320732386955e-01
1.179105298898464466e-01
4.471620521644864565e-01
-4.341378096572994227e-01
5.138843960579368986e-01
2.564838015074633049e-01
5.491836542280001954e-01
3.705034639180077582e-01
7.525217188039703964e-02
7.674661630078288832e-02
3.314640524364173002e-01
3.406945557920174616e-01
3.635439338326351133e-01
3.824278838348352805e-01
-1.453729674895550827e-01
1.014934535029394513e-01
3.707689688841657172e-01
-5.078380457190168062e-02
-4.708838702707474067e-02
5.330404534947058570e-01
-1.160674408090149046e-01
-4.552915465346401569e-01
-3.943327206130430862e-01
4.642506514376881777e-02
6.851919445588348923e-02
1.476409781473658478e-01
2.269274425470509393e-01
-5.442896114760899240e-02
3.529460499940789697e-02
-3.056788516895807550e-01
-3.844473932508974401e-01
2.141332229838765477e-01
2.170191658725571238e-01
1.104896721050504516e-01
-2.178025550599803073e-01
-1.829294161640694916e-01
1.738028187878583042e-01
-3.911952571615764929e-03
-4.888308978517273695e-02
-6.731351896968184034e-01
-3.632607175075995287e-01
-1.304280846866776866e-01
-2.189056476401883278e-01
1.429965001032621197e-01
3.628618886076198091e-01
1.534833538010494935e-01
-2.638281376817027124e-01
6.613454063436259578e-02
2.615750862133552901e-01
-9.669201689892606422e-02
-5.025776641912340637e-01
-1.532806518066338053e-01
-2.014064854393038950e-01
2.616901555174006577e-01
-2.298487158003059694e-01
1.151380578662955928e-01
5.845797624789028646e-01
-5.756977651179904371e-02
-2.942932113112713965e-01
1.001277640503315525e-01
-1.534769240982282457e-02
3.609719142851072760e-01
4.285788261880599803e-01
-3.005220138822951026e-01
6.147367485305185730e-02
-7.153151142230738946e-02
5.728251763206334418e-02
2.602896794234371702e-01
1.061886606708729724e-01
2.546528660977867564e-01
-1.916139465981925305e-02
-5.808046389243557428e-01
7.018439386036828820e-02
-1.729865820974398893e-01
-3.014304468859797526e-01
3.303921259913646935e-01
1.424247704847678708e-01
2.340352643118012999e-01
6.734178366467016841e-02
-3.449225897992271306e-01
2.090061770034702393e-01
-2.942142509437339903e-01
-1.836279271796318335e-01
7.678134396991127819e-02
4.275634293926288132e-01
-3.195636410184554688e-04
-2.040450717874297548e-01
-7.572040732357857018e-02
2.434369454573419578e-01
2.851901331779291282e-02
3.156707660148072581e-01
-2.142578959237112501e-01
3.681819282793336034e-01
-1.311858265584469052e-01
-3.280383777827778902e-01
-1.621426725769345434e-01
1.583506993030059373e-01
3.033831020388063626e-01
5.444811188944254088e-02
2.382563733422422836e-01
-2.625185770870566704e-02
9.248467080786407224e-02
-2.285416556604850657e-01
2.254772326182207520e-01
1.184718563655585422e-01
3.489851622994030733e-01
-6.142426939562381505e-02
1.119228406867799064e-01
2.779036473815301722e-01
1.411449669020548026e-02
-2.350694823294265656e-01
-1.202383578916985107e-02
5.377948242025264447e-01
4.528193595159718532e-01
-4.885960984985101563e-01
-3.280776623387853252e-01
-2.302608916557279117e-01
-2.767837910265012469e-01
-8.959534176376920955e-02
2.642991904469660924e-01
-5.085864848462814253e-02
-1.025194028470086532e-01
4.509601058207350910e-01
3.709392496049143673e-01
2.911436124996350516e-01
4.491795307896467859e-02
3.364799145258917656e-01
2.548461254793007447e-01
1.752610530630751562e-01
-1.095810485357923136e-01
2.078883792432647259e-01
1.511250858835671007e-01
5.389963881953303559e-01
-3.047589939783446611e-01
-4.711070921818160673e-01
-1.018637375100690384e-01
3.045642667038746532e-01
-5.400508721460593742e-02
3.948170306860266932e-01
7.789356623153478876e-02
4.061781127491935761e-01
-1.015055149064279377e-01
1.923470257877675504e-02
6.081169910341295282e-01
4.580690061794212564e-02
-1.513110768419781427e-02
5.572825697844209225e-01
7.640150003452715610e-03
-1.654390693378894883e-01
