-4.479143219564090117e-01
-3.268984936016614551e-01
3.869925391938711101e-01
4.472889276980576700e-01
1.536304104224273104e-02
3.634791631157530123e-01
-3.190191865509145464e-01
-1.492615176817191081e-01
-2.544920667714852258e-01
-3.924210420038432012e-01
8.622616230575111396e-02
2.852530590683678424e-01
6.504231168540274277e-01
-4.036764051962822286e-01
4.043743713512137905e-01
3.246615440313985745e-01
-2.828014628136665820e-01
-5.985527475358686234e-01
-2.913759949779266487e-02
-2.862112134588441492e-01
-1.636743943355196407e-01
-2.717630766481304860e-01
5.875798962788358892e-02
-5.699028034924410457e-01
-1.674999922259789442e-01
-4.908803688520780861e-01
2.641343236820559159e-02
-5.638067470300498485e-01
1.209912132887398240e-01
1.358777317201902701e-01
-1.237337427685346880e-01
8.786276285243134476e-02
-4.818027061536461764e-02
-2.932563880552697122e-01
-2.793628170316795889e-01
-5.989232350231855628e-01
5.153608090450360057e-01
4.435446023538704430e-01
-4.209286066257995895e-02
-2.130223798038345384e-01
-3.133379076824428511e-01
-9.470155408355718230e-03
2.707308645109914869e-01
3.965940760473788962e-01
-5.574578522726861968e-03
1.460749431655917197e-01
-1.531725508318363405e-01
-2.754918910119912717e-02
2.301465440382709504e-01
-4.519086075540573733e-01
3.656115765258657335e-01
-4.080487137618992177e-01
6.185848747077379306e-01
-1.449092393987255756e-02
-5.018516806528163787e-01
-2.353307209365256281e-01
-4.744404607037910893e-02
6.389864570852703263e-02
-1.879972293842286646e-01
1.694709287490024363e-01
-5.148145531016729004e-01
-4.203343104428362009e-01
-4.482792591730164755e-01
-3.803960683901572160e-02
1.783373902831704161e-01
-4.823984186049095069e-01
1.442539018233351955e-04
-2.493133963825376886e-01
-9.913669705799091347e-02
-3.865834812215210858e-01
3.530517533138972652e-01
-3.187731800589444636e-02
6.201603524954109048e-01
3.888547170904624317e-01
6.621004448021716726e-02
-9.246534441233647539e-02
5.561818315297657467e-01
2.168883353768195077e-01
1.748856882929140655e-01
1.366299722683802370e-02
-5.286839334388725858e-02
1.714427638876057369e-01
-3.552422489456211752e-01
-5.749016596636757903e-02
-3.848161729696360500e-01
8.529304961157549436e-02
3.922836330811107497e-01
4.615201460141256373e-02
1.807522909066305861e-02
-3.605868640555541238e-01
-6.552833183002306772e-01
1.251047666568246286e-01
-2.069078222359457264e-01
4.291235424254321584e-01
5.391806132401477658e-03
-2.485656478899631733e-02
-4.678353984403919030e-01
6.437404070912151888e-02
-4.228245050378718894e-01
1.344146414137403212e-01
-3.698584201844212771e-01
5.914350669288171575e-02
2.228093079032750917e-02
2.427055336327549329e-01
-1.382609029770599796e-02
4.356501735034887801e-01
-2.406327364651493217e-01
-3.339201571957918224e-01
9.171063172400044372e-02
-4.921857709691480620e-01
-5.506873919327945899e-01
-1.286220470688577144e-01
-1.762049917615794714e-02
2.538727064383332344e-02
-2.126146736152498273e-01
2.919325255692913415e-02
-9.796745509724363865e-02
-1.943217221045136778e-01
3.871779349651621738e-02
-1.113027869724438901e-01
-5.488866205488094341e-01
-1.391167676847846479e-01
-2.876207775578832337e-01
-1.149719756098746687e-01
-2.862093701313696004e-01
-3.776650564725204662e-01
-3.081240879145628886e-02
1.691272223484328596e-01
8.750939501398025122e-02
-3.759273690558023739e-01
-5.062790182763017288e-01
-5.073020396160482504e-01
-3.290731249347421672e-01
3.702450443101647504e-01
-1.712438191718695935e-02
5.383911755810697475e-01
4.483521255822627838e-01
1.041188264719979245e-01
-3.921576530757427959e-01
-3.414883884378797085e-01
-4.781799824165324786e-01
-1.310104199073256204e-01
-2.314202608065496769e-01
2.297329102371510612e-01
4.105608437156420265e-02
-2.320763270695666569e-01
1.548539778459926131e-01
-3.457490482613688743e-01
2.240305506607910557e-01
-1.531394050824510800e-01
1.554281504932204794e-01
-1.817999364216387193e-01
-8.523539653852185705e-02
-1.577825713718381817e-01
-3.192738999523815624e-02
4.279235507039649833e-02
-3.965190372427053189e-01
2.756978950098229464e-01
-1.640251327107065116e-01
5.605202663570971189e-02
-3.600100962141763450e-01
3.242581128754022934e-01
-2.584648230279654180e-01
8.676441230016603001e-02
6.726306540681326052e-02
-3.251083262700926735e-01
-4.272815085229889065e-01
4.557983975487480688e-01
-6.326009370249551234e-01
-4.934089400947038184e-01
3.727761831726028596e-01
-3.763821370849492753e-01
-7.770747885137834210e-01
8.338695012238794835e-02
1.245087930495260009e-01
-1.397069677407670463e-01
1.700452714218563810e-01
-4.629013638546763953e-01
-6.341879186360063203e-01
3.401476489039690354e-01
3.446736989410068563e-01
-4.242802500950609845e-01
-4.461330324307341555e-01
-2.860720335662215730e-01
5.663384549090273029e-02
-6.877465748410974133e-02
-4.208264070123590161e-01
-1.967405121794055592e-02
1.716663525704292259e-01
-2.773407656618406270e-01
-2.299511978949286828e-01
-1.545877629668723774e-01
5.946685901299376964e-02
-3.755297833570592214e-03
-2.304309035283754956e-02
3.738954225936592102e-01
-6.451072945860394925e-02
-8.808529919806046271e-03
1.776988924223741051e-01
3.945611661628632416e-01
4.602814985817578197e-01
1.354864997353678047e-01
2.171944200796900870e-01
2.713563946896880297e-01
-1.069255995367978107e-01
-7.155391423226013792e-02
-3.214477404827287277e-01
3.638409678502007027e-01
1.091395940376857360e-01
2.980849267394350410e-01
-4.136773480722362173e-01
-2.241585805059844935e-02
-1.560385480821978033e-01
2.031635421182401424e-01
2.242458616772846636e-02
-3.639082044595555454e-02
2.301110232741678807e-01
1.325637666128556269e-01
-3.974523142725516767e-02
-2.159597209557975461e-01
-2.000993845870856491e-01
-3.787283443390711962e-02
-2.758792626109771717e-01
-2.135792779539985309e-01
-1.437666618675106367e-01
-3.403441203081884470e-01
2.032881875841593966e-01
-2.387515888266528719e-01
-2.013855746681321099e-02
1.394238099233663652e-01
-6.205275048631755386e-01
3.554873696517016346e-02
2.266644691834761305e-01
5.926334257225991387e-01
6.319170432509313429e-02
9.067125864587852191e-02
-1.464436083628598700e-02
4.818589396750323495e-01
1.745459879677483672e-01
1.181443497075004151e-01
-6.592457499273780552e-01
-4.033323368488884175e-01
2.688876327072325378e-01
-2.971444269897854235e-02
2.201747662754255930e-01
-2.002293212666167443e-02
-1.206444276336774424e-01
2.885414314371176348e-02
1.843803732533039197e-02
-1.090868270541275609e-01
5.502574485675394700e-02
1.518081907115438611e-01
3.328312410062443938e-01
6.576479043411329051e-02
1.606015119182462730e-02
4.496513554345960562e-01
1.818351694863784562e-01
4.381849269555591064e-01
4.112376405538808316e-02
4.229165764030367591e-01
-2.612936196425217350e-01
-4.289697678274460024e-01
2.464751572096076926e-01
-3.790875303897343618e-01
-1.700500212474968520e-01
