-9.484287721998269083e-02
-1.043591439852507852e-01
6.269299812674655747e-02
-2.765923006766045633e-01
-3.832722801967481940e-01
-9.580620418265817229e-02
3.409606094520784558e-01
-1.405095032004836375e-01
-4.480101682323916479e-01
-9.795289453012934189e-02
-1.171141253391122516e-01
6.773216334349324574e-02
-1.323694885282171718e-01
-2.313813007189071402e-01
5.830541988382673679e-01
-4.597706945563404535e-01
3.947170655623493674e-01
2.902686661783718258e-01
3.075361036164335760e-01
2.025099319360321448e-01
1.794654973866484093e-01
-5.285741625377681219e-01
1.794771242239005804e-01
-3.468956228406787634e-01
-3.110770633300813381e-01
6.451621849958472099e-02
-1.195438169868340839e-01
1.674751439408492248e-02
4.520322977380330509e-01
7.260337521897433644e-02
-2.079408700055474790e-01
6.687347036144291046e-01
5.757118616889359553e-01
5.482105670070602788e-01
9.310910164567801073e-02
-4.752013081693329255e-01
-1.222488791889428661e-01
-3.308982395589930570e-01
5.387666903369303650e-01
-1.872057777312963189e-02
4.605947275312717859e-01
-4.641889880017456282e-01
3.073181894929771785e-01
-1.587526016401077100e-01
-7.301260338201173705e-02
3.019819241968459411e-01
3.116400887620122684e-01
-5.054047240744663494e-01
4.710879845974466074e-01
4.845219917360513717e-01
-3.618404707714056867e-01
-1.920965483045777300e-01
6.086582129670414787e-02
-9.629803376955503591e-02
-1.508508067626209703e-01
1.505819330647484577e-01
1.050090538867546330e-01
-3.119775520790396550e-01
5.326704689859143027e-01
1.661577298574225814e-01
-5.153449338312249273e-02
2.190678304343248728e-01
2.956117176908512612e-02
2.430848615460157458e-01
-1.248252846184623732e-01
3.530381643265802505e-01
-7.871042219823826125e-02
5.006175705870162806e-01
-4.744536180866485431e-01
-4.777372688449043059e-01
2.927841967961217207e-02
-3.804211625357805659e-01
3.833380854621900591e-01
1.972956711339232394e-01
6.597127363298649350e-01
-2.136637492549472439e-01
-3.423328394561332422e-01
2.944244349035207153e-01
4.184884230949317829e-01
2.860548586372885227e-01
7.979155859141048857e-02
-5.427877513411401011e-01
2.039629716254891256e-01
-1.589741713238008725e-01
3.412886243070218928e-01
-1.909554565555540151e-01
-6.440333410099566835e-01
2.235196539852042363e-01
2.691085454477683547e-01
2.139565770959880875e-01
-5.458036755616244573e-01
-2.485634073180333914e-01
1.186985051896438936e-01
1.722772094533424614e-01
1.900109040304167607e-01
5.054710158183803315e-02
9.495687975773500766e-02
4.120970424897698603e-01
3.906697269230257064e-01
2.509954026524534032e-01
6.832690304658177727e-01
-1.227686765502546407e-01
2.422548936460565683e-01
-2.227250168398816343e-01
-2.382169567469870630e-01
2.176884409509063922e-01
1.380646084958928044e-02
-3.722879280343502906e-01
-5.635582163849796045e-01
-2.219176801370398855e-01
-2.702978940744681924e-01
3.692036742596039312e-01
-9.490046752838846023e-02
2.274456789232238707e-01
-1.743779367598870256e-01
9.731493873515395521e-02
2.748325494664515811e-01
-4.312356252536886370e-01
-8.274376195207694407e-02
-1.032882115886515073e-01
3.710935505944437107e-01
-1.658775331751865534e-01
-3.263428915647403894e-01
2.629656923913558098e-01
-4.570973209408759064e-01
2.137226522059917366e-01
-4.764956203577663807e-02
-3.328143038099639628e-01
-3.864198627190693625e-01
3.143489134007376729e-02
-5.140711367488994821e-01
2.936313979925513351e-01
4.196328526409561221e-01
-2.127848402571514974e-01
-5.214832572143170974e-01
-5.419652787259823246e-01
-3.394820501993436324e-01
-5.170333169712033605e-01
-3.076231523529895373e-01
-5.017189371166191902e-01
1.819256269430624684e-01
3.711277902645165883e-02
5.691678394450488954e-02
2.153077176203370136e-01
-6.195716732592280174e-01
3.285667686633335083e-01
3.498445765208529901e-02
-1.354617335728624528e-01
1.055436158148362058e-01
3.644557461386905284e-01
-3.796909580871115075e-01
2.249767813501616642e-01
1.033948146160647286e-01
2.434383509493326381e-01
1.688952202225623700e-01
3.707221245195579384e-01
-1.264470123365923349e-01
-3.939586772204788367e-01
-3.617263756412162357e-01
-2.677219879743251152e-01
4.847776053010457997e-01
-5.900734306007388019e-01
8.044397722020993347e-02
1.106928721744824262e-01
-5.931914382506481287e-02
-3.941777774582846394e-01
-1.267697364686169448e-01
-2.133193844695357999e-02
1.695853317980647312e-02
7.976811117690985053e-02
-5.881291110606491346e-01
-1.916148969623722165e-01
-1.670014581991394187e-01
1.889525677351267252e-01
-3.177016750980810045e-01
-6.543142394844818632e-01
-1.132523288674302520e-01
9.778165982218589569e-02
5.645039165223511013e-01
5.145627801778804855e-01
2.056826691202665036e-01
-1.896464458356433569e-01
3.753073534891705476e-01
4.121702453595668114e-01
2.720722800877776737e-01
5.291509306873746210e-01
-2.469781991288269585e-01
-2.323532181523596529e-01
2.879000928050612362e-01
-3.455116410879252586e-02
2.841482494430755956e-01
1.711302896613486058e-01
5.404844415691781867e-01
-2.320128163105563690e-01
8.538950857843313758e-02
-1.268284271502969351e-01
-3.888155849331490499e-01
-5.760712426331258129e-01
7.566062775109860805e-02
-2.731141503433007212e-02
2.516749682370159058e-01
9.685332455519612971e-03
4.596218185267956780e-01
2.865480790977136816e-01
-1.605566729463938358e-01
-1.194178076057413052e-01
5.788951042503381883e-02
3.316201030927227733e-01
1.247524826252775776e-01
-2.531533796836762940e-01
-3.015435780136977995e-01
1.817863413986949006e-01
2.018583987087768095e-01
1.634617845511015521e-01
3.416452501011943976e-01
-1.634350181112813050e-01
-2.219678823644505306e-01
-4.166761539826103755e-01
3.153252558576960518e-01
2.606153683570124890e-01
-1.033467004952344226e-01
-2.939097703023912933e-01
4.264600616580671022e-01
-3.858785164186486760e-01
4.179797447971881352e-01
2.732725465971506118e-01
-6.428290337433750778e-01
5.333587583776719931e-01
4.833391695256513687e-01
1.412766470767706783e-01
-4.768163204439491709e-01
-1.356315897300723050e-01
2.245770853711738235e-01
2.112724536276886500e-01
-4.927508059177602151e-01
-2.850517980782675265e-01
-1.477924639211191105e-01
6.478836561682702055e-02
-3.468175983954071007e-01
1.366859141225945651e-01
-2.874282721194671986e-01
3.420099019486608216e-02
1.806862780738388574e-01
-3.844959115251934678e-01
7.458747318114408720e-02
-1.104692803631974474e-01
4.032252056252883521e-01
-5.447093141804653094e-01
-5.512360120496651028e-01
3.298186960723974437e-01
4.794061903525528301e-01
4.872037362186912302e-01
-3.485667916091445551e-01
4.347390826925442986e-02
1.492699644970443829e-02
-6.873538699363479498e-02
1.458821373875640870e-01
-2.111265596346727502e-01
1.375470552383569467e-01
-4.425888033150973122e-01
-4.238657998518702841e-01
5.197032954025211371e-01
5.998523596512211897e-02
-9.647097283136341073e-03
4.655632335240152964e-01
