-1.461797676189899864e-01
-6.492128289351792314e-02
1.659627112151135231e-01
1.122578712374170395e-01
-2.318120361471686652e-01
-7.603752590982197912e-01
2.964704934028191130e-01
-3.067981563998426475e-01
-1.240727129543526264e-01
3.727741306619120065e-02
2.019730564489471414e-01
3.401469267693413290e-03
1.753723431298653823e-01
3.685637734634298335e-01
1.168559731159216075e-01
5.544036692327365401e-01
-1.609680899859763925e-01
3.497574542895637295e-01
1.524766488029671851e-01
1.886641505972435073e-01
4.257951008887725930e-01
-3.450845152822920037e-01
-8.538072383920322639e-02
3.410210204121523203e-01
1.746528933949427209e-01
-4.319590723836939650e-01
3.392573560061355464e-01
-1.320743106643580411e-01
2.227010506932448342e-01
-9.385573301429461779e-02
2.657758075239189388e-01
-1.942344072992217840e-01
2.414651033899476995e-01
1.904423173235018640e-01
-1.560021222253100415e-01
-3.844721994005410037e-01
-9.445397842904190711e-02
-1.407301635342139146e-01
-3.122435823091707086e-01
-1.976777589620119513e-01
-8.416824174145343118e-02
-2.282827605508041813e-01
1.560868233504730807e-01
-4.959926698844673021e-02
1.828049964373975322e-01
-4.602315583773994301e-01
-4.963792374908306826e-01
-3.029420432288532083e-01
-3.427170253130427668e-01
2.922649239364291107e-01
7.338342075421706578e-01
5.811910285815602428e-01
3.164047560338117959e-02
-3.595379095322974727e-01
-2.420481106968428442e-01
-2.715377176620673016e-01
1.571828604603436874e-02
-2.319084361470865885e-01
-2.543072152274517550e-01
-4.946318489377010685e-01
-4.235190470972547971e-01
2.960088709237503890e-01
5.233793008789592305e-01
-4.465155236621380364e-01
-4.198456677572112022e-02
1.155096717962595942e-01
1.933047413342491860e-01
-3.356336637469948814e-01
-6.344920123646755616e-01
1.913786224826574123e-01
-1.034413429623928515e-01
-4.433230028546683021e-01
2.870978460991031045e-01
-3.323041270330829855e-01
1.748623550506153979e-01
3.229932000516898549e-01
2.578722697484715498e-01
-3.599019616616951356e-01
-1.350863471906771363e-01
-5.074714263160918781e-01
1.617848370404644243e-01
3.814777596738895271e-01
-3.121566883654501301e-01
3.323210409120230802e-02
1.874658608624953926e-01
2.649559956029299834e-01
5.778425689273773702e-02
1.312406340680641326e-01
-5.263268568440344630e-01
-3.010199769554974814e-01
-1.657620946669827733e-01
3.783046734925574195e-02
-3.884965850682957633e-01
-1.497436391917919829e-01
2.831642358639580581e-01
-2.635992536303580769e-01
-2.581259296643221429e-02
1.953960274603131486e-01
2.046343148925167110e-02
-6.727649448291855849e-02
-2.166744343684064433e-01
2.004284214949565435e-01
7.089887423886722662e-01
2.314593725719606421e-01
-9.266235555599999785e-02
5.848556315247621651e-01
5.358476694324256773e-01
8.807432036153850508e-02
2.596555846971396186e-01
-1.296783143580572117e-01
5.712931352936138074e-01
-5.238082653452688087e-01
-5.310074396693968968e-01
1.714464670344084674e-03
-1.097272275496871674e-01
2.299420166720988479e-01
3.152933635387749622e-01
4.624464448147092011e-01
3.144871571731797100e-01
-1.092236137078170244e-01
-3.798771265737627689e-01
8.811959074706811335e-02
-1.809774393779148005e-01
-1.667835226290770856e-01
4.541962495114436060e-01
-2.687635698410493212e-01
3.719577029974251992e-01
-2.863680888360962129e-01
4.806584506459347650e-01
-2.993826958657294646e-01
1.740670559011352758e-01
-8.703539919096164867e-02
6.716009540378437004e-02
-1.696780942596833874e-01
-3.967293471483566702e-01
-5.216630946805477231e-01
-3.070281236373967881e-01
8.386045075413865735e-02
-3.614209035267048620e-01
5.048317378178321935e-01
-3.799094013291949290e-01
2.358864942703820522e-01
4.297326880965579576e-01
7.420585370376991952e-02
4.074105553366988985e-01
-1.070588140354727935e-01
-2.318660906155817214e-01
-7.222318192932922210e-02
3.452883479530794442e-01
7.300385322018260181e-02
3.242506391167956914e-01
-3.212905574845955625e-01
-3.981442083200948390e-01
1.687500236980478685e-01
-2.088153972639869016e-01
7.093185058979381563e-02
2.274802164833345519e-01
1.234107026050385858e-01
3.336921635903140615e-01
2.215261261058678599e-01
-3.007432811495080460e-01
1.475149335699356135e-01
1.301702602377474149e-01
3.195622656956157437e-01
-3.935565102136390769e-01
-1.343683396332480406e-01
-3.322164924177216372e-02
1.346113802065180276e-01
-1.827034148918000034e-01
-3.161722167637787129e-02
3.024775772654016981e-01
1.964082963881627619e-01
3.573681513615669658e-01
5.159310234887706237e-01
1.860094390201048331e-01
-2.053933892791313942e-01
-3.672997807801445247e-02
-4.856663870097193136e-01
5.984275625177697400e-01
-1.972071055285643526e-01
-5.932157430242920859e-02
-2.068786553293288366e-01
9.326505447859041731e-02
3.167868406502509226e-01
-5.226526997352952675e-01
5.521816591980807098e-01
-3.207303868196209606e-01
-1.726083468905331153e-01
-3.219241722152790808e-01
-9.602985136516312137e-02
-7.180468099464255849e-02
-2.574234576932487029e-01
1.975384533196298253e-01
7.027140070645419012e-01
4.696014110415850373e-01
-1.878686104484018349e-01
-1.226866533987459040e-01
5.472581429977900758e-01
-3.265194586312253899e-01
2.030159049599172261e-01
3.078508913588876572e-01
3.124519915026155448e-01
-3.961442348707742145e-01
3.384205163991373944e-01
-5.781881069061798328e-01
3.078797111924426178e-01
3.549681874453699537e-01
4.700255987398792579e-01
1.493980135177239155e-01
-5.315203018504657262e-01
1.873794336871912047e-01
1.126246338379377904e-01
-1.244670039633721803e-02
5.054108937637165067e-01
2.638464818668724288e-01
-4.614006348624729026e-01
3.395792259082067721e-01
-2.738047051922357644e-01
-3.810853542865066390e-01
5.501457010070208431e-02
2.935121040842308959e-01
5.862590065821987606e-02
-4.035019138062824751e-01
4.622872415936297719e-01
-1.525715312471195850e-02
-4.006795990241371341e-01
1.481426684759922785e-01
1.639988205218073647e-02
3.842943532132077622e-01
1.645133011661889799e-01
-1.066401429440347604e-01
3.043090561353858359e-01
4.400183072385790983e-01
-3.089780487671065501e-01
1.116859355163508649e-01
-3.390080192110657697e-01
3.956547462770659829e-01
4.066905506496713008e-01
-2.241722756243491599e-02
1.925518861257340675e-01
9.435230297108317121e-02
-6.512195290348774535e-01
4.212727278242317519e-02
3.158913542482806314e-01
1.257279268267434413e-01
4.174604253225185357e-01
4.789731927607497886e-01
8.066301419925087091e-02
2.718428655078680145e-01
3.902549426988713432e-01
-3.096444723593251291e-01
2.813766840872565234e-01
2.270365297159793877e-02
-9.437091326265183155e-02
3.851481891070624441e-01
2.019203138605806247e-01
-3.035333031992613617e-01
-6.825821700301151762e-02
-9.345175272081743256e-02
-4.282455161385041453e-01
4.419355711764913486e-01
-6.127391722273580754e-01
3.253147586476854425e-01
-3.988228926462981105e-01
-2.813467362672862349e-01
