-3.268012758920924021e-01
-3.439570159610372824e-01
6.440958294071233992e-01
-7.863045588035205702e-01
-6.400187914624585472e-01
-4.246296096403597842e-01
-7.358597730039094786e-01
-7.693970364160848119e-01
5.194912410467034114e-01
-2.371260795379102893e-01
-2.779762885303235231e-01
-1.966083525284031408e-01
3.034242785493443950e-01
-5.118984145175770051e-01
-6.945280259911492671e-01
-9.405189533859745765e-01
-1.529280344345097797e-01
1.500212767637874312e-01
-6.732793040076180402e-01
-7.652004964735891201e-01
-4.664326563186365626e-01
-5.640726358825713938e-01
6.008339872497369116e-01
5.769858514885426448e-01
7.252625179029592584e-02
7.383073098480000818e-01
3.540056383208762814e-01
-7.285231955412312388e-01
-7.687880251610010873e-01
3.602825992572646907e-01
-5.696554279024157452e-03
4.687209734461147970e-02
-5.935095390739704158e-01
6.941473302709112447e-01
-3.863764062557570322e-01
-2.126764662812510032e-01
-1.863888784382941310e-01
-7.586374760637042414e-01
5.863832968172520976e-01
3.723132975427956293e-02
-8.111366082375193187e-01
4.924926571392149177e-01
8.789143583068828591e-02
6.751916821318915130e-01
-4.991382653057452323e-02
-9.177366650614611210e-01
4.124398066751422398e-01
7.940019861775620136e-01
-2.228184108169960764e-01
1.548540744941962199e-01
-5.446425013356609446e-02
4.816711178182705999e-02
1.926114440080689827e-01
-5.693028894684745156e-01
-4.523037237092147334e-01
6.543959164343849944e-01
9.592923141046527657e-01
6.133070056619427390e-01
-1.376251827884053536e-01
-4.226210150957949718e-01
-8.240643399039317973e-01
-7.171928002964604865e-01
5.793869531243318605e-01
6.691421303462130599e-01
-8.979276980836292665e-02
9.131102403921362853e-01
5.985160954326425031e-01
5.468076746911076924e-01
-1.072915894765518741e-01
4.672269388055810824e-01
-2.276087478181597346e-01
8.974541176035566448e-01
2.321596198171173853e-01
-2.151365992070745081e-01
2.147748056238779346e-01
8.663155554621817522e-01
-7.571827286613204144e-01
4.231762396150295369e-01
-2.310918899968297247e-01
-7.984078658387281369e-01
3.650789348515354193e-02
-2.648528079478658093e-01
-7.648971518361296074e-01
-2.631660938621222523e-01
5.813793997905774003e-01
-3.868329157883617642e-01
6.437864046373930060e-01
-1.670189220841670485e-01
-9.580434584567918410e-01
7.160205446851054534e-01
-8.135211322859098315e-02
-6.877465826777495739e-01
8.923414730590987221e-01
7.217500111315937605e-01
-4.069052141543872958e-01
-9.429330538556350838e-01
-4.584011176608383531e-01
9.281420444554639992e-01
-7.987008532819367401e-02
4.928130229715912414e-01
9.007699382988862968e-01
-5.678203764954943278e-01
-5.507908580657523423e-01
6.211741968521161672e-01
2.212244872004229812e-01
1.119567258079594840e-01
6.020488198703758398e-01
-7.139791926633922703e-01
4.362578654766641195e-01
4.311438015723337291e-02
6.146826647924028553e-01
-2.999785321289881734e-01
-6.658625044775449142e-01
-6.580208925351075377e-01
-1.054293387960586914e+00
-5.422432537120617235e-01
2.078647925267962382e-02
-8.187664979695807865e-01
5.471017270774809482e-01
3.394476095810250449e-02
-6.788220124256276744e-01
5.033800122744057637e-01
4.880676045718754796e-01
-8.903550453951545318e-01
-5.887985334011491823e-01
2.444758736832877699e-01
-2.763355856786975373e-02
1.192106465561184048e-01
6.557486625265409597e-01
-3.915058254497068013e-01
3.220214766793365602e-01
1.929874873796132428e-01
8.434334093053439396e-01
5.527243542656998243e-02
-7.285174940287361678e-02
3.721212128792167340e-01
-4.355268737718873684e-01
4.061904367758301104e-01
8.206897936833330576e-01
-1.402633010911782940e-02
-4.703915862547752846e-02
-6.525718004295575358e-01
4.552851232517466373e-01
1.738823089818891665e-01
-1.239531377815274449e-01
-6.780409602337474917e-01
9.084768147868799160e-02
7.740859242916484084e-02
-2.695030758583564223e-01
3.842137363888795121e-02
-6.176170229442352611e-01
-6.676412314637609757e-01
-5.277077961561801311e-01
4.949857780503952309e-01
-8.841034030272664213e-01
-5.594572140161433449e-01
3.439608204474992603e-01
6.440416006740622423e-01
7.587827423890208811e-01
5.512857657112305576e-01
1.724218054878157158e-02
-3.887555849064108227e-01
1.780457729585855908e-01
-2.156567495664945058e-02
4.455510271850574022e-01
-8.580635475096262677e-02
9.116788390494493521e-01
2.268016991716396702e-01
1.998359760425921228e-01
-3.921676436265055798e-01
-5.813332649941987951e-02
4.548821670313435428e-01
3.266561991482385130e-01
4.211222866244198615e-01
-3.034330933923077289e-01
3.466927637164909370e-01
6.999580660696272938e-01
-1.269736057971755094e-01
4.188972186887088833e-01
1.579620410530648555e-01
4.905990313652021095e-01
4.227428681463571425e-01
2.424039994784035201e-01
-2.427959647384960729e-01
-6.069855223386648735e-01
5.608774651373473752e-01
7.367016266811368674e-02
-6.178251140012640530e-01
-7.089677986305359392e-01
4.450909471000233930e-01
-8.297305017551026562e-02
-5.866241556355238362e-01
7.818966474525899102e-01
-6.536756799004990182e-01
-9.616936540218390395e-02
4.172314262890816083e-01
4.410254465385834433e-01
2.137118823565296311e-01
-1.954783477749285625e-01
4.596572921861922234e-01
1.577629842532977389e-01
-3.960859633372297295e-01
3.260016993078013181e-01
6.980945869352679356e-01
5.812925876156544991e-01
7.666435823945124683e-01
-1.579896312529342206e-01
-6.121986647502501988e-01
9.096938508721980066e-02
-3.966484398119227706e-01
3.413835267485305636e-01
-9.486514671732773074e-01
4.364176649250608442e-01
3.305294924576762661e-02
-4.866678309539348435e-01
1.944101449951467775e-01
-1.552765629292293670e-02
-2.930641223226705394e-01
-1.789391239288108948e-01
-2.963656927604664260e-01
1.939973520372492988e-01
6.120487789838319204e-01
2.690356681391060656e-01
-9.296384453322847907e-02
5.060966610589727743e-01
-1.268839362862498321e-01
2.586849003824243098e-01
-3.956239456184835745e-01
1.775679067777598819e-01
-2.025465058267841290e-01
8.060791655573378289e-01
9.167715140070292756e-02
-6.801630155073942197e-01
-3.201104272812048679e-01
3.370861905627284827e-01
-2.598330540072704697e-01
-3.633491639376973392e-01
-1.553213116660354942e-01
6.822827194902172931e-02
-7.715312581954252291e-01
1.112156152003413445e-01
8.773741230107772182e-01
-7.106836034574245398e-01
6.031359778794520565e-01
1.017923559833018743e+00
-5.674134756059979745e-01
-2.958379025188506151e-01
-6.208799489617439216e-01
5.310985228049374118e-01
2.780896340811809253e-01
-8.265021188287305365e-02
5.121028322598578653e-01
1.609185836953561655e-01
7.018686633699922073e-01
8.343001190331547079e-01
-1.864727840218352029e-01
-2.229821302704557417e-01
-1.406959384587807838e-01
7.058812950855182233e-01
-5.092775429456830594e-01
-7.768851315032399008e-01
6.081436038379590681e-01
8.257506184874378874e-02
6.425937158668282301e-01
-4.235801026933799784e-01
