-1.831185173009381995e-01
8.190038862259278740e-02
1.058737750042419712e-01
7.864033547099552601e-03
-3.249039058753592779e-01
-2.903110589773504335e-01
1.730515225713725735e-01
-2.520443029935048873e-01
-3.264666977129960374e-02
1.213374446849248278e-02
6.935609145697746447e-02
2.815738295625158649e-01
8.252915140315265907e-02
1.763023581719912747e-01
8.062353304391228770e-02
4.331674411301148497e-01
-1.475893698495630846e-01
2.428423980106869939e-01
1.976581738446840653e-01
3.091780127350968188e-01
2.464724279446772193e-01
-2.862130744591454556e-01
-3.035227429939940658e-02
2.849901274284831754e-01
6.783462794204850321e-02
-3.371361566881270200e-01
4.996402818925138600e-01
-2.397848540221619862e-01
2.612042718644096984e-01
5.006345253399175493e-02
1.846943246923592186e-01
1.702333554844318031e-02
8.024541746023813871e-02
8.097520383896270046e-02
-1.692448835803000984e-01
-3.467088617131608430e-01
1.960113982039089764e-02
-1.803252188491547559e-01
-3.075552711815363605e-01
-2.365054035188655923e-01
1.144200761351157891e-02
-1.025851558668327279e-01
1.802339821278198251e-01
-1.371587900423443251e-01
7.677666472299707334e-02
-3.190870934658516234e-01
-5.060712400636199204e-01
-2.650643928078762479e-01
-4.470596818704798414e-01
1.103903703594261571e-01
5.117400984684578047e-01
3.362572048290020099e-01
9.984138303938128178e-02
-2.213926056319961977e-01
-1.323023295140046129e-01
-6.585652601083696878e-02
6.557985276079317249e-02
-2.451458629278779333e-01
-1.896892903444136191e-01
-2.498033106650208168e-01
-3.490308030489228663e-01
3.311110174075898582e-01
4.077005049874249942e-01
-2.337610928964920232e-01
-1.105328100263432145e-03
-2.175920324840951714e-01
4.864754442038266014e-02
-2.846571745989896485e-01
-3.613413406940517714e-01
-8.184405807334477201e-02
-8.776959021766846114e-03
-2.279694643619986916e-01
2.916431601893481051e-01
-3.284211227737677263e-01
1.966160758275043996e-01
1.348221502728769172e-01
3.804260213831319737e-01
-2.579395215140790620e-01
6.344160149046665365e-02
-3.333119143504391646e-01
3.627532421309268007e-02
2.265387643873440215e-01
-2.863258896050253077e-01
-4.560861064994718023e-02
3.150433095177353204e-02
2.392393592096100363e-01
-1.764592601968897889e-02
4.022956605319275708e-02
-4.404124433322498811e-01
-3.228410484227870469e-01
-1.574725702922142867e-01
-5.922399308035511400e-02
-2.863963072577637159e-01
-5.985848991451254986e-02
2.309908125584116401e-01
-1.777398263796718669e-01
-8.644981147480026995e-02
2.227308093183610338e-01
1.657049614648883340e-01
-9.223960126292926609e-02
-1.936117729374360885e-01
1.462162680860337460e-01
3.000608194043217214e-01
2.189819112929565770e-01
-1.521789476383725997e-02
5.157275537261809539e-01
3.959257936730580241e-01
-1.680540469293586026e-01
4.052953025708612433e-02
-1.444854744078357678e-01
3.935438277394068818e-01
-1.709504190930790368e-01
-4.362513172246405002e-01
2.281443912105363125e-01
-4.353546272893901725e-02
2.941107844408479277e-01
-6.229158733748113574e-02
3.080094764508997107e-01
2.555144402225635325e-01
-1.677913698524750030e-01
-3.487830542002600120e-01
3.489759774869594100e-01
-1.336209819598531967e-01
-1.502676059338774461e-01
2.757481302017531499e-01
-4.865482738165510801e-01
2.563727364646634643e-01
-4.144017587829784133e-01
3.958030156776169983e-01
-1.620708608464797862e-01
7.016107429236409510e-02
-2.042665198040909957e-01
-9.617203064081106256e-02
-8.831430666715310573e-02
-1.600047207074158373e-01
-3.342449774171504795e-01
-3.687610288002309833e-01
4.704057867128372261e-02
-3.215310519889064689e-01
4.354216225791231465e-01
-2.708803935749601322e-01
1.007042489834807375e-01
9.839490148880397635e-02
3.241706090343043911e-02
2.624387301246670634e-01
-1.205166099084826331e-01
-1.453179176057935451e-01
-1.826842617268280844e-01
4.592956331121691993e-01
1.220266020255856010e-01
2.734962890184537421e-01
-3.492876025095136838e-01
-4.067682592889274584e-01
1.156475732236344200e-01
-7.792946683626962578e-02
1.842465832026077832e-01
1.966098154510622920e-01
1.658657321137887719e-01
1.244764756607323608e-01
1.652172172767230607e-01
-2.211480459554168165e-01
1.222047611399219302e-01
1.057345828588791836e-01
3.751210884684238467e-01
-5.081847044440057637e-02
5.937704843551140643e-02
-4.727961762419612135e-02
5.540923014863594759e-02
-1.515131658438621243e-01
7.501506203525568073e-02
1.511172193136845476e-01
2.177834577194255883e-01
3.122954041073428555e-01
3.899929922002611793e-01
2.111262794568594392e-01
-1.783504059556111909e-01
-6.880447311966589319e-02
-1.305821112685939256e-01
4.356572718870790895e-01
-2.222015286680500967e-01
-1.345804696705436287e-01
-2.244804708691190975e-01
1.364494661281348831e-01
3.640584572556254672e-01
-2.751687162009016641e-01
4.245211683173641393e-01
-2.796628448675756440e-01
-2.231555795954603960e-01
-1.882089196746041526e-01
2.948091758923732097e-02
-1.329305366475081462e-01
-5.954089430041377418e-02
5.829076350518291177e-02
4.995030217911441972e-01
4.693155570624572004e-01
-1.429377796049340621e-01
-1.019871682807253488e-01
3.557970615582714546e-01
-4.056306832112699379e-01
2.399301190823234786e-01
3.069686130312354044e-01
1.654034788276805834e-01
-1.564089698036438547e-01
3.006274366067457349e-01
-4.028295705138718596e-01
1.304431120988238380e-01
3.509475468070802906e-01
3.803782950704276411e-01
2.102460448025412765e-01
-5.204519791760084946e-01
8.340519230786505589e-02
1.050897558178673363e-01
-4.755967942679492633e-02
4.198357545945920477e-01
2.191021248130377574e-01
-4.303092068361831224e-01
2.555949935839226805e-01
-2.719836202129085612e-01
-2.424953565566291269e-01
5.008607630787358100e-03
1.245957053196239533e-01
1.009212014281540976e-01
-1.839282776553521070e-01
2.547413693459460449e-01
2.341657776065980689e-02
-1.329101143521900230e-01
-4.937226588981330488e-02
6.713079980100991606e-02
4.998799292357024582e-01
2.296002771536938547e-01
-2.389125742177576339e-01
2.124098727161254918e-01
2.988068112632337181e-01
-2.643607940632507480e-01
9.219451516894684728e-02
-6.205079290441375406e-01
2.123236286043039545e-01
3.352996399333729727e-01
-2.401121606482904680e-02
3.033068967856573095e-01
1.290040660438370179e-01
-4.966715688350273883e-01
4.189109395541227437e-02
3.915636540137043542e-01
7.550667710628844453e-02
3.289236965503302690e-01
4.254185470666080326e-01
4.533394353677080990e-02
2.816062898686509941e-01
2.384723714465813438e-01
-1.963172462585749400e-02
2.179446474924255361e-01
-3.805221204871180735e-02
-5.913468966182153924e-02
2.581941652096894635e-01
2.888556790143211317e-01
-1.721272617332548216e-01
-5.990114386518047979e-03
-5.292549871412724483e-02
-3.695420918985120040e-01
3.689867442687793098e-01
-4.274939709562269874e-01
3.932041489329670680e-01
-2.911678280103970340e-01
-1.867544693082115737e-01
