-2.627994154447910735e-01
-2.752702769852594655e-01
3.189702385761233328e-01
4.325218523223361422e-01
-1.741547493070432495e-01
2.405895210514983340e-01
-3.032095041286602677e-01
-1.181128130428947820e-01
-1.741531054463551220e-01
-2.858191993136326436e-01
1.512420636621063519e-01
1.605717091293787924e-01
5.905209111777185438e-01
-2.571958577604433471e-01
2.607606230640638900e-01
2.793983327068456646e-01
-1.807689351802847511e-01
-1.517271204243796912e-01
3.151152441221921618e-02
-2.790173382833444071e-01
-9.866495146103025637e-02
-3.317123704137245888e-01
4.939487248272055042e-02
-3.988194545419774251e-01
-2.952754491402330428e-03
-1.143889449842488693e-01
1.816796563925592578e-01
-4.603596861970625786e-01
1.902315767199219687e-01
1.247566358248793361e-01
-9.515899438260068399e-02
-7.513987072775536735e-02
-7.542460611595958042e-02
-1.444755507259258276e-01
-2.074327745148419611e-01
-5.004695341256744090e-01
4.239141529253705465e-01
2.231018446006064471e-01
-2.889335129505591487e-02
-1.482198826892614785e-01
-2.505120874000130726e-01
-8.416716808101511182e-02
1.928520747657865297e-01
4.598349852195131593e-01
1.668392367101269314e-02
1.970555516909096305e-02
-6.976198928378746222e-02
1.047423330644417366e-01
1.497004500504207081e-01
-3.148218407286783593e-01
2.556533942657829850e-01
-3.694409586001379253e-01
5.950659085680265470e-01
-6.205412280179883194e-02
-6.365465851113472073e-01
-2.122653037486164629e-01
-1.549334985425154798e-01
5.723562357819265284e-03
-1.358884192364820942e-01
1.577855669983232456e-01
-4.035013072929178879e-01
-1.735674178745332252e-01
-3.350087933955179231e-01
8.279323823869211285e-02
1.404383655324019098e-01
-3.746867973664756990e-01
-1.464102986194225076e-01
-2.899749801955881501e-01
-2.849224531841832997e-01
-3.132557126902742461e-01
4.799368610584456296e-03
-1.037177933127037960e-01
6.026974184089493036e-01
2.469229806885528400e-01
1.050120725871202393e-01
-1.548407491302660755e-01
3.038163177157602313e-01
7.603184240867508215e-02
3.002811505090722810e-01
-3.167239803206868543e-02
-2.803747444382336668e-02
1.548649984299583504e-01
-3.103512645075117149e-01
-3.108684331681079924e-02
-2.507049593159809686e-01
8.069422096938129452e-02
2.215548094980088201e-01
-1.377399793755418600e-01
-1.345497564912902788e-01
-1.134699088206148065e-02
-4.577633471726133552e-01
5.295957732700935089e-03
-1.979611801914318014e-01
3.295972248482413880e-01
3.467358817612415378e-01
-8.786460919411950496e-03
-3.321944895907387729e-01
7.503286403890330192e-02
-3.275461598175805067e-01
1.101800773395830435e-01
-2.294302919058744394e-01
3.185761870920113953e-02
8.384775071636033084e-02
1.806205623796913462e-01
-2.761404976042285131e-02
4.023242204452903703e-01
-1.347361669868040179e-01
-1.899160516008606137e-01
2.846019419395816596e-01
-3.180574747417301285e-01
-3.689469542052671303e-01
-1.095982864378233501e-01
-1.910142944674233720e-02
6.405261842383760951e-02
-1.463791281693376245e-01
9.041174816571005690e-02
-8.287053458529422545e-02
-9.724811941649280644e-02
7.879794221738106730e-02
-6.309901887224930728e-02
-3.216404641376569562e-01
-1.102009624819107469e-01
-1.801842319239956858e-01
4.259577648444423659e-04
-2.165532802592213257e-01
-4.144718835031847570e-01
4.323443154293868385e-02
3.306118636133489885e-03
2.193400543645739609e-01
-3.071505715624812116e-01
-3.270750472842489098e-01
-3.713220357563557505e-01
-2.224322417711788458e-01
1.515415220702475974e-01
-2.203165917851185318e-02
3.663856064615190755e-01
2.702131781842763147e-01
5.785841861589686302e-02
-3.384076553759220451e-01
-2.370062168606844877e-01
-3.216245049060943995e-01
-6.315222706538436981e-02
-1.671147645961429951e-01
-4.955936550351927594e-02
3.030121153230205117e-02
-2.375073457545370803e-01
1.599983991275739925e-01
-2.965395698192455631e-01
1.913375211801048026e-01
5.451941727254792230e-02
7.815562485816543448e-02
-1.805570547938305515e-01
-1.578838286051297279e-01
-1.655256248283713261e-01
2.425314217225141983e-02
4.948318534731098450e-02
-2.641668136656746269e-01
1.220315166650385863e-01
-1.953923973288765881e-01
2.531915325666090483e-02
-2.981102948783252993e-01
2.014488010801395168e-01
-4.404290310141442122e-01
2.072609086064311490e-03
9.126575130900319022e-02
-5.983983017934642046e-01
-2.421022603092891357e-01
3.692126089664102273e-01
-4.719044542493030514e-01
-4.330997924231867469e-01
2.383019490737754709e-01
-3.214346370528055052e-01
-6.002931296774928205e-01
2.575568972195993456e-02
6.593943646819874771e-02
-1.738890333953759804e-01
8.221376370039215620e-02
-3.438481345398680666e-01
-3.039372633694598091e-01
2.418637260799020028e-01
2.216706905227066038e-01
-4.684801591300769008e-02
-1.098823916975011361e-01
-7.507246711060597266e-02
1.735243274053768769e-01
3.006606230138160821e-02
-3.765941030820544877e-01
-9.188463215693301600e-02
1.444491459978984316e-01
-1.591911879787442363e-01
-1.299937184081456087e-01
-8.927429682647228248e-02
-6.162335876600955054e-02
1.926942053397227572e-01
7.699764362266667272e-02
1.739527779940986951e-01
-1.589860721822285161e-01
9.365982634390639106e-02
5.177559120335675086e-02
3.189286934877854085e-01
3.792399743603774298e-01
2.218523077276522426e-01
1.543672803270285943e-01
2.176815723610724396e-01
-1.383707158469790199e-01
-6.645510232459905797e-02
-1.756707644640860544e-01
-8.693160706961577944e-03
1.625434818190242270e-01
1.897163130678012344e-01
-3.449184368244067600e-01
4.627042366312249244e-03
-6.123823273633033359e-02
2.753669891505652334e-01
9.747810240126722481e-02
-1.785533185131758099e-02
1.884127252527447727e-01
1.719447168375086432e-01
-2.289023042612658987e-02
-1.002169959897079021e-01
-2.593664301138837169e-01
-4.589042519613718840e-02
-2.231557018304548001e-01
-1.399953225608897012e-01
-1.566750298432924640e-02
-3.211679655687178503e-01
1.440419740667540638e-01
-3.773954789309487412e-02
8.573552368040977811e-02
-1.703372626597838557e-01
-3.385329662921800487e-01
2.347892788548367263e-02
1.740878975909951887e-01
3.937681387918056108e-01
5.798577175378792636e-02
-2.531484967280751147e-02
-2.350148180702996137e-02
3.895238612046399984e-01
1.574423121036660489e-01
2.151340028239188684e-01
-4.959459950413797058e-01
-3.306124684597064323e-01
3.571310034147453516e-01
9.589552121599963230e-02
1.397756819744598589e-01
1.490378241956894813e-02
9.893052072120593621e-03
-1.578465070036776108e-03
6.322203507670806633e-02
-6.143083976406404217e-02
6.048822856323014807e-03
9.645495953501885544e-02
2.159562000462712517e-01
5.262924575417963699e-03
8.129490148521281712e-02
4.346648030325007128e-01
7.545054753977897821e-02
3.310093630852903313e-01
3.688997049783945825e-01
2.241751102485935176e-01
-4.864547408013960572e-01
-3.508585759697869233e-01
2.978502945616638975e-01
-4.182571035036431462e-01
-1.728282248993385228e-01
