6.955433921727123270e-01
-7.993985165951473792e-01
-1.355932081949688506e+00
-7.802191468027044330e-01
3.506622514119338563e-01
-6.960881186556107103e-01
-1.024917576998454205e+00
-7.853871323376067082e-01
-6.587545077643862657e-01
6.356257550188666450e-01
9.413128027821430210e-01
-3.393793361800211961e-01
-1.971986268982500734e-02
-1.153453874970858273e+00
-1.008928724858973114e+00
1.602302314239792524e+00
5.913076344636699622e-01
-2.622904382073726337e-01
1.879779717945120887e-01
4.972669784675570748e-01
9.101792785072153613e-01
-7.225223296454954536e-01
1.354485100567493383e+00
7.893103303664528170e-01
-5.300187350258539487e-01
1.320242274699892082e+00
-4.029044709725562723e-01
9.441920888730475081e-01
-1.089000621489752962e+00
-6.589124913865483935e-01
6.888576507433057383e-01
-8.663908918966326533e-01
-9.502262264312557605e-01
-1.341481051527370627e-01
3.150656124264176183e-01
-1.692258913269913734e+00
1.222546654891752071e+00
8.213017846618173579e-01
-5.286714697060086454e-01
5.791581310422765361e-01
-5.869402681011963718e-01
9.447148337955552089e-02
-6.924090037746503112e-01
8.867317358013059314e-01
1.169671397171598404e+00
-5.003842624693086716e-01
-1.369583709147885742e+00
-1.099147872590841013e+00
5.956208569744685377e-01
4.245074088442530313e-01
-1.666907499380946289e-01
7.439647356323177974e-01
1.346267317298237343e+00
6.546903413740436939e-01
-5.148618203526537096e-01
8.973068410801989803e-01
4.139401202604428565e-01
-4.520012015145982165e-01
-8.411997498466576850e-01
-1.301043954022855109e+00
6.506127370311729496e-01
-2.104040473860491200e-02
-1.222533644719005164e+00
2.127800751428905179e-01
8.269869330535355445e-01
2.766609381554033797e-01
7.019242503478768658e-01
1.027374801787924508e+00
6.443587732946556290e-01
-1.428619569112301591e-01
-1.030264251736977998e+00
1.229144234351663978e-01
-6.040024938581446401e-01
-1.416788204055405842e+00
-1.532954091490255744e+00
1.674629701388908876e+00
-9.253869647165957613e-02
1.027237644517807302e+00
-6.235778611876563460e-01
-2.574788801143151895e-01
-1.100199057886613430e+00
7.594709590573900382e-02
-1.333635858496529547e+00
5.978384316773166507e-01
9.274389997682659370e-01
-1.257960038998958918e+00
-4.897464247451233099e-01
-1.320988525180248674e+00
-1.364471458709758944e-01
3.559418181510524137e-01
-3.419299747950308999e-01
1.602892204497461948e-01
1.318806673864397760e+00
2.484215260569132555e-01
-9.601839557130786851e-01
1.169784721031013719e+00
1.132413638264568201e+00
2.300238927996300919e-03
1.254246820549977270e+00
2.611064952998670696e-01
-1.454470552379387160e-01
1.325543129111115270e-01
2.439551344104549380e-01
2.564213697117004309e-02
6.045484092656652209e-01
4.816320789863516305e-01
-5.367962745332144348e-01
-2.549337754522145727e-01
8.568072649449598455e-01
9.471030490168730331e-01
1.649906235459533688e-01
3.967927057769988775e-01
1.317893763522684614e+00
-9.108003458915949757e-01
3.281167857731502324e-01
3.479652782870235050e-01
-3.934320855333613975e-01
4.166850695707076113e-01
-5.106829141672474259e-01
1.068546601734589929e+00
1.118232300725489292e+00
2.990453881530145130e-01
-8.513347073962658218e-01
4.892752112049940094e-01
-7.605843630363300356e-01
5.580555426279771858e-01
1.227450324432299178e+00
4.380942052417369781e-01
1.566532888456122485e+00
3.826533728592128036e-01
-1.866999653659962566e-01
-4.320957618677728762e-01
-4.347470891846706431e-01
-5.536632873888677198e-01
-1.293643728889135869e-01
8.148543052597438940e-01
7.318777317036878616e-02
-4.985700037793297512e-01
-3.391925838515924552e-02
-6.490182039898375610e-01
3.256703193103007155e-01
3.555850357304958798e-01
-1.354396780906125808e-01
9.783755282756528837e-02
-3.205498040573391272e-01
4.789840454069614339e-01
-2.771804427916808589e-01
1.918908596323646298e-01
-1.827823061144051020e-01
1.005089608086731978e+00
2.617733365600827256e-01
1.359091874728454830e+00
-8.245943062869445228e-01
-1.087778743053100738e+00
1.213820904917634724e+00
-6.899151732543589155e-01
-2.786314552254876009e-01
-7.418988771588063136e-01
-4.589682524599004165e-01
6.585664149638779108e-01
1.329425059895813721e+00
2.922892963597849558e-01
1.032583973954133150e-01
-6.611934751516259645e-01
7.273189210611348265e-01
-1.009944829137468192e+00
-5.404224763673115550e-01
-9.428772786106035531e-01
1.020799270554483940e+00
-1.241191328143204653e-01
1.011451104379954558e+00
-8.675457177264395137e-01
3.700079337799420109e-01
8.964537083566899156e-01
-9.270348767570576465e-01
-7.527834853555901429e-01
-3.902626621587128031e-01
1.073774131293345202e-01
1.235425702980293972e+00
3.339985286148130506e-01
-8.746695737446212870e-01
-3.599358809025542394e-01
1.157645354507796265e+00
-1.576393523923557694e-01
-8.329411690447139360e-01
-9.319513726530523900e-01
4.357951166985210012e-01
-5.004782029028289614e-01
-9.158580065803045844e-02
6.171498580851375593e-01
5.569016920233889056e-01
-1.132144264831660196e+00
-5.500778129484462653e-01
-4.411187417204487926e-01
3.443571819770431253e-01
-1.112455261213150637e+00
1.720578112839352691e-01
5.774543843029447121e-01
-5.630779021022247477e-01
-7.281329496583909267e-01
-7.478126618016409655e-01
8.958936849782606071e-02
3.199586730283175418e-01
1.661540077984681840e+00
1.048580224179806120e+00
3.660637579831725885e-01
9.567120250164015127e-01
-7.216064522913151480e-01
8.601528351680709505e-01
8.973659471471985283e-01
-8.701166618867661740e-01
-5.337431196449418103e-01
2.359965363647548164e-01
1.369618217288811612e+00
-3.182436292377437415e-01
-1.226047100197480866e+00
-1.341124504968495890e+00
1.013584084148015707e+00
1.942780838351355177e+00
9.737531421172688217e-01
-2.488008442278726307e-01
-5.875760197873054480e-01
1.888170259841006060e-01
-8.824695269368357242e-02
-2.016649360354304532e-01
4.720212333247275627e-02
1.115099765190665115e+00
4.539987530245855329e-01
4.414235726721020825e-01
-8.629099585423306573e-01
-1.562872554599867292e-01
-8.361302330046809228e-01
-3.388561978148139642e-01
8.257082498305363671e-01
-1.692634384615726573e-01
-9.313658424844810657e-01
-3.058821644090005676e-01
-6.661083160799602387e-01
2.732258169045073126e-01
4.519369997165950670e-01
2.189660514114784018e-01
-3.818644018956187658e-01
1.373583134649857485e+00
1.033623824609688935e+00
-1.451635465175850737e+00
-1.514876558419015362e+00
1.623746264375524051e-01
2.903091040963260427e-01
1.340208652594883088e+00
-1.979816641945634781e-01
4.722614086625742669e-01
1.111190581451850123e+00
7.936277049507287629e-01
-9.262926731106914113e-01
-5.801300267395709254e-01
-5.868244612030135143e-02
-5.120232981926564619e-01
1.108828872524332487e+00
2.025349909573478935e-01
9.684726924023288053e-01
2.118357140038150455e+00
-5.888952845487869237e-01
1.552824840738923351e+00
7.839916658319742160e-01
-5.910054540201881146e-01
