9.443414583536942075e-01
9.211966149726558140e-01
-6.179610642723447622e-01
2.641580042042718235e-02
5.799226680557398872e-01
7.277963227484285369e-02
7.449143140505494198e-01
1.162047221185666945e+00
-4.530327421288318224e-01
-1.810140808914276978e+00
-2.300289645879642908e-01
2.279630603781777065e-01
1.415863936015449021e-02
-9.785087451105217715e-02
-1.957387754393724588e-02
3.660430532521951608e-01
2.267687138320299556e-01
7.220432856261598253e-01
-2.786032788895788093e-01
-4.954486148542878166e-01
-8.768439947560753289e-01
8.150927983069938820e-01
9.727103759027178054e-02
-4.314440371541176100e-01
1.703217313949283440e-01
-3.802443425239745434e-01
6.294684805034755914e-02
-9.200361273354606961e-01
-1.214712849981192999e+00
4.091616252261145448e-01
8.739849384468494353e-01
1.944290954304440655e-01
2.534368460607374640e-01
-5.908121457092327944e-01
-4.452548794383642261e-01
-7.385890707487119400e-02
-1.162704431459986587e-01
2.465050200836370609e-01
-1.322492173354649081e-01
-3.076262279592242854e-01
-8.736257629814372372e-01
-9.944737790678372935e-01
7.405914701442419812e-01
8.150826948803449046e-01
7.609078787182665948e-02
4.030370734176091929e-01
8.035658640308536160e-01
-1.315836942590697389e-01
7.256284497705166592e-01
-6.731931800181614189e-01
-8.124442265252487250e-01
-1.054777579068370441e+00
-9.767958813353216918e-01
-1.022540186170837195e-01
-7.077972213744081476e-01
-3.199261501730386037e-01
6.871832961618375979e-01
-1.621903989420064862e-02
5.872638064589672524e-01
9.392050035786883022e-01
7.271661693103568247e-01
-2.603636809530152085e-01
-6.347212230332419658e-01
6.229532844356329147e-01
-5.329686632633319210e-01
-1.361242532617226164e-01
-9.039439574810801403e-01
6.361238145314642711e-01
-1.524027484650471442e-01
3.579019675892642915e-01
1.444221034533670345e-01
4.514641922808600438e-01
-1.932443416198784680e-01
8.031653311414576057e-01
-1.941295413625777622e-01
-4.794661155328099889e-01
8.061954171846679174e-01
-7.141971134296376533e-03
-1.164058831143908179e-01
1.295111736191133289e+00
-1.191237355658778974e+00
-4.546069022862544440e-01
-2.726194378691615405e-02
1.617380431433828036e-01
7.898478441666862970e-01
-5.789086720405166586e-01
-7.274937863240968916e-01
-4.481956566448064283e-01
3.076651739479785430e-01
-7.308089447135518446e-02
3.421873102140375322e-01
1.283886777535896417e+00
-5.018814649004428308e-01
3.556788647752325283e-01
-9.054189834261960890e-02
-2.948251350038642027e-01
1.094108209076455118e+00
-4.279742218193092196e-01
4.704625631243287698e-01
-7.698566026010384977e-01
7.356108145288642319e-01
-5.212865406303284210e-01
-2.458724508308035572e-02
7.200461995122797720e-02
-8.398103691399958493e-01
9.616749478840520560e-01
-9.918106932807542186e-01
-8.437473719626239488e-01
-9.997133200084378224e-01
1.187974730047475669e+00
1.160839868750231041e+00
-9.133185831336947391e-01
5.341199309968355236e-01
-9.953731317916448829e-01
-8.320067782563302927e-01
6.686369917097891857e-01
6.812673842784229272e-01
-9.625114917872272802e-01
7.367277876113809132e-01
-9.197666283888290550e-01
-6.239690710048033662e-01
1.028779315638753689e-01
-4.505360244851900897e-01
-4.569454170181562747e-01
-3.623589643467046706e-01
-7.013426917184375498e-01
-3.371320239732855661e-03
5.856628039237856687e-01
5.214933741594911520e-01
-1.023394117394700764e+00
1.411281572863981038e-01
-7.904819018312037038e-01
2.859574535551806518e-01
2.425470084709804297e-01
4.029350730872733877e-01
8.761676200200827491e-01
-5.514038043507791809e-01
-1.569697448649050031e-01
5.222549425605020890e-01
-2.431037511832186970e-01
-1.130490645578070108e+00
1.711377934985260363e-01
-3.006685627945664963e-01
-8.608216845364102809e-01
-1.274001403369497964e-01
5.726295723021275208e-01
-4.580851073100309923e-01
2.049424755035977874e-01
7.858068186858584436e-01
4.527310811092733478e-01
-7.926459214472603154e-03
-2.360305536645975200e-01
7.516410547786482876e-01
3.759827305306323586e-02
4.018352453090021648e-01
-4.319957414368507109e-01
-8.019487320214084836e-01
5.922809667044162119e-01
5.157315396419095421e-01
4.972733391027366889e-01
-5.616213536947114449e-01
2.055620987335980421e-01
4.391385116176851344e-01
1.414673257326455325e-01
6.558923291142408907e-01
-7.109905501045721277e-01
-5.424565268590115785e-01
-8.807191758622889832e-01
-5.197269674826110464e-02
-6.268694750930370319e-02
7.948325238806445148e-01
5.197015219814360432e-01
-5.524347804675022733e-02
-1.487862348563671944e+00
5.462870717214675098e-01
3.257734280413697725e-01
-4.413327481188513701e-01
1.128815640030324197e+00
-6.586957632451539979e-01
3.340078529761260628e-01
7.002508971369627577e-01
-2.182137131001111729e+00
-5.582441392543995295e-01
-3.511908649179877329e-01
6.044816064038871506e-01
1.827124104793362291e-01
-2.214119035612303055e-01
7.575501223048168864e-01
-5.964956391138114267e-01
-5.388940018590797632e-01
-2.830981476752803538e-01
2.386618357720673433e-01
-7.695483248822310163e-01
2.945459596105065581e-01
6.389038087319427461e-01
-8.228633210468825343e-01
-2.162234633806574546e-01
5.409409718573239267e-01
-4.464653658887316467e-01
-4.718598851025948004e-01
1.063869071163032309e+00
-5.955482985678127728e-01
1.099007636625372930e+00
-1.051526929624107654e+00
-1.205213720147719325e+00
-9.566273518761536643e-02
3.762631432324681779e-01
1.428827503420782019e-01
1.454935788603056723e-01
-9.298794268270003105e-01
9.747808205614073573e-01
-4.896661883317562913e-01
6.159249454847123273e-01
7.761793371216276771e-01
-4.602049656299485036e-01
-2.662404709437965478e-01
6.008151415679556795e-01
-4.713141967647691555e-01
1.090576711384528608e+00
3.734809549242150695e-01
4.842241454720193072e-01
-3.178442296963929214e-01
9.205632567524535403e-01
8.852339900189392097e-01
-3.997467642679640165e-01
-9.233973661530092691e-01
-9.116581810284134502e-01
1.991553143152091643e-01
-8.734485574597306012e-02
-7.921218515407388860e-01
4.075762082508702644e-01
-3.684480014698869876e-01
5.557150924580467333e-02
2.877677680631492985e-01
7.122820140869858818e-01
-7.065746940748810490e-01
-6.558767933105758008e-01
3.812555136394193411e-01
8.438109685742635202e-01
-2.822957218604663643e-01
-1.386560127316452729e+00
8.680628055987338332e-02
1.390661758608104925e-01
8.997775983199958194e-01
8.270792801586630549e-01
2.700912374180555187e-01
4.304458162646906949e-03
7.192972690435626149e-01
2.798993852255127202e-02
-9.080759164911887948e-01
-5.842305427342229240e-01
-2.851479270899872631e-01
5.489822078775490333e-01
-1.138132563944462383e+00
1.429923151857998453e+00
-5.199386722223333646e-01
-3.893064446178673421e-01
4.585054999610895798e-01
9.318895123002308711e-01
-7.112315005862024364e-01
6.388390696728435403e-02
-6.472829220264182393e-01
3.941568010313345471e-01
1.356113283699145189e+00
-9.447009792014594565e-01
