6.642819755250315428e-01
4.987109177156933693e-01
-5.167240702068078839e-01
-5.130989274679298440e-02
3.127579683324938076e-02
6.187291030530869262e-01
8.191223207866141776e-01
1.475098977458814131e-01
6.200769111747743700e-01
4.100231924151625518e-01
7.829656716476567357e-01
-1.107160307769517349e+00
4.828614364191250452e-01
7.813770976433628279e-01
-1.638081529513786272e+00
-6.404566854544933019e-01
5.088912398029421524e-01
3.697549812451552120e-01
-4.168455394359333877e-01
-5.901105198560093745e-01
-1.642058557746335912e-01
6.604461259291727337e-01
-1.386125112449412722e+00
1.192678909334963011e+00
4.342291534296760513e-01
5.465250490826472074e-01
8.612224641728766228e-01
-1.213967049071412729e-01
9.799263697123523631e-01
-2.449227299732631424e-01
-6.153895413319664387e-01
2.333981466518364467e-02
-4.704865618586162035e-01
-9.609467021079086679e-01
-1.324411561719583963e-01
-2.319343238009828889e-01
-4.605494409515462073e-01
-2.264315852062367407e-01
-9.147635421037098036e-02
-7.027016483873735897e-01
3.158131182437477480e-01
-4.190575976418965398e-01
-8.702665817241884705e-01
-1.835661980190556042e-03
1.230670638804205463e-01
-3.376718765850901804e-01
1.234319140794754854e-01
-4.451404444085401702e-01
7.179621133138671674e-01
7.534152713561063086e-01
3.672751098860524976e-01
-2.068358275611974495e-01
-7.689250041070190278e-01
2.436787648052872457e-01
4.856555614824005218e-01
9.870058788379630910e-01
6.084626198451034140e-01
7.163834388739405146e-01
7.863595736234350042e-01
3.302882815340277278e-01
4.028907389621350088e-01
-4.748565198700804846e-01
1.143807608186162561e+00
-3.771795585190944600e-01
5.291223144190113636e-01
-3.900323079961377504e-01
-4.942918371897732088e-01
-7.796294617945387362e-02
-6.988877099236757706e-01
1.117737002848412375e+00
3.973884881156239945e-01
-4.377768056060154511e-01
-1.169685959958997490e+00
1.029070849695168155e+00
-1.362146018825131644e-01
1.114411912792045323e+00
4.421209679750867094e-01
1.114727414391757376e+00
-2.374515890680718166e-01
-9.421296368183074144e-02
-7.156675113910881958e-01
3.439233953751269501e-01
-7.926807943609857077e-01
-2.536690216101550321e-01
1.515470808529773450e+00
3.348857757858356154e-01
-6.771296552201573338e-01
-1.715623823117942148e-01
-9.535101767726130717e-01
4.538403632562200141e-01
3.809533526462291486e-02
-4.172731974686336165e-01
-1.570303061848109527e-01
-5.450054766101676273e-01
-1.156575534888101831e-01
4.945576542802486153e-01
1.132839043541786217e-01
-1.792456012409839594e-01
9.243712905777464739e-01
-1.078879227728952284e+00
7.912254185211778923e-01
3.673737805304246873e-01
-3.117115892748623107e-01
5.833140902893274582e-01
9.683972143336434524e-01
-6.408722110502895752e-01
-5.888651015955626011e-01
1.005516636969020272e+00
7.493440289036946700e-01
4.774358048158086620e-01
1.459953263517003441e-01
-2.160553255583629872e-01
-3.162381804827435472e-01
-7.233949077143748685e-01
3.704102949194910122e-01
5.244704022549349087e-01
-7.008212013149128783e-02
-8.545823304720654434e-01
3.414666449999633202e-01
9.453950260116410487e-01
-2.244837760132722959e-02
-1.120019859576610211e+00
8.567989686531825022e-01
2.142565371883005110e-01
-2.487413776846955082e-01
-3.282425069333029799e-01
3.821011069911571800e-01
1.436266493754667639e-01
-2.849139116022306739e-01
-8.046054463936047618e-01
3.576732956584877110e-02
4.482426628777147481e-02
-4.547499974629095609e-01
-4.203257088255223373e-01
6.437187405951823038e-01
-6.219505120732338188e-01
-3.971395106629471150e-01
-8.267719049360318095e-01
7.874620546992658898e-01
-1.243114138775748834e-01
-4.996992895321602512e-01
-1.001064817840387366e+00
4.853098221303820958e-01
-8.145595301701766822e-01
3.462744254748461037e-01
-4.234250512446268155e-01
-1.637112841121658446e-01
2.384325429035385469e-01
-5.308197276586851254e-02
-5.518379490613606331e-01
-6.289271464973813508e-01
6.632170998255062511e-01
1.191356202070002812e+00
9.513792240791256738e-01
-9.504458848398763537e-01
-5.250160103065137918e-02
-3.432892228780498045e-01
3.369744220001411605e-01
-2.443161170460184939e-01
4.892171925732088922e-02
3.435874405153559463e-01
7.927057429704544855e-01
-4.364076175031224025e-01
3.005654450712808567e-01
6.724191598196100905e-01
-1.158651615616428820e+00
-3.846276124681699549e-01
-6.296795759480888766e-02
-5.607180691088248237e-02
1.608198502352205239e-01
4.233853075738509553e-01
1.844476125029231584e-01
5.279009908361793624e-01
1.138468897349003139e+00
-4.953945004502927074e-01
3.342461858310133982e-01
-5.686301380756790813e-01
3.786202178185991696e-01
1.243810942709063505e-01
-1.578167346966085738e+00
-6.551164992709057611e-01
-6.541693194962792113e-01
-2.489203779314743681e-01
-7.034101879220805431e-02
4.053615902419812622e-01
-2.701983120890277257e-01
-1.362650991128376288e-01
4.754334174774161315e-01
8.166539359821531896e-01
-1.017082071060635418e+00
-4.903020231488928737e-01
5.934777389491084909e-01
1.455424519633424785e+00
-6.873661511130978452e-01
4.710899413430738036e-01
-7.228110549933375317e-01
-1.636428869891066729e-01
1.145696346603479521e+00
2.362655714189149658e-01
-1.054983686604022974e+00
5.178463645254945957e-01
-9.574555229798804579e-01
1.222804188123664870e+00
-7.549556034004972771e-02
9.116467159414695098e-01
5.397552972583884445e-01
6.269783120849852232e-01
6.352017413708350713e-01
6.068955684686783147e-01
-3.579622855158322015e-01
-7.552315272122096523e-01
-1.112273939053315952e-01
4.331634569871777862e-01
6.271123003126986006e-01
-7.163636793131032965e-01
-2.762809195419018149e-01
-8.526558530825515403e-01
1.949232627499106196e-01
-9.089087954750491027e-01
2.033687473092037623e-01
1.336930511294924795e+00
-1.876081304447162201e-02
1.088075830344553685e+00
3.921332997744301774e-01
-4.754075229452086049e-01
-1.145007045392863132e+00
-3.341383150606518360e-01
-5.725478838921055358e-01
2.990972862434523316e-01
1.155023981540590716e+00
3.332234563431344387e-01
4.888362440878825654e-01
-9.087481553842907678e-02
1.185813311837255579e+00
-2.604553595528765753e-01
-4.284164657403465859e-01
5.844354020485816870e-01
-2.968287129088633125e-01
8.800326222098409090e-02
7.314441399828386370e-01
-1.137156579545521295e-01
2.474069816867929816e-03
-3.135603525255574731e-01
3.933195886897731253e-01
-1.016600445363500471e+00
-7.087673794945620331e-01
-1.251552245652732598e+00
6.422627315340589949e-01
1.354495600015298784e+00
-6.606953964531622203e-01
4.093059339414238940e-01
-1.072146176735254697e-01
9.600312589243382710e-01
3.956978506828114917e-01
4.397219772351820266e-01
-1.657669681972078757e-01
-8.908326052967072695e-01
2.665282086902445724e-02
-8.076888494267625562e-01
3.168329369540519025e-01
-1.453938623669003283e-01
8.064624710142380692e-01
1.164755794357240637e+00
-1.673807189993476441e-01
-4.735435575038617895e-01
