-9.591031516384557198e-01
-6.388565356983698651e-01
-1.119340779576015188e-01
7.658778621241844053e-01
-9.861410420948724109e-02
2.149357312089623662e-01
5.473298581585972489e-01
4.543851133163663292e-01
-6.340826221611544078e-01
1.308948811257053757e+00
4.480583914917761201e-01
-4.027690257931816342e-01
1.178365011864750844e+00
-8.598219050843238787e-01
3.921041512811946905e-01
7.158875584777371071e-01
1.008435945598276762e+00
-1.322980462837828552e+00
-7.227433600752339871e-01
8.556815245230817712e-01
7.507351723678139521e-01
1.339803717945898809e+00
-2.916769465579310272e-01
-1.088855060786283246e+00
-5.171147364672390445e-01
3.751505244458066546e-01
1.344047546264217630e+00
7.460669893528871777e-01
8.653798651147869281e-01
3.398209214939300615e-01
-1.428056239360431245e-02
4.454935843872772083e-01
3.447026035956264334e-01
-2.209561037246259851e-01
9.689304251557304681e-01
-6.482764886031602281e-01
5.474581167165073481e-01
-2.826490316488490251e-01
9.668532808132335177e-02
-3.446001684366193918e-01
-3.511650126903287372e-02
5.214889316516242435e-01
-1.350826421748539397e-01
1.618329032383547528e-02
7.557776593786560415e-01
4.988129303213005294e-01
7.276276767688711899e-01
1.594577474507810066e-01
-1.449556557431828985e+00
-5.729468594976286910e-01
-4.998544269953075769e-02
-2.814565995918751895e-01
8.694512910064158273e-01
3.206779166834164418e-01
7.939422062449297268e-01
-1.078233233030043925e+00
-1.280947006651464770e+00
-3.395974451011845585e-01
4.781999209494915970e-01
3.700099924482979086e-01
-2.257569779831749002e-01
6.577731852647049626e-01
-9.605303938272986564e-01
-4.701619815195580143e-01
5.012942490792728911e-01
5.782673311673569572e-02
6.715461285998063357e-01
6.099598988120980003e-01
-1.335928859072327834e-01
-9.859905290428488955e-02
-8.692566576713915971e-01
8.457595853785775386e-01
-6.634495863913618674e-01
9.351434569542667052e-01
2.638557019291196681e-01
2.668104121762289171e-01
-9.115575701860473279e-01
-7.020320186408035568e-01
9.765336191767477469e-01
1.649300388402071826e-01
-1.973619721333053079e-02
-2.019130011398529434e-01
-1.118770969393236836e-01
-1.373541175032706896e+00
9.924594569603439886e-01
-7.023042740664969807e-02
-7.014088331426990841e-01
4.941981315471642988e-01
5.017224893101619454e-01
-9.607122856350103213e-01
-9.725556133316179963e-01
-8.579203358538443069e-01
-6.748773639450855732e-01
2.277121127466611439e-01
-5.007297780184096769e-01
-1.194037299932368068e+00
-8.027265992440650866e-01
2.309758103810655716e-01
9.855094893849171145e-01
-5.122165637599156440e-01
5.832805880167803991e-01
6.439438480053886193e-01
-7.996954431812195452e-01
1.784970376752967880e-01
2.389075504094069213e-01
-4.389447323554330760e-01
3.205941578452753404e-02
-2.764937959035868587e-01
4.753324231205846573e-02
-5.340127164660896097e-01
5.722677285957453730e-01
-1.277854037810417953e+00
-5.463167547278575675e-01
-1.061778286138204574e+00
-1.409755716336111853e+00
-5.365830783499498935e-01
6.938092100862289779e-01
-7.464302372742995795e-01
-5.848469019229465271e-01
-3.937097848590821458e-01
2.296545956039487968e-01
1.395070817027295407e+00
-6.943526492628354641e-02
-9.569364604588890266e-01
-9.545031803018981797e-01
-7.077165255721777903e-01
-2.076755251285798964e-01
-7.036346739788170712e-01
-2.751543182689939471e-01
-9.545325920751202009e-01
2.205803973684531960e-01
7.691812196462564089e-01
3.321783307086894066e-01
-5.732305649326544517e-01
-7.497726181024516601e-02
1.122693292398735387e-02
-1.141738616303975329e+00
4.523306936444581594e-01
-1.212649407651412936e+00
-2.732510647326802378e-02
-7.342041298341521749e-01
-5.858950281824932826e-01
4.033203606778747452e-01
8.829191038555139759e-01
-9.533202932147806230e-01
-1.054258033695031571e+00
-1.582816855205164130e-01
-1.217693889133848462e+00
2.955785099171944208e-01
-8.835504912476930262e-01
-4.567124890404554716e-01
-8.038216911257695108e-02
-6.302942777790943030e-01
1.183494156196133629e+00
-8.906467700162394863e-01
-7.413710608546129066e-01
-6.312464618675386330e-01
-8.139785070376857057e-01
-7.618671750837238132e-01
5.097242048931711622e-01
-1.890779958664751681e-01
7.998044890833404530e-01
-4.048128217446993471e-01
-2.716677942780798549e-03
-1.843187013965312149e+00
-9.576115749400193611e-02
3.928998381460930833e-01
8.679787824280363884e-01
-6.231146439459259723e-01
-9.980812725641345917e-01
5.811270044649423649e-01
1.831703272234488367e-01
-1.147384345981305120e+00
-1.149607223813591705e+00
9.869823109776700854e-01
5.918679376845321638e-01
1.472343659897659141e-01
-1.667261012416909605e-01
-4.636987478379583361e-01
-2.427760999178576462e-01
2.565002932040715278e-01
-1.977770057048446883e-01
-9.475975301720859223e-01
-8.086967729810150551e-01
7.143251157931962414e-01
-6.194372346203320667e-01
-3.585872012184065372e-01
-1.968552820409708026e-02
8.725341441956111499e-01
7.903747450477931480e-01
6.543897294513374430e-01
-4.149450270939839536e-01
1.022650523138598055e+00
8.354889125408342387e-01
6.566373311558437731e-01
-7.858610640462005970e-01
8.313357168307227152e-01
7.437769223139267805e-02
-2.357202990436116918e-01
8.442744461630435904e-02
-4.356981969659652898e-01
-1.437652507292062731e+00
3.470406932631930341e-01
-7.995922513346197524e-01
-5.978701133792840849e-03
4.923463653189865674e-01
1.203895025902266713e+00
7.456742620902248042e-01
6.757630279022732722e-01
3.259555206229822200e-01
-6.718975498044879036e-01
-1.801849847798266402e-01
8.751056353368125151e-01
9.493368796388244046e-01
-9.123885481620140903e-01
2.670608492255233113e-02
3.126348806437920236e-01
1.172149775193098709e-02
1.247780815942280075e+00
1.655118625586654568e-01
-5.648150487720431379e-01
-1.093507273620456965e+00
2.027794531891561336e-01
-7.484056097623251746e-01
-1.083365290770896383e+00
-4.656675547003744087e-01
-1.278462372973421246e+00
-7.354092698690322116e-01
7.539136930281198357e-01
7.014409693182003247e-01
-6.081547679013956653e-01
1.210887419536563314e+00
6.139260121321364894e-01
1.164771525978992583e-01
6.765927687506332333e-01
6.294294132034728984e-01
-6.605786507821659326e-01
5.095945711651470589e-01
-2.439504340381998815e-01
7.963074531744743778e-01
-8.372381321797746079e-01
-6.374116901117683476e-01
7.251876154095144855e-01
3.209827960089231547e-01
-9.324215964431294967e-01
-1.199884682125311963e+00
1.205253403488308894e+00
-2.856899617586821094e-01
8.785333764995628680e-03
6.971542581466425581e-01
-9.162148517351131893e-01
7.377879571668850556e-01
8.314552807274999680e-01
1.503313159649470876e-01
-1.066389392837586492e+00
3.469372639896354249e-01
-7.976224110566424441e-01
6.933006661772084245e-02
6.228307924501814696e-01
-1.911977320326783691e-01
-1.003911988830469726e+00
-9.523932147751252852e-01
-3.296425863094410991e-01
5.882753007227421449e-01
-3.654527288818645858e-01
