-2.835690927395534966e-01
3.760612985829255850e-01
-1.373772495331783139e+00
-2.100768882086632150e-01
5.129442895069305508e-02
-4.925812860082413591e-01
8.047259848919525727e-01
2.468193152467537121e-01
-1.125530970272541342e+00
1.380899853147207756e-02
3.654572348767762269e-01
2.199485729785694010e-01
-1.007852041996532888e+00
-3.360451540762621758e-01
-3.264851186583183629e-01
1.121375656190816417e-01
1.612688941973772216e-01
5.067261414260539887e-01
6.512016138734493254e-01
2.446620028400134039e+00
-1.345226536649446469e-01
5.389744647333108984e-01
1.149688532035192612e+00
-1.321275272149048663e-01
8.746107397391034155e-01
-4.902943470803039494e-01
2.838636247654034994e-01
1.276399779803145007e+00
-3.615041828105990951e-01
1.595851191258458868e-01
4.076560010287032521e-01
-3.292855749847052871e-01
8.966127480671790551e-01
1.665253167112416000e-01
-2.838221486710611474e-01
1.129977239649023524e+00
-9.876861823078257885e-01
-3.565412259289842400e-01
1.022797655583209231e+00
8.616192976246485058e-01
-7.181677215749118215e-01
2.800028405183677127e-02
9.225012391940740075e-01
5.380788010446906355e-01
-8.960188299957472235e-01
-9.319449295179590420e-01
-8.463841326863209558e-01
8.676052119454977785e-01
8.266505272522302050e-01
8.700704096547660082e-01
1.555852098417633833e+00
3.076384770760030030e-01
1.168572789320327709e+00
-1.268311215273274062e+00
6.256569540862266798e-01
6.193795825221320994e-01
1.012523414863071292e+00
-4.859818462850886700e-01
-9.582612085462455243e-01
3.553152003787251600e-01
1.322407437812215536e-01
7.541301869753215259e-01
6.355793440817782969e-01
-4.852121841561949367e-01
5.297175023618756473e-01
-8.739855784081773660e-01
1.340591931847735507e-01
7.057441927666592285e-01
5.301166095576310688e-01
-5.879387396863038351e-01
2.206478035503659507e-01
7.439002806006678181e-01
4.329624695501818610e-01
-6.112479052360625387e-02
-5.744171400097348723e-01
-4.974726104965960238e-01
1.344284751494715657e-01
1.356080692856128200e+00
-1.639035133105998021e+00
2.406316136751199541e-01
2.563523992610394764e-01
-2.803947972654169396e-02
4.541678278835720173e-01
2.068683500942314901e-01
1.482606093376475531e+00
-9.919448712157943326e-01
-5.033138320887819983e-01
-6.050268737277152420e-01
-8.942653457697596897e-02
-1.818293484939358107e-02
1.486600440817863467e+00
8.779219216037694729e-01
9.448950607007831071e-01
-1.529999736163807911e-01
-1.245379215514386129e-01
-1.988504956911052446e-01
-1.338836255845330947e-01
7.700727632527873401e-02
-2.929086035715641190e-01
-7.380643808882894064e-01
-2.856798430795225996e-01
2.922068138460960363e-01
4.294032100837065213e-01
1.127960903812765814e+00
-2.693386224252028449e-01
4.254094139740242642e-01
-5.627449142693807804e-01
2.098857579273880059e-01
9.324792214651511646e-01
-3.097008550274457095e-01
-9.724894145766621589e-02
-3.975453492055338600e-01
-3.617976846005908076e-01
1.742419458820534672e-01
2.110059016521348418e-01
8.466583229204156513e-01
9.347891543102956335e-01
-3.357556317907018917e-01
5.789522109521874071e-01
-1.641928890970853483e-01
3.991447898824274643e-01
1.029553710489705898e+00
-1.258672537971544658e-01
1.491850253383053548e-02
-3.910553050587112223e-01
-9.092979780194940798e-01
3.196387115432544612e-01
-3.381673974044103748e-01
-1.187709097373529366e+00
3.549440533428657174e-01
-4.816191505603748535e-01
-3.530626098118347933e-01
-6.418250086829503376e-01
-1.235688523400511940e+00
-7.481196243221601705e-01
4.565681230636085552e-01
1.102388063220629322e+00
-6.684914666053496379e-01
6.088314428601886430e-01
-7.905152297209325774e-01
3.291761729364208744e-01
5.893510331640781086e-01
-3.093303442442862927e-01
-6.077931398546049246e-01
-4.015621226957633016e-02
6.738248121758216858e-02
8.964265535436621857e-01
1.448623054330605564e-02
5.081388136274507250e-01
-7.410337601804879437e-01
-1.272182549264452844e-01
7.822767920586977120e-01
-3.019806462989881313e-01
-5.645567612131011659e-01
7.768582109431992899e-01
1.260951730784978242e-01
1.557272631325631873e-02
-7.145122004921036218e-01
5.525522862656500056e-01
5.568612509215210560e-01
-1.281643810234587288e+00
-1.283122179877126845e+00
5.391121311800619598e-01
-1.234763484784449639e-01
1.664722044124351541e-01
8.439531326414853041e-01
4.304053544614900861e-01
-5.169565023960820405e-01
1.733872028449437108e+00
8.349989894051413897e-01
6.278421860378762265e-01
-2.282781949482508566e-01
-6.744606434937715500e-01
-3.765863532100377498e-02
3.708229941369732274e-01
-7.194915300108396528e-01
6.351894366400963055e-01
-9.322208559675609907e-01
1.170805373725424703e+00
-1.245329056425911185e-01
-3.073616338265025005e-01
-1.152864092989499323e+00
1.058811791735524421e+00
-4.563949098101808266e-01
4.645802441026583574e-02
8.927971410021784404e-01
-3.906550110849063007e-01
5.954576937951077120e-01
5.544112969570897942e-01
-5.145617606097897812e-02
1.154507141539961035e-01
-6.558012085972036997e-01
-1.584261569018841631e-01
1.267166313810030420e+00
-8.824937860111967680e-01
9.295726094005158924e-01
-1.944529878523810762e-01
2.304598941453551153e-01
6.818859475194554154e-01
9.209045357724020553e-01
-1.375654304595911870e-01
7.808169842061059018e-01
1.015257855889467598e+00
-1.361081764858229182e+00
9.260703293803083103e-01
1.102057655601676178e-01
-9.433048744748534498e-01
3.749201870182282126e-01
5.025678835413148748e-01
-6.584545552863835249e-02
2.509394603244102240e-01
-6.606293960698755852e-02
6.253222649898829699e-01
1.022835784189879194e+00
-7.861272407524050321e-01
4.737900092194441970e-01
-1.130802493266702680e+00
1.091024891169311895e+00
-1.744127481255540735e-01
3.141785877989993203e-01
-2.936697103010438292e-01
-2.946587497939815448e-01
7.239898215753290955e-01
6.366481285232979959e-01
7.491367214139543762e-01
-8.071859369533120887e-01
5.135201964950322218e-01
1.575035791910958383e-01
-2.526893524198708385e-01
5.305000847078815696e-01
-2.977545948952997623e-01
-7.175734475135443491e-01
7.262960766291068904e-01
-4.532460010212990831e-02
6.901929383433266230e-01
-1.264738092536968672e+00
-7.260966529491397203e-01
5.450901515087275273e-02
-3.881121774976994954e-02
3.193778694280849928e-01
-6.990049099094051144e-01
3.062106985952791072e-01
-2.322417264987821639e-01
7.658133982220742819e-01
-2.311719904829088734e-01
5.181223153636782541e-02
7.469184781144840857e-01
1.473714426812757772e-01
1.093793588398332739e+00
-4.195180450332874345e-01
9.196116467503914205e-01
-7.971626715898678661e-01
1.537330458871416505e+00
9.272920045877791617e-01
1.066921259700501778e+00
-9.603517959949636751e-01
6.163214395026070935e-01
1.233591429683695839e-01
7.040128542488141017e-01
-3.360787258045179193e-01
-1.253190990675998817e+00
1.804706243640285535e-01
-5.113884343100533192e-02
-2.976388736772349608e-01
-8.520024119553616382e-01
