4.088601842391491603e-01
4.406215426614001895e-02
-1.675356132853118574e-01
8.580616537113522346e-02
6.272014499924147835e-01
1.183488412818502478e-01
1.373007419731578915e+00
-1.066376500513963377e+00
-1.372473436167123140e+00
1.694114462016427791e-01
2.712796542638213904e-01
-4.971025347632878066e-01
1.011472933890984471e+00
-8.466576586719158914e-01
-8.215970983842035835e-01
1.872079141306497441e+00
-4.640321146232839200e-01
1.003832587639855944e+00
-1.259857076247667740e+00
-1.954124588359474224e+00
-1.208789342903490382e+00
5.290189777763520951e-03
-9.327272242139850178e-01
-1.041305543694238667e+00
-1.888818473740627502e+00
7.969395520253408360e-01
1.017418842562682446e+00
-5.619697638382287197e-02
1.524244890431481814e+00
2.712118741016543488e+00
-1.922955145965788981e-01
4.854970805989855531e-02
-9.201961609746527326e-01
2.942473792937447818e+00
-7.439337306600286581e-01
1.032992043878696142e+00
-9.621047921473107056e-01
-1.259786404358160805e+00
1.998305715855902553e-02
-8.746627716162619359e-01
1.168180002408940155e+00
-7.920152061887354433e-01
-1.968832013676851789e+00
-1.397166724095035173e+00
1.597332783842484005e+00
-1.195844521429775931e+00
-1.207148358885252959e+00
1.063959377340113477e+00
5.447778200379885805e-01
-1.475315825084801968e+00
5.809472441365465256e-01
1.440552160372285506e+00
6.131834526324804191e-01
9.303326051091020954e-02
-1.184949372330164508e+00
1.038997393675775704e+00
-1.132672381377531901e-01
-3.906053131930241618e-01
-7.736393913474546302e-01
-5.679180420608357371e-01
1.054175800888783820e+00
-1.084266105906361854e-01
-2.228894624992423967e+00
-2.437265456611913406e-01
-2.242727439561562064e-01
2.702842311669294562e-01
-6.992561451248053839e-01
-1.373095188744977158e+00
4.233607575798492562e-03
1.101770900508743378e-01
-8.215494784220572777e-02
-1.082360169443486342e+00
-3.359136736699137593e-01
-1.277349073375319444e+00
1.585726233783447681e-01
4.818053120090425301e-01
1.251630210621530237e+00
3.625409877096330558e-02
1.029643256173927157e-01
-7.066221615698089487e-01
4.439110524930237056e-01
3.860919338094350728e-01
-1.625455248858500568e+00
8.712822906426873626e-01
-1.758430715516247078e+00
1.395784540661676454e-02
-2.146510519573598397e-01
-4.636817201468449445e-01
4.188403159766388439e-01
1.616369007588561169e-01
-1.485382630761145073e-01
1.376927379032475196e+00
1.690827021946125219e-01
-1.416119351096685186e+00
4.662440555022139277e-01
-3.575021120121977813e-01
1.527708157576125991e+00
-1.268330167012525322e+00
1.463869516710454288e-01
8.042123125974727227e-01
1.196307737215943412e+00
6.593901904449317453e-01
1.505478497318812892e-01
6.827648846504025260e-02
1.072670031811570335e-01
7.441310221211857590e-01
-8.358245215478891099e-01
-1.046439013308910981e+00
8.348354252696537081e-01
5.519307784605276268e-02
-8.258611303630553069e-01
-7.740234094924431929e-01
-1.239519353469028806e-01
-3.935879174845897666e-01
-1.480267350874602705e+00
-1.890527878826882224e+00
-1.298114038756281952e+00
4.890059401381094961e-01
1.776490485368260597e-01
1.537939243945176671e+00
2.263447547638658186e+00
2.977057544560381963e-01
5.474040476236476938e-01
-4.955156236824612703e-01
1.955482196627146729e+00
2.329449431148307159e-01
2.394268523651953418e-01
1.516257202590733044e+00
1.953974033737641003e-01
1.519200986555283350e+00
6.676294971780492027e-01
1.181783840472468539e+00
1.737089955052226520e+00
7.261086458252598019e-01
2.010742899806917894e+00
-4.403606602295591643e-01
1.844361830642891720e+00
-4.944011646221205813e-01
1.059864619213559678e+00
1.075618705239370088e-01
1.385486511093618756e-01
2.233479358784052238e+00
-7.802344770374820548e-01
1.656601263601697793e+00
1.408796188197695365e+00
-1.354468494848620086e+00
-9.262788107503377999e-01
-2.808564178413548440e+00
-1.390484134939792060e+00
-1.043574904595196751e+00
1.720945237867609334e-01
-1.003543846220174451e+00
-5.170935403384849804e-01
-1.749175606382644688e+00
5.459062039260887955e-01
2.789988083898823579e+00
2.142986241256080171e-01
-3.996016770122509110e-01
-8.790333561828123088e-02
-1.473602684421960962e+00
-4.417489860081217912e-01
-3.485194755898308183e-01
-7.856505510947442428e-02
4.454937806894869734e-01
-1.123994427722629696e+00
1.582668423724504780e+00
-2.236505041705457164e-01
5.271069223937874249e-02
4.435133450588399362e-01
5.666736893339898717e-01
2.430456892839943261e+00
-7.561725689634529735e-01
-1.770633307799514000e+00
1.661680179878634478e+00
1.853083461181919134e+00
2.242283504652131221e+00
1.026067542189233461e-01
-9.031835375848631386e-01
8.083984568708421081e-01
-6.205846191407798917e-01
-1.345921939399639999e+00
-8.002899180278999491e-01
1.441374313815429131e+00
1.511428931568586931e-02
5.113278648931872672e-01
2.749796187006385284e-01
7.514356944953781703e-01
3.014985749979417484e-01
6.603687284705923588e-01
-1.428609964435658963e-01
3.907404605832726086e-02
-9.451072643877499457e-01
1.455842945932359411e+00
-1.702169056706910322e+00
-1.777058493977610620e+00
-8.275400933900467493e-01
1.533410469843538904e+00
1.278625740569978575e-01
-7.029219969578743843e-01
1.615849850707515856e+00
-4.483044539805935980e-01
-1.580278330547017607e+00
2.686866684562632113e-01
1.668013150787714394e-01
-1.223650580296549606e+00
3.278865391193341861e-01
3.101324797668572053e-01
-5.684122955751730322e-01
-1.718685815276346673e+00
-5.777380583357426547e-01
-5.676979326752791266e-01
-8.619289041949682595e-01
1.135592435058926153e+00
9.852240469194231132e-01
2.376470017954511960e+00
-2.373687217667264537e+00
1.163365474476667050e+00
5.549616544381263950e-01
-4.304628008103530412e-01
5.765974029501513831e-01
-2.300697313432104596e-01
1.736700260959005426e-01
1.541757180891307089e+00
1.615462066663852170e+00
-5.951105612275053858e-02
1.105789206833455163e-01
-2.421680277186031294e-01
1.058448545881546243e-02
8.061293380709938505e-02
6.285482755294296009e-01
-1.316015189790239459e+00
-1.987750645628338253e+00
8.729875741333905648e-01
2.861107647507092344e-01
5.885873663369368680e-01
6.618042194493098940e-01
-5.377203509800370096e-01
3.359594345214405031e-01
8.465462432842059126e-01
-9.315156161048954164e-01
-1.391958058739610538e+00
-4.941677586779101850e-01
1.038665117090414203e+00
3.601605697739532763e-01
2.839902832078406103e+00
-6.851476423722298037e-01
-3.687215650154324620e-01
-1.627068406221444663e-01
-7.199802841052537206e-01
-1.638454211848672903e+00
-6.419699539925962650e-01
9.680347190572609062e-01
-1.078095863058553761e+00
-1.844927575560120769e-01
7.106218880735777343e-01
-2.852018270840683267e-01
1.667764678656608490e+00
1.676877330580702541e+00
-2.188601167043076057e-01
-8.246320361029130241e-02
-2.936923917879148971e-01
2.733243995965614626e-01
-1.023126390002760733e+00
-1.290149362604598116e+00
-8.851847155120873278e-01
