-6.814822289709498992e-01
-1.472232110847131903e+00
-1.584099320048603932e-01
3.172328399635362395e-01
-3.657901746232260498e-01
-4.130511166556110059e-01
5.257313315021189259e-01
-8.175407117822832692e-01
8.039500870785598607e-02
1.043209268840407766e+00
8.651080594180854400e-01
5.675098549164858674e-01
1.165026108514406911e+00
-6.346914432218062618e-01
-8.565182967914513057e-01
-1.061737764451711419e+00
3.250445639451164936e-01
-1.393831897037294820e-01
-2.346462075045385731e-01
4.452766712864419385e-01
1.115704923424133965e-01
-7.923559533233415220e-01
-1.113045511293619949e-01
-9.516993827690096719e-01
-4.507720442430304120e-01
-3.714573786575495196e-01
5.086713320217450818e-02
-1.051052086672066732e+00
-2.905455250299451286e-01
2.971162849130525307e-01
-5.726462302561886597e-01
-1.041566837386390443e+00
-6.051183449274504245e-01
4.778347204517998659e-01
-4.852974173569446492e-01
8.414636360530256542e-01
-1.822140863623294416e-01
-1.516735276559973977e-01
-8.644781095522041658e-01
-7.533235196886556295e-01
5.450808898794301527e-02
7.046830949813747136e-01
7.370142123233671683e-01
-5.048538503468649186e-01
1.507350574458664827e+00
1.391725874620013625e+00
7.563641901568753934e-01
7.555477223074085202e-01
1.514773956545307554e+00
-1.168741360852474098e-01
6.649583272923684785e-01
-2.065511593881600438e-01
-2.810563301920082080e-01
-1.094466356874889801e+00
-1.683898892545998560e-01
8.598876044352501413e-01
8.735819644929185834e-01
-1.420911828057734860e-01
-4.572695702162128395e-01
3.439072442314355382e-01
3.526836348642052865e-01
-7.999025712634160179e-01
-7.726638588301368293e-02
-3.093296689613146411e-01
1.016507612061333665e+00
2.167468235947199728e-01
-1.038037324677818729e+00
8.781695143518233326e-01
-6.940556408760072404e-01
1.061311345646846593e+00
-5.871922979617132388e-01
-1.018185465109190613e+00
2.253977857609433810e-01
7.625330412458543039e-01
-9.060071948673118492e-01
-1.365719815274851312e+00
6.554735487241987180e-01
-7.876758014821721998e-01
-9.834503201914712722e-01
1.474396948384614436e+00
-2.417417035020458793e-01
8.620569220643059527e-01
4.732318609601373627e-01
-1.055931144120393794e+00
2.949397078329005217e-02
-2.527239274603302333e-01
-8.993124069246321017e-01
4.941671239016640627e-01
9.847391400403191497e-01
-7.320170635542011528e-02
7.812247549751869524e-01
3.594518938081456283e-01
1.126446823134883424e+00
-4.032390399459179209e-01
1.235557408302941695e+00
7.743372967874548873e-01
3.770236701079774932e-01
-1.041829693979956062e+00
6.221517727967142974e-01
1.117760125738836985e-01
2.183887163659868347e-01
1.514318491959424917e-01
1.122338870683733392e+00
-3.857839621540737340e-03
1.328005214919042887e+00
-5.038904607677503478e-01
4.159546454068907551e-01
4.146469764912118494e-01
-9.749375803693263176e-01
5.241826076286211222e-01
1.040558941007986016e-01
-5.955848007771036290e-01
-7.222964140294992896e-01
-9.815335903463102696e-01
-6.598389245079592236e-01
2.175797383469733060e-01
-6.088141689227939413e-01
-8.165695572235129873e-01
-3.449536076384537853e-01
-9.778423924763945951e-02
9.332860037925569952e-01
4.960806538955981893e-01
-3.872339168648698537e-01
8.739111934346535104e-01
-3.896539427578499248e-01
-1.890519530321022046e+00
4.348686679877384886e-01
1.771732471454379176e-01
4.650516545659549306e-01
9.480067684965318708e-01
-6.494963793860418777e-01
4.096084149398998564e-01
-1.210637015130881622e+00
1.306197190788113804e+00
5.731624849476131267e-01
-2.936216866937308989e-01
7.360302094773268911e-01
3.783714462516576393e-01
1.331449891867582336e+00
1.163175536860257209e+00
-1.129203438202025511e+00
1.243795031149080188e+00
-1.794296523091137852e-01
-1.168287926848490921e+00
6.433406628261939542e-01
-4.158081411613004374e-01
-1.730938303551478041e-01
1.640992129696707824e+00
-3.519091821071556048e-01
-2.191331065631212383e+00
-1.203316238350889300e+00
-1.290084529710617822e-01
1.750948707787923220e-01
-3.230020821670809283e-01
-1.997170006461720937e-01
-1.183384909557591236e+00
-3.506294534276808150e-01
6.579404853097696737e-01
-1.830259907322834056e+00
8.578257805536165792e-02
-2.323112015781198525e-01
7.378838852739257881e-01
-3.890625864196122219e-01
8.943046755472479070e-01
-6.713353910511997702e-01
-2.622407498192964592e-01
7.758189983002315993e-01
-5.744816370028993369e-02
5.281897880863017924e-01
-3.257406989758249716e-01
-1.998517736919444565e-01
-3.499692588454917375e-01
-6.578800637366735149e-01
6.418446387403763387e-01
-8.185236678931572252e-01
3.954420378853522045e-01
7.006530764162341995e-01
1.144261817445930252e+00
-1.532229710757139207e-01
-1.025013740576258714e+00
1.007829580200187758e+00
9.117142920962830743e-01
4.132761772334818673e-01
4.218789050913995808e-01
1.064781109675244919e-01
-7.355808067792461991e-01
-7.706599883171206811e-01
-1.879614822770354909e-01
-4.249170244870745794e-01
1.032295439731222508e+00
-8.349459970421302391e-03
-1.251125092216647028e+00
-2.665545797248051740e-01
4.446867157115300118e-01
-1.061383357452361231e-01
4.036066421112860514e-01
4.639532904110425515e-01
3.640407654644017832e-01
8.117122926033439878e-01
-3.824720247412053964e-01
1.102241269093367837e+00
-1.446065641872034568e+00
-1.116484107834795125e+00
1.245758094366200275e-01
-5.635868661420878611e-01
-2.241306346530988480e-01
-1.152166258318420455e+00
6.220665137634933117e-01
-8.028857046316124624e-01
-1.389473483113549790e+00
-2.794646745947875210e-01
-9.672852282644651689e-01
-2.522172397799642418e-01
-2.821168813960213129e-01
1.646900239934231402e-01
-4.620102918105328804e-01
-1.064291192008590681e+00
6.183550688349634950e-01
-2.128253831825027975e-01
-4.773195761946759097e-01
-4.587103476962844928e-01
-3.954898915244401958e-01
1.275733585428063144e+00
9.812439493526643464e-01
-8.631650776089636601e-01
1.100133012883067529e+00
-8.148832852778378211e-01
-8.965669136929612648e-01
9.843757789455986895e-01
-2.013441935604852462e-01
-5.608524602409443727e-01
-5.628663690143238529e-01
3.352335058557316394e-01
-6.393161789127351780e-01
6.465118525840021224e-01
-7.817685655913344522e-01
-1.225246659524261261e+00
7.960312241606435357e-01
1.138116305153410002e+00
4.768823399416441400e-01
-2.186430658967496998e-01
3.558417499841906029e-01
1.591098466285613799e+00
1.085666017782461523e+00
-4.288554712102898847e-01
-6.778911059850436516e-01
-8.681390648929196985e-01
3.927307755325154526e-03
8.231833253606335443e-01
-6.658207602243197964e-01
-3.499855933982060074e-02
2.105073962898022510e-01
5.892855866220135796e-01
8.004334661205447787e-01
1.070938373948757905e+00
-1.089998343262116309e+00
-4.611407240539626140e-01
-7.761283627397470575e-01
-7.280970491942748146e-02
4.813869733665132045e-01
-1.062818143800732695e+00
4.741863068980646800e-01
-3.732794179633149856e-01
2.748383070390210126e-01
-1.045288655594793115e+00
