1.596772665544667902e-01
1.699419896923493045e-01
-2.729793430886289229e-01
-3.583345604731140721e-01
6.647809209170518763e-02
4.449561988102818111e-01
-3.019431123047763843e-02
1.943865145637955205e-01
-4.959392621435583237e-01
-9.372081203057811560e-01
-1.072303485475535112e+00
6.693790077800088056e-02
1.194125442304669882e-01
6.765785455687312044e-02
7.472099780379863887e-01
1.169452757317002822e+00
-2.917790025013887178e-01
-7.035253924989193219e-01
9.336312435919265074e-01
8.987296581737143075e-01
5.606346989155134297e-01
-2.679664977842342033e-01
9.859286041501513775e-01
-6.571565330447221021e-01
-7.993895609771908273e-01
3.317881970422089655e-01
-6.095297157494805607e-01
-9.326753153547351349e-01
-1.251444346597696544e-02
6.632946689323326872e-01
5.679491345825901094e-01
-5.354101598375646809e-01
2.690072785606406613e-01
-7.166966039731356153e-01
-6.513955365876511472e-01
4.054344622304957291e-01
7.875890574629509366e-01
9.050239477271494470e-01
9.148100017587070809e-01
-2.104703778286625138e-01
-8.778107785552389242e-01
-6.698109333677915167e-01
-2.492234690818739828e-02
-5.939465693011776182e-01
-4.434240124017545526e-01
-7.073913077990724441e-01
2.566607562238774065e-01
1.871972851806482652e-01
-3.603077156784049162e-01
-6.231424991734374474e-02
2.777097956815777202e-02
5.966458470863863495e-01
4.200030261591697345e-01
-4.318503584123445371e-03
4.855700454341892458e-01
-3.519416515017486091e-01
-1.363400390110959259e-01
6.907350515757902931e-01
-5.884569652619868751e-01
-9.999677868114924539e-01
-2.002134965860122851e-01
5.133853260058627299e-01
7.549410998187415789e-01
1.405731450084812817e-01
2.013762722583449793e-01
-5.510466227890670199e-01
3.525135425061898253e-02
-3.589198025916600088e-01
5.332458336426697532e-01
-1.268537270836747055e-01
1.339225214427317567e-01
4.157383623469195766e-01
-8.868148741636825427e-01
9.863569120893478370e-02
-5.690843302610172350e-01
3.713769845814223203e-01
2.361603557776979501e-01
-3.060924159131457323e-01
-7.750232535585062088e-01
-9.408815554509597501e-02
6.927937966264725578e-01
7.418912927387824041e-01
-2.373925139929171646e-01
7.077797929346307804e-02
-6.987189986335662351e-01
-8.410352827810015919e-01
1.084098933735925918e+00
-2.764182734909694239e-01
1.362573671253138885e-01
5.770843657822937178e-01
4.684996169884529382e-01
1.497158356466287144e-01
1.003667991361004486e+00
6.286421728656730323e-01
-4.558274470334593431e-01
9.535806105658222176e-01
4.594932474199708849e-02
-5.016935256286059186e-02
-1.734438416307069186e-01
9.237488915811575829e-01
6.842590499645389013e-01
4.642415229957123635e-01
9.257047473684962835e-01
3.835088013578156207e-01
4.810759656894096903e-01
-4.122306661303913877e-01
-4.480185331864028342e-02
3.152179208840777402e-01
-2.239725221680377576e-02
1.459212259348890983e-01
3.657903035334859609e-01
1.725066445977734286e-01
7.592404482849968161e-02
3.431604390696560980e-01
-6.168657616362310803e-01
-8.210208333498059119e-03
-9.516327691019250690e-01
5.755552098469878253e-01
9.793624201569790522e-01
8.912430351493423331e-01
-8.901186337543789406e-01
-5.273717766428698273e-01
-6.000252603881401914e-01
-8.171482174187840730e-01
-1.351760013286388284e-01
-3.181020855974875383e-01
6.647384248939565143e-01
-1.187476115286929534e+00
9.700095540778865821e-01
-4.009557097704416484e-01
-4.989811274014499531e-01
7.254932321567952869e-02
-9.837874848622704116e-01
8.086661062290316782e-01
7.774034163727217006e-02
7.959196218001887146e-01
3.696679048225947062e-01
-1.032803709125236225e-01
-4.463682665002408623e-01
5.753727154128027710e-01
1.454403837917028763e-01
-2.053992702675122572e-01
-8.922548796998122089e-01
4.944300827688624667e-01
-3.324342737248020541e-03
-2.315379813550779708e-01
-6.530284952739568993e-01
1.381678291071862130e+00
5.110285418435995819e-01
7.460503654605914470e-01
-5.919105946540847984e-01
-9.402385897494891509e-02
1.197608405043146362e+00
-5.778140375937694806e-01
-8.519629956165890583e-01
-9.703989604776841471e-01
7.547102456684959826e-01
-2.084615415151158668e-01
-1.549965699371773642e-01
1.061624367445204165e-01
-1.463801893696747847e-01
-2.992341590536673479e-01
-6.505256890232746780e-02
-8.959605935588853542e-01
-9.073576495167934297e-03
-7.753102837479037834e-01
-7.321727138903922905e-01
3.179732573586178113e-01
-2.756055412076232614e-01
6.957236728817595139e-02
8.610509554264691445e-01
6.104830878840838970e-01
-3.426548863151690494e-02
8.163765379039793491e-01
-1.757271619232106952e-01
-3.627706098940631785e-01
-8.526945688186007288e-01
-9.339770922126150454e-01
6.626081854073238020e-01
-2.935021175413734529e-01
4.270440688724574940e-01
1.964567587000345394e-01
3.834529440364345954e-01
-7.159868036650860468e-01
-8.402490415170955629e-01
1.379216103352225442e-01
2.376387618383628553e-01
4.296143048257361485e-01
6.966824932272817072e-01
9.976070267853003326e-01
8.363975681538100559e-01
2.149310951333771591e-02
-1.933051317345647613e-01
3.855496252509369448e-01
3.855783475993495024e-01
-1.547250455416859349e+00
3.569827691984963636e-01
1.476188218768350602e+00
9.741007115859716681e-01
1.338132318531524145e-01
-6.207201024707309500e-02
9.139643400800706585e-01
-4.803644738941215131e-01
-1.234260673880751558e-01
9.780809329864554869e-01
-5.084790066657181029e-01
3.582152330626617864e-01
-2.293821065815855320e-01
-9.321521626228410629e-01
-6.959284701726780042e-01
1.371828846296818671e-01
-6.765326274605514278e-01
7.403175284879259799e-01
5.327010364867263981e-01
4.319329408861285469e-01
4.015906229902332925e-01
1.143254999900187308e+00
6.096387837585846015e-01
7.990912585762087739e-01
-5.764090481810837385e-01
8.987790046418943080e-01
-4.455978569162684089e-01
5.851144357380053673e-01
7.425438690174768208e-02
-4.586928684812507928e-02
-7.109995424943709175e-01
-5.317058333073338972e-01
8.659313661075682678e-01
-5.108489289531548128e-01
-8.959322663375830498e-01
-9.417292712687832523e-01
-1.386472814543327825e+00
-2.680905584389402518e-01
-7.604169248883931864e-01
9.090174129421954019e-01
9.624615005387566757e-01
2.412195482388594936e-01
-6.866901675834666818e-01
8.281545788415927145e-01
8.486306391693489992e-01
-8.721134334847382430e-01
1.765690303517153392e-01
1.447122010367527523e-01
5.896699036501269475e-01
-1.253386826997493486e-02
-4.806794761217305645e-01
-4.861388533935682155e-01
1.037059780332349579e+00
1.844437893484502933e-01
-5.802542384515299023e-01
8.134674145101679077e-01
-2.310126937625341936e-01
-3.256717801425725867e-01
3.675534927630724757e-01
1.017303886460237283e+00
-9.271909336391976897e-01
5.189585187435004077e-01
5.420493466394390447e-01
-6.717150988464448691e-01
8.281401183896646145e-01
-9.448908348987621331e-01
1.023637653323438368e+00
-5.175137825595870211e-01
-4.338589093234228589e-01
-3.527118849131536393e-01
