-3.746601642526081188e-01
1.043356429724295653e+00
1.576055549249735233e-01
3.658061364381988700e-01
3.069999558444757581e-01
-7.736098355991448683e-01
1.045787004312505486e+00
5.549011611600005445e-01
3.288897801673752452e-01
-6.766220844832264714e-01
-6.941802661052465240e-01
1.025240270889421046e+00
-7.276484726131831060e-01
-5.195652117960478655e-01
3.686875007408690896e-02
8.499575427239043357e-01
-7.652415733194511960e-01
1.736338043483045990e+00
-4.779137783886150403e-02
-4.757944143518730851e-01
4.965082504245685868e-01
-8.667449095164436734e-01
-7.509258316572424707e-01
4.978354461001766595e-01
1.020723750808052221e+00
-4.576235089549879897e-01
4.650762677956686297e-01
2.748108060893297289e-01
1.520795575090047036e-01
-1.019414878255398893e+00
-4.964727055521535592e-01
1.024465385820324093e+00
1.062080135495687472e+00
1.372152613079983263e-01
1.004073366353468444e-01
1.251168854552262566e-01
-8.454837338731342467e-01
-6.410053925076167891e-01
7.849469254161542953e-01
-5.419751654169200350e-01
-6.019634099885358136e-01
6.565401405703954474e-01
8.733905597598083936e-01
1.372056715460852727e+00
-4.972148428514383545e-02
6.094352750182023826e-01
5.318077424767084782e-01
6.384342905867507190e-02
-3.259973313450359456e-02
9.611717613772465807e-01
6.051972930349642787e-01
2.370972462248999713e-01
1.950866108956530454e-01
5.122152087716391744e-02
9.874695518750354895e-01
-4.376919876709176593e-01
2.977544821676536557e-02
-2.792528675658083603e-01
1.462701684775335575e+00
-1.034355506668814373e+00
1.644706890676490008e-01
-2.398891122444335444e-02
-2.248352566939478270e-01
-2.566338902329898253e-01
-5.321490442486161987e-01
4.589644669550657086e-01
-2.539656688436258691e-01
6.982644962117969811e-01
6.958509708143241212e-01
-5.832359132800912782e-02
-9.346986440232931681e-01
1.461322320634989680e+00
-1.512536122305955244e-01
-4.853375339865311777e-01
9.188344427131329706e-01
8.725208888668734009e-02
-5.003565797836702078e-01
-1.831603452726013881e-01
2.484546345946880841e-02
3.050702849238268177e-02
4.201425023379644630e-01
-3.125186806286495700e-01
2.422835743463837010e-01
-2.960859403872478923e-02
1.334207050644777293e-01
6.177531718149518181e-01
-9.609044692998578441e-01
-1.138439689084793649e+00
8.106031109699698423e-01
4.093223702733680969e-01
1.241142587767771310e+00
-3.209327264870775465e-01
-9.136285892751776494e-01
9.495910321858345160e-01
3.484621283275311510e-01
1.213855123225340282e+00
9.247101042851662012e-01
-8.652501783292513293e-01
-2.029315790163637168e+00
-6.709858537811830281e-01
3.086790294579669358e-01
7.730899559376536168e-02
-3.180816107603489651e-01
-8.070147895598018817e-01
-1.756294372954990690e-01
-5.541962989551458829e-01
1.311855486416975136e-01
-5.566993164065094923e-01
-7.742669624837443809e-01
-2.477568781891720251e-02
-2.759339023958050086e-01
8.512636077503361598e-01
1.552008472954140572e+00
-6.504580661136931674e-01
2.640656107011810083e-01
-9.446219953038341721e-01
-1.390665460245700258e-01
6.426888600328195533e-01
1.089271237965841466e-01
3.741872241670598509e-01
-6.756070119396577756e-01
6.860316816026426068e-01
-5.865776555845120255e-01
-5.349172328298799073e-01
-1.333836339347979516e+00
-1.155289213569128393e+00
2.133774540932227848e-01
6.633754357423427006e-01
2.648366063329071762e-02
1.093550427527548052e+00
1.161767527124454080e+00
8.896827674744106629e-02
3.129546956735795860e-02
-9.055025481807617016e-01
-1.317285035614939592e-01
7.497356217680232193e-01
4.219499426542960840e-02
-7.344828839959849365e-01
4.052392690289344790e-01
8.749052533497903017e-01
-7.875652477781041050e-01
-5.584478756561233048e-01
-6.029720504086930610e-01
-1.329235991567913278e+00
-3.478624718582872255e-01
-9.124356596026711452e-01
7.205591210272115354e-01
-5.030668482220858051e-01
-5.834997545836055899e-01
-6.610199259949118833e-01
-6.003646733646772482e-01
-5.570231196144310726e-01
3.675931612323203868e-01
7.873624954039393220e-01
-7.485119726399633855e-01
-9.474879837939695904e-01
4.130756370621376794e-01
-1.551932835721539838e+00
-3.835134411561305634e-01
7.146901167208509209e-01
3.660369991307222404e-01
6.137483625405559806e-01
1.063380817954694191e+00
-1.198469995341735261e+00
-6.404255579042017477e-01
7.501120874573756758e-01
-1.134426016445242213e+00
9.512538681772896298e-01
1.931244611475768203e+00
-1.013742042255914910e+00
-3.172269358838053499e-01
4.661578702162828547e-01
-1.181508062541964277e+00
-5.214564003897730338e-01
-4.406023454298185760e-01
-1.172852477865426346e+00
-6.085803083431234883e-01
6.915559589253292838e-01
-5.580754513556074325e-01
-3.028609854600674556e-01
-2.239931355081391517e-01
1.170300089369626928e-01
1.233299799864778334e+00
-2.404631154827773232e-01
-2.276516367253605955e-02
-1.713934433962300830e-01
-5.655661415372104095e-02
3.556471267561948091e-01
-1.075607865845381816e+00
4.796541506899985041e-01
2.819330816328418088e-01
-6.006139223352104928e-01
-2.658264773364549804e-01
-5.543085896965134207e-01
-1.319291702459614024e+00
-9.648809827399831285e-01
-5.042966134953476010e-01
7.805167579680134526e-01
1.273665532236758047e+00
-1.124033983516994128e+00
-8.337308871308241054e-02
8.712762682380339463e-01
2.198466672260499521e-01
-1.196837597753075411e-02
1.234291750020773515e+00
-8.203112023353048565e-01
-4.313699470725015916e-01
9.086349125464886489e-01
-5.898704897327504693e-01
8.493412239509019468e-01
1.041690441386756705e-01
-2.414063495790754743e-01
8.768810260074240137e-01
-4.311836756915842783e-01
-5.636766573122873325e-01
4.142547325931267843e-01
2.952740294914750208e-01
-4.393085726455265849e-01
-1.598621616618217112e-01
-1.344720709565039085e+00
-9.269043626891257937e-01
-9.611465737483453342e-01
1.157950643473185881e+00
9.357824931765104104e-01
6.905583275465774218e-01
-9.235795561462041281e-01
-1.121130040336146827e+00
2.442316454595886976e-01
1.828668633502714913e+00
8.853421566514987351e-01
8.849278533148932091e-01
-5.759052704882179352e-01
8.603463202598508053e-01
-1.485797139634376096e-02
-4.789628197904677309e-02
-2.238573715786051910e-02
3.662011384555155513e-01
2.047455385695493568e-01
1.025583914671290842e+00
-1.458229299349781627e+00
-4.656769076659001971e-01
-1.033708220116377752e-01
2.875391318256220741e-02
-3.485880083488505643e-01
7.807147468049124850e-01
-6.518786282872466309e-01
-2.940487149059298200e-01
6.048350425310111689e-02
1.593032854171496648e+00
-7.040846137453704578e-02
-2.315475550543396044e-01
-1.078766217190403331e+00
4.835219557074855734e-01
9.919444224265072663e-02
3.275950410664360546e-01
-7.508113442426246342e-01
-8.721925154267828884e-02
1.672968525921867400e+00
-4.337839420078032360e-02
1.156588435953258553e-01
6.820310851995925461e-01
1.812557446874052403e-01
-6.720083145994173446e-01
-3.957929310768609765e-01
3.754719986795773679e-03
