-6.621785530138285525e-01
2.778532854834489529e-01
2.141892514884431442e-01
-4.804932193621338499e-01
-8.003235463500633085e-01
-2.808880750977555407e-01
2.460613027671291753e-01
5.874654888714816448e-01
-2.832159991813030797e-01
2.705128756238983634e-01
4.670336296633882389e-01
8.755017134472691254e-01
-9.379826473580541446e-01
-1.585579211781822373e-01
-3.120940007285006312e-01
2.862682845897426831e-01
-1.663483504567699889e-01
4.279752816382922376e-01
4.016384550824150246e-01
-8.103897555596315527e-01
1.984833641334452503e-01
4.495837492859897644e-01
7.096074958450449000e-01
-1.932607550569120369e-01
-1.340878076427267085e-01
-3.625003753205668922e-01
-4.185701694161942932e-01
2.014751501453506677e-01
-6.252778648538424022e-01
-3.882757515768469614e-01
4.539726391924956972e-01
5.388275915876832300e-01
7.431753239389377041e-02
8.014295859080478035e-02
1.725697279520343463e-01
1.114551281846465902e-01
3.651933363435504454e-01
-3.382087937431883518e-01
2.637085674107697009e-01
6.832558964277916091e-01
9.614662733247092419e-02
2.472273461553444740e-01
-7.951984806885797896e-02
-3.706050578678854457e-02
2.033971751854509180e-01
-6.035271094575969109e-01
-4.032806502500201340e-01
-3.750649804885693994e-01
-7.975635999845032131e-01
-2.028423822049164049e-01
-3.802088717880281465e-01
5.717666401402530241e-01
-1.569639694670553198e-01
4.804845845561894202e-01
-6.341292812538853463e-01
-2.659591677613405425e-01
-5.237884682857811836e-01
7.990998031267962931e-01
7.720369485478502103e-01
-1.100472307155535567e-01
-2.984011689940729850e-02
6.307286501213991148e-01
3.758024392858796414e-01
-4.249313852648520240e-01
8.298959649060982935e-02
-6.250301870230479118e-02
3.161993239610920714e-01
1.071211182752017210e+00
-3.925049273446954978e-01
5.144224566716644187e-01
2.448398144036028623e-01
5.557193712939461072e-01
6.612375799139381671e-01
-6.992122873759236690e-01
3.531750231121468242e-01
-8.709995144174327297e-01
-9.441476051924793111e-01
6.509701442212801892e-01
-7.200952645444659295e-01
5.571616885686476728e-01
2.111604814442381017e-01
-2.886086198098216093e-01
-2.459558274026985569e-01
4.920253875941807964e-01
4.360217772385398538e-01
-9.696353809731766971e-02
-8.437092164049253551e-01
-5.265200138227005278e-02
-6.306580125212505328e-01
-3.270889504524383540e-01
8.121134886925722718e-01
-3.656338688385779578e-01
7.134606812506902873e-01
-5.313072748915740329e-01
6.908342219019765196e-01
-1.084778376981332948e-01
-7.773558557183227746e-01
3.249526702320983396e-01
1.601191112217583146e-01
5.420525773093045618e-01
9.650172959997260769e-01
-2.336434245280984423e-01
-5.676242961203894488e-01
3.071257277494992555e-01
5.246185800584428627e-01
-5.782551785720813076e-02
2.568865262574299702e-01
-1.385800777390170935e-01
6.522524231705715270e-01
4.194065028897909775e-01
5.823666125924750192e-01
3.673216176488623974e-01
-5.081344251100960996e-03
1.152013005402254264e-01
3.004803581573772808e-02
-2.917905756776806303e-03
-4.892295360335548460e-01
6.982415644011532585e-01
3.003757589728022759e-01
3.382157835176843319e-01
6.651123847743056761e-01
-9.415578302044647074e-03
3.729034637501115190e-01
-3.512857388002006420e-01
-4.952520155871854568e-01
-3.448937237135882294e-01
6.791038553889363616e-01
1.155687300591878852e-01
-7.255680776084266759e-02
-6.988322602764268643e-02
-8.281084979594481865e-01
-4.137257365969410072e-01
2.639414165020616543e-01
3.915721077215896795e-01
-1.970343891423622651e-01
2.617734997288918009e-01
-3.942257947685217090e-01
3.315843231659258428e-01
5.198140564080374615e-01
5.083475723971707660e-01
9.930876408618177775e-02
9.284822294519723407e-01
2.439257442647663754e-01
2.482328944136444893e-01
-1.804611822696602086e-01
5.572127110918034809e-02
-3.554182442468337144e-01
4.213007105482521331e-01
4.262025768357771693e-01
1.241091423113529491e-01
-6.029816205806470819e-01
1.503592231738058727e-01
1.485509276157438441e-01
-4.524889456461471116e-01
-8.223626972667192891e-01
-7.357011089243281621e-01
-1.964402258173651994e-01
2.281287043124838876e-01
7.945430691074517604e-01
-5.274131847839590437e-01
-6.934613220235441577e-01
2.748336952757450269e-01
2.850154602841139528e-01
6.087633104708182197e-01
-4.028494029023698686e-01
-4.398682532562635528e-01
-6.990337130624222350e-01
-8.564948582487519335e-02
-2.154651375442557804e-01
-5.212999864958225427e-01
-4.725432502446362260e-01
-1.605666375284354741e-01
6.395675463473815547e-01
6.947616089472132828e-01
-6.633648433827313839e-01
-2.320912525345620869e-01
-7.135138889443082277e-02
-4.624901325105628125e-01
-6.193249275837995338e-01
2.492810397942411549e-01
6.412296014831710966e-01
2.509765782176545112e-01
8.264981590586465421e-01
-1.380210007635529479e-01
-3.342696454414218477e-01
-3.737470107937059804e-01
5.439564147081079604e-01
5.345439220788272827e-01
2.571400619174633584e-01
5.941539802066642117e-01
4.947885704468113488e-02
4.599910768588274523e-01
2.973500800086626428e-01
5.306008603911678279e-01
6.292950708573069596e-02
-6.437316485698840740e-03
7.401498227695652021e-01
3.359687324129214669e-01
4.480963818505506180e-01
-7.343615667803025104e-01
-2.086398984379446708e-01
9.480298464354920407e-01
-4.156454890729791019e-01
8.518165035559011056e-02
-3.352838199526416152e-01
-5.759041516033538421e-01
-6.420414055791578978e-01
-1.337840408160783090e-01
-4.973679606169914003e-01
-3.423765731672229751e-01
2.797561571035833694e-03
-1.388052374041504056e-01
1.810182250139422688e-01
-3.592514488141834161e-01
5.331117980787720700e-01
-7.836348411300104733e-01
5.515090120743865176e-02
4.601930851401738187e-01
7.068538999923139610e-01
-4.791589761109389389e-01
3.720290950643757033e-01
3.745682617781223578e-02
-4.370611641885804866e-01
-3.180453439742677579e-01
-1.074064932274443329e-02
-1.866145320912177552e-01
-1.064676811274968271e-01
5.511634576887578518e-01
2.068906777209630066e-01
1.147936581601854966e-01
-6.569411314545615665e-01
3.939728300725018340e-01
1.651825511530558011e-02
4.563956372294021291e-01
2.622594778132366078e-01
-8.391144729247530520e-01
5.551511328663610856e-02
3.490928413244356876e-01
-4.608345661066217125e-01
4.991782833932221219e-01
6.184560443046188682e-01
1.899521213967880207e-01
-1.772126902549354122e-01
-2.252244397909324847e-01
4.953042545749726244e-01
-1.231179896673565977e-01
3.852307745571340036e-01
4.988182925838776649e-01
3.194182140204339104e-01
5.684372767208702992e-01
-1.391208525908639859e-01
-1.368932563216375686e-01
6.932532806186726404e-01
8.632506409150229043e-01
8.514970643074298851e-02
3.132413939480244158e-02
-3.722006464773688905e-01
5.780840491148337978e-01
-3.808552989016417145e-01
-3.026128815883521450e-01
-2.472621262644273954e-01
1.757771159057552324e-01
-7.574528463382526056e-01
3.672039611425545469e-01
4.714688673495572857e-01
