-8.273566433249125718e-02
-3.659932215750907880e-01
-3.635955683043451403e-02
1.944006811727646278e-01
3.082074248575668585e-01
5.058012538414020653e-01
-1.316534909467534376e-01
-6.509852583027202488e-01
-4.777066588815888359e-02
4.372881573330449356e-01
5.464848170954311746e-01
1.012383071673284424e-01
1.611110619901310118e-02
6.502743724479545517e-02
-3.548657049394191576e-01
3.317619810266310143e-01
-1.730986414426511077e-01
1.103720867665008987e-02
3.628821199694000355e-02
1.233066770988073824e-01
3.788807868409777013e-01
-5.192851619403649616e-02
-4.555286549013504716e-01
3.270954949527140609e-01
-1.344135573096211234e-02
-1.923555137472778009e-01
3.672512657325873731e-01
6.415370242179989635e-01
-4.632499818751098508e-01
8.176260924336620217e-02
-7.486100208632670561e-02
-1.551960513663527136e-02
-2.980247184553308504e-01
2.494403121691116665e-01
4.901967878385852240e-01
-6.588740825158026504e-02
-6.817236324046427320e-01
-2.061383048276725638e-01
1.804838812912755164e-01
2.568239154435935090e-01
3.664091834212525045e-01
-3.922468644619958589e-01
-1.322347254296449837e-01
-4.906294856128616544e-02
-5.731124653048914608e-01
1.630528688030696283e-01
9.589895073692691896e-02
-1.652893489500654456e-01
-1.254130562874362087e-01
2.795812988153926204e-01
-3.775682307455824338e-01
-5.752057734026509994e-01
4.255827591282609346e-01
1.591955268409427637e-01
-9.106146604851347859e-02
4.132957808302634151e-01
2.130151719254231302e-01
8.109165447876591770e-01
4.352822397325073478e-01
1.143038555329704276e-01
-2.067436770121443002e-01
-4.335799239309192643e-01
-1.665624718296444540e-01
3.310880039550104792e-01
1.677345153205681005e-02
3.955822618453959105e-01
-9.643718118069492806e-02
-5.129072807250788513e-01
1.490777504716040980e-01
4.944951248802618715e-01
-1.881700096228827446e-01
-1.280642419652858466e-01
6.853796173690445137e-01
6.621417346296578632e-01
1.898977055340315134e-01
-1.145927073271553326e-01
-6.865417319185558309e-01
-3.097891059499321975e-01
7.346206003828209541e-02
3.391449558416472776e-01
-8.542290067966912259e-02
-9.704921349750844639e-02
1.186598607618138124e-01
6.009725679589552616e-01
2.344052575221420853e-01
3.514708646308498108e-02
-1.839785114071361694e-01
2.169891390346318505e-01
-1.469268824043551136e-01
1.489983571042578780e-01
-2.701560099157004347e-01
-8.006682989218764923e-02
-4.494312852164488170e-01
3.284612240678816408e-03
-2.374159213968779769e-01
3.476226277445483848e-01
9.068333294784179655e-02
5.649643794045249301e-01
4.312896625159198249e-01
-2.129592079945449856e-02
2.783493695674285062e-01
-1.578186604889734723e-01
4.645495933616278911e-02
-1.207781732727912366e-01
-6.916977533722670213e-01
-3.007963649748885970e-01
-1.702627143107539320e-01
1.211157783116364184e-01
3.303020470026012817e-02
-1.996897320709447865e-01
-1.770195423216771313e-01
-1.862803292487587026e-01
-4.593157916211590419e-01
1.991742885737780855e-01
-4.051318884879809845e-01
-2.349081605504675374e-01
-8.813345554381379898e-02
2.424420915598056170e-01
2.073299936291272960e-01
-6.791586888258445143e-01
-1.481519698417939901e-01
-5.290447969748801604e-01
7.002345655157342641e-01
-6.657480450027609964e-02
-3.184738169448111944e-01
2.030089530641093210e-01
4.863723712130367804e-01
4.639066802875760342e-02
-2.824725539140939823e-01
1.681743990292677293e-01
1.129714771845606036e-01
1.983751266467721486e-01
7.214963018961407792e-01
-5.497449692521159115e-01
-3.408063879839020593e-01
-5.115460187758398281e-01
-1.051163373108641719e-01
-5.014661794100959691e-01
-2.070720295956493817e-01
-1.570570059094333615e-01
7.451324249789013920e-02
-5.440652906660062293e-02
-4.202023553806338851e-01
9.823727993135966674e-02
5.698394371805181047e-01
-1.506166346018454616e-02
-3.007138519182149805e-01
5.311243456400535079e-01
-6.097555967298731172e-01
-2.263032833393553434e-01
-3.871496794010464981e-01
-4.976292711954564130e-01
4.811799393704139227e-01
-8.633952520850043388e-01
-3.678847486333174099e-02
-2.494759119108189149e-01
-1.808075127179787911e-01
3.304865435499638737e-01
4.867379646916877856e-01
5.670311469991176079e-01
-2.357488404119414405e-01
6.326936549936046372e-02
-7.493823409944130320e-01
2.553610685734652441e-01
-5.371735152295632476e-01
-1.466487462341524162e-01
-7.180308307412719415e-01
1.625780194786884125e-01
-2.823003334485527649e-01
-5.050088161611474558e-01
7.198198500956942691e-02
3.295598060557548836e-02
-2.200029193274712913e-01
7.093253132034602615e-01
-1.088521421932770183e-01
-2.853702889012711408e-01
7.212182000661867542e-01
-2.595796011842629314e-01
4.740905837239524356e-03
2.609204757977222344e-02
-3.079632593561704157e-01
3.596840421742671934e-01
4.578583823604606695e-01
1.205839129754942562e-01
4.253284652360568296e-01
1.806840478227821345e-01
-4.589818902252906785e-01
-2.620221094623976232e-01
3.187241286565102305e-01
5.925240361004794343e-01
-6.461411473787117554e-01
6.123671383359172160e-02
-7.934864413338812983e-02
4.485488873508385876e-01
-7.663720167368930081e-03
7.670553909442408003e-01
-2.882024743240568787e-01
-2.004004601217363735e-01
-3.843723730580920206e-01
-6.620848181985850012e-01
2.718238582010952253e-01
-2.253511867392533063e-01
-3.346935467029316102e-01
2.044946480535840827e-01
5.118095833076685697e-01
6.576399844467624156e-01
3.143126909757980592e-01
-2.324493841970251551e-02
-7.256244585149593251e-02
-1.696551122830970010e-02
1.405334657677894394e-01
1.291168623197063714e-01
-1.932739431391168605e-02
7.276812573406650220e-01
-5.975221157443325048e-02
-6.956868716454602808e-01
6.143020018406617488e-01
2.356667753306770363e-01
5.480252567675494291e-01
-1.718437884571810681e-01
3.305553361076678520e-01
2.450812317524546646e-01
4.028521241332385650e-01
3.091956963608993858e-01
3.629615573280100538e-01
6.134762257283183917e-01
-4.845805129402763756e-01
3.994124817521735871e-01
9.472725743635415641e-02
-6.947024620316347154e-02
-3.898673572121937880e-01
5.272273675237126173e-02
5.348733229957127744e-01
-4.954740675062991873e-01
2.765921439569901663e-01
-4.830579876893600355e-01
-3.441638057926884042e-01
6.008780956140205021e-01
-2.384971680813424144e-01
-1.122969171044117115e-01
-6.259070626905075541e-01
-5.962848934831930237e-01
-3.899322375090502613e-02
3.681213310186179921e-01
6.903570222439114890e-01
-6.156627006783670780e-02
5.389306589772784040e-02
-3.107760731867634796e-01
9.517110621660816727e-02
-2.175322066675074162e-01
-1.590113601618255434e-01
1.211980073338761732e-01
-1.515131443676548395e-01
-2.559839933341647167e-01
-8.626008629681382323e-02
-5.999098277745906760e-02
-1.275424192071528684e-01
4.059822162932930079e-01
-6.922412420100785072e-03
1.631245224152310658e-01
2.286337663830803613e-01
3.891072509367534127e-01
7.181304862847526227e-02
-3.124438590889729722e-02
3.027339888156370673e-01
