-5.265312030049260072e-02
-3.575729892552069744e-01
1.061192598430232836e-01
3.297747254202850753e-01
2.051446581636516830e-01
8.432440391321931461e-01
-1.610161219093090290e-01
-7.317283688744927739e-01
-1.265640817085207925e-01
4.887558868513456889e-01
4.184245300784931176e-01
-1.716920672088903532e-02
8.549694334898230719e-02
1.381003104509608836e-01
-4.112571067341163067e-01
6.104147578126564166e-01
-2.083698833312223608e-01
-1.308970912612404114e-01
-3.385451805754205457e-02
2.430605480920205660e-02
4.017002493213192027e-01
-3.878562558078808148e-02
-6.167741898717791216e-01
5.007655748892712033e-01
1.742161705976395525e-01
-2.300250009142106866e-01
2.631591663494770028e-01
4.645474660070382789e-01
-4.185570152342708017e-01
1.450888461249840444e-01
4.127827229180987267e-03
8.670840001471097347e-02
-3.678461557302379892e-01
2.377419934003207058e-01
7.992103662315133139e-01
-1.228641378542646989e-01
-8.406565716353244788e-01
-1.816563043653666720e-01
2.405593170519554347e-01
1.072660227390895005e-01
5.088488427185907659e-01
-5.442725815564749547e-01
3.280409259855163184e-02
7.276993756277472247e-02
-5.731085074682149560e-01
3.402130422098021412e-01
1.424673226212380406e-01
-1.447972988967226593e-01
-2.575293601149609701e-01
3.471790697988543783e-01
-4.477213481249981419e-01
-5.798190040075321683e-01
5.702010355419985244e-01
1.432381692504539339e-01
-2.218230795315814241e-01
4.511411301942003793e-01
2.565007687158107896e-01
6.935114502015935489e-01
3.939009795146718451e-01
1.527814929907785058e-02
-3.103088620272680398e-01
-4.527003663892187890e-01
-1.671386979036342257e-01
3.456741757470906951e-01
1.701846017352000862e-01
7.797830006094430555e-02
1.229350587692358554e-02
-6.392442598882355220e-01
1.099497846796886613e-01
6.769708427258355199e-01
-1.494866811044203714e-01
-1.542213527519050997e-01
7.306715108437595863e-01
5.963651966909606639e-01
2.449364994810096230e-01
-2.285597422049358285e-01
-8.397711374780814086e-01
-2.310152053039217224e-01
4.902495336030325834e-01
3.101992271245443966e-01
-9.310082703901965961e-02
-1.554982863474635713e-01
8.927447041464867117e-02
6.542009932300348884e-01
2.169499925231258008e-01
2.737667933474778603e-02
-1.614688873393929358e-01
3.137280246399576367e-02
-1.244415006783151506e-01
1.098952029344880676e-01
-9.010260472818318322e-02
-8.208338182641372605e-02
-7.939366472864479718e-01
-9.337666196342161995e-02
-3.081893585710420158e-01
3.126008451218854622e-01
-8.224517534089083315e-02
7.235620863619309784e-01
4.863386561777850448e-01
-3.113505830110039341e-01
3.422661546521773568e-01
-3.453096052717850029e-01
1.041979023275683841e-01
-1.296115982706248781e-01
-7.328436842632777282e-01
-1.846979377350985996e-01
-1.694598460592086353e-01
1.671357752096869209e-01
8.856594297389580595e-03
-1.336808672962145061e-01
-2.003785863697236103e-01
-1.325989643430692255e-01
-6.797426142946958461e-01
2.600818092106025881e-01
-4.950995444209637109e-01
-2.043954763076180070e-01
-1.624763743084315371e-01
3.373800505579795384e-01
1.230744590087992918e-01
-7.448037897627488579e-01
-9.319877836179613073e-02
-6.023878663119262011e-01
6.889034477407790513e-01
-1.318982112556267849e-01
-3.796749061055922358e-01
2.516724128397397897e-01
6.389121198398908241e-01
2.983318267952671937e-02
-3.646095196857075393e-01
5.549655761020411138e-01
1.403971771972536420e-01
1.369510618833129356e-01
4.793968097600295186e-01
-5.559840984226864791e-01
-3.537974675321213236e-01
-4.074502976687331968e-01
-2.447982133904878510e-01
-4.272002852422537300e-01
-2.651814685362101076e-01
-1.133066222020014946e-01
5.947111851598382848e-02
-1.237661332844779971e-01
-4.877616712764518692e-01
2.551664608218048302e-01
4.639298882264764057e-01
-1.451356611972630661e-01
-4.151802004709794214e-01
5.176741643309166196e-01
-6.056830461044701019e-01
-1.147274509690123928e-01
-2.947836115788572409e-01
-4.648242143573142471e-01
5.970656687006921093e-01
-8.384161409351192917e-01
-1.640302663458765853e-01
-3.976440451653979746e-01
-1.053607919938277376e-01
4.494508582338346825e-01
5.284962084447012431e-01
6.140297437773694078e-01
-2.853888665849096951e-01
2.511927886504674579e-01
-8.727202635542792297e-01
2.886153718996444240e-01
-7.765408239799802548e-01
-1.926828570419910625e-01
-8.713835220797947478e-01
-5.958902819849411225e-02
-6.035089066173175976e-01
-6.393321889832674909e-01
1.289683205513464936e-01
-7.351168694758211664e-02
-1.852709145065304375e-01
7.293160986996092277e-01
-3.090299840993404601e-01
-2.967621240715594411e-01
5.934647900599747672e-01
-3.200138623645018554e-01
-6.483700023620786457e-02
2.139842901766251804e-01
-3.255032704247237674e-01
4.118648496662545844e-01
6.338746101706789204e-01
-1.291895507709295288e-01
4.734942043673466272e-01
2.794109861413650586e-01
-4.442521729838860844e-01
-5.134628385278429130e-01
-3.391908169939239492e-01
5.981870677888071475e-01
-6.547830836263492937e-01
3.023965004838653492e-01
1.235611102664786742e-02
4.591099481782808800e-01
2.673670535186212227e-01
7.312851702170463097e-01
-2.189951669254062150e-01
-1.632055515868114925e-01
-4.786032502198547256e-01
-6.227177278168034569e-01
1.428691319224869027e-01
-4.942338926689752998e-02
-2.661496605613470345e-01
2.912403219424511414e-01
5.567323380250879250e-01
8.436774725968649857e-01
3.252139011657707579e-01
-1.845363352723514150e-02
-1.847255866033616356e-01
7.257666071268500940e-03
2.676431255811660970e-01
1.620022869473702887e-01
1.448919993275035734e-02
7.117126517512470940e-01
5.163924676840352113e-02
-1.020493049461174806e+00
7.128279738285230316e-01
5.394704584966123484e-01
7.812795687466798089e-01
-1.901134364187687109e-01
2.251239894639092964e-01
3.255464945513052988e-01
8.523217598182613042e-01
3.899930715412662230e-01
7.377051344564072854e-02
4.757744011639120085e-01
-6.255359344769966246e-01
5.295496916112594210e-01
1.007791150267532132e-01
-8.128351167201823546e-02
-4.223671979922145048e-01
-4.260021758259964486e-02
5.702405621035608885e-01
-3.008163002157132615e-01
1.711575762150698288e-01
-6.124220729661116192e-01
-2.766633217596173866e-01
1.009652426591956864e+00
8.917870370532379742e-02
1.011190427194454400e-01
-4.359762334774747172e-01
-6.145504312424273641e-01
3.848586044168578746e-01
2.907321490955698806e-01
6.872021599247279955e-01
-7.252653000917949622e-02
8.889172855849367116e-02
-2.821038816794299575e-01
1.087324647063462602e-01
-2.482263481019403306e-01
-1.469055725257052969e-01
1.116535892389979440e-01
2.863019946098686874e-02
-5.377275860372787708e-01
-4.030234288875453319e-02
-8.069968477611434710e-02
-1.752835743956732972e-01
-1.570178595202463834e-01
-3.180368941207404460e-02
1.176765408155210357e-01
4.334408294574090270e-01
3.958318996747552942e-01
-3.865734537684423905e-03
-1.257949821529920353e-01
7.392190163078189713e-03
