-5.598529761646175995e-01
9.483149542334055881e-02
-5.159491543393761592e-01
1.329710750508035222e-01
1.457211081635326477e-01
-1.812296926092850924e-01
-9.267771961075289833e-02
-4.894697161060306279e-01
-1.245578279782739439e-01
-4.366375016313724933e-01
-5.979486046072910455e-01
-2.090725254350186135e-01
-4.256420518254494523e-02
8.942105077953341197e-02
-2.099232155663816601e-01
-5.660948067216865498e-01
-1.826375396408066176e-01
1.584954546340429093e-01
5.802136840218898861e-01
3.920650640606498927e-01
4.463556706135394236e-01
-2.125239763360228795e-02
-2.592288187513811515e-01
2.442950852498618486e-01
1.292047605134237775e-01
1.203726239677601478e-01
6.098142549311815763e-01
-1.063582238553219955e-01
1.503253062908335713e-01
2.922836502574007733e-01
-2.694079483511636619e-01
-1.083438334647868206e-01
-4.958134425247804344e-01
1.934303929558812696e-01
-4.629847106995491623e-01
1.952807013306810946e-01
2.428067990944849514e-02
2.428905315150980404e-01
4.646676827138051524e-01
4.259028325373991342e-01
-1.376965446012144434e-01
5.089177620241123190e-01
-1.275941393943825219e-01
1.805189315384785331e-01
-2.192939462718123955e-01
2.205181427546112904e-01
-6.580970427471329043e-02
-2.436482603894455645e-01
-4.162204433393683622e-01
5.668389608149668746e-01
-7.509971762514626448e-02
-5.295727464484506486e-01
2.408547415559153526e-03
-2.419346753324414512e-01
1.430089715756895918e-01
-1.224577770303271473e-01
-1.432322828576580998e-01
7.432422863090317744e-01
-5.067668559487348290e-01
-5.900850374450874458e-01
8.980744856931771603e-02
-1.532736979055619175e-01
3.918070256439412646e-02
4.369175951561622417e-01
-6.293924233607671448e-02
-1.065588660732895987e-01
-3.186500948432551272e-01
2.262009791860275509e-01
-1.997493648058008553e-01
-3.643135766308994161e-02
-1.154162417059856477e-01
4.027391767604717177e-01
-4.806426872891369495e-01
2.665900949808777121e-01
6.270692683472700590e-02
1.171190902095439051e-01
-3.359876883056450020e-02
-5.682610841207566543e-02
-3.563064790051256869e-02
-2.668570744368973791e-01
-3.031999809687692671e-01
-2.643595112955235416e-01
-5.243345734496175359e-01
1.412947446520984585e-01
3.151518261362318274e-01
2.083026317505112246e-01
6.156248602323193264e-01
2.708064282604615847e-01
4.023825857751963664e-01
-4.053444968475711785e-01
7.002559243021426461e-02
6.591774690282826699e-01
1.346583337496448651e-01
3.890893626415557471e-01
-7.187195554078013027e-02
1.505513416913796254e-01
-4.360470047543314742e-02
-5.207162291915241603e-01
4.244867086668699940e-01
-1.883925264776326880e-01
9.068014211769916122e-02
3.011084745937528395e-01
2.963582412684385645e-02
6.551941435439079253e-03
2.646229837691806419e-01
4.536014648501196511e-01
1.181881935032813302e-01
1.670186221823122263e-02
-3.906293130725577711e-01
1.150355919688245132e-01
-4.484794027661627158e-01
-2.030992768198664478e-01
2.296786992679298312e-01
-3.655040512099072547e-02
-1.933621165936287856e-01
3.680089890347854054e-01
-2.428942002063093353e-01
1.081897953687264435e-01
-1.493667661257945811e-01
-2.063296092177252516e-02
2.988598178562048568e-01
-4.375756823265731787e-01
-1.429528721331240759e-01
-1.586948035693209191e-01
-4.797702737750451085e-01
7.963276422141190025e-01
4.302778133468339594e-01
6.243832940839694201e-02
-1.203370492846190520e-01
5.960066167358257089e-02
4.522989220393849874e-02
1.494264889992561601e-02
1.104420216408566746e-01
8.491744553534988360e-02
-3.540708809521753708e-01
6.342112386410350688e-02
-4.358700327343265069e-02
4.705175784022792573e-01
-7.961612744506367523e-02
-5.889777265497497805e-01
-2.916489559250614039e-01
4.599289799402747625e-02
-4.062346428215597438e-01
6.456073245002896810e-02
1.516479095730557947e-01
-2.752668779818384648e-01
5.229238347670294162e-01
-3.043698046551792658e-01
-3.859396840758640423e-01
1.731692445841093164e-01
3.326502211200894621e-01
-7.933213407088808566e-02
-4.536984946196942481e-02
2.969815118668044374e-01
6.464796067779299271e-02
3.172687785368585311e-01
3.376017841024668842e-01
-1.100131468587302735e-01
-1.002337647552724309e-01
-3.060847723664960052e-01
-2.104698399876031856e-01
-1.595855168800010548e-01
-2.320387944112086154e-01
-2.183880400946467404e-01
1.784261491766213348e-01
-4.339051162697201702e-01
-2.291952135222563025e-01
-1.498155934438283321e-02
-5.764688036503444746e-01
5.243242651308690494e-01
-7.757843832221833491e-02
-2.047963347478969354e-01
-1.326121916354069952e-01
-2.625918542526419763e-01
2.211226370119401263e-02
5.033311670442884855e-01
7.464128111180617919e-02
-4.263215412008292127e-01
2.192863050440437278e-01
4.731754065342197446e-01
-1.649860650384879224e-01
-2.284417670410933132e-01
2.986160401636671624e-01
3.336488484788213693e-01
5.061320731485456914e-01
-5.086845155208931379e-02
1.728102920034519374e-01
-5.639485501060805817e-01
-6.066995632118223764e-02
1.333591305748583478e-01
-2.954016143336765654e-02
-6.810911345190634458e-02
-2.528296750252972958e-02
1.315910197212538831e-02
-2.572744281932217714e-01
4.205325067059728639e-01
3.177212158756126947e-01
-2.178733695680004079e-01
4.338262496652321720e-02
1.995529110333155165e-01
2.718766808973273053e-01
3.128149284159469912e-01
-3.279138572911286520e-01
-5.833284345207763455e-02
2.476051394165034586e-02
5.024332560783573154e-01
-3.984920437921337655e-01
2.744333164280108456e-02
3.499486195821069345e-01
4.030296617649639090e-01
-5.154020827791720993e-01
2.035505181139099229e-01
-9.776824985883120211e-02
-2.607771702372747025e-01
3.641366686403736397e-01
4.671371555517092600e-02
-5.675954549631210266e-01
4.628302406166391325e-01
-3.041680716449933208e-01
2.409432926426038346e-01
9.759205232776953925e-03
-5.382776096397061671e-01
-1.527662941208544067e-01
1.216719119986085507e-01
3.588641072624856321e-01
-1.079028319294812049e-01
-3.174265401587743618e-01
-2.312214418822761131e-01
-5.245671225089619805e-01
-1.144394867532251836e-01
-3.875964403710449591e-03
-6.324138513236077230e-01
4.467729656614920497e-01
4.015145808846234399e-01
-4.292480360890351676e-01
7.005999729376627405e-02
-5.157618455426482562e-01
4.979566351602944529e-02
-6.082278881415739691e-02
-4.012720090904984271e-01
-5.715835083525524496e-01
9.945944228388756136e-02
1.693869454210005787e-01
2.166902667999739129e-01
-1.748205268874209739e-01
7.235689368861925042e-02
-2.677474659970017767e-01
1.699488104372696706e-01
3.953223921122869244e-01
-2.591956025056617596e-01
-1.794593662407727164e-01
2.961402365669766334e-01
9.143468199559762200e-02
-5.460101852543266521e-01
3.679799718022359889e-02
-3.975877252619060970e-02
-2.691984172628054672e-01
3.797293158747677144e-01
3.030516791708334767e-01
-3.514465899582865094e-02
-1.990278603101143795e-01
-2.507800716747952685e-01
5.085649614033043164e-01
3.524586249411059136e-01
4.838288494413109375e-01
