-4.306303703972934604e-01
7.895451256262972506e-02
-3.607298103505251485e-01
1.442568137352664703e-01
1.161576769703289297e-01
4.366592950036467247e-02
-1.525043578290932907e-02
-3.972090607591038935e-01
-1.432267802727255623e-01
-5.757318371655266720e-01
-4.673546884528251844e-01
-2.630193989287828438e-01
-1.730745521107147633e-01
-4.081458052837105832e-03
-2.898979484299391007e-01
-4.706313625393910294e-01
-1.549346566794815860e-01
-2.889193495735719111e-02
5.308600677573136473e-01
3.650559365116087251e-01
4.062454774578301286e-01
-2.375361021776337678e-01
-3.359283624540930768e-01
1.679858382340325140e-01
1.956853957215418938e-01
8.862843892607154273e-02
4.339522773128413613e-01
4.176534698500140863e-02
1.467466817476746344e-01
2.099499517625696976e-01
-1.344944154977300022e-01
-1.488895223036048043e-01
-5.550182482063155120e-01
7.435125599267458640e-02
-5.591602173275990184e-01
1.967413240592671975e-01
-3.712813549007926150e-02
4.388416789366475501e-01
4.062673993331853972e-01
3.247611771064335962e-01
-7.902415615701975649e-02
4.594315014273635533e-01
1.029365573950918877e-03
2.601141119993604645e-01
-2.784546507810463645e-01
1.051072165457660329e-01
2.682019672297112842e-03
-1.278432631454810564e-01
-4.335686356931900409e-01
5.290569878277677773e-01
-2.021061218984600005e-01
-4.283502410720240183e-01
2.813319929560382793e-01
-1.094450896619540148e-01
2.228686795570896662e-01
-7.493465836384211043e-02
-1.370143491789092005e-01
3.999861775140510778e-01
-7.135050919643587397e-01
-4.819660240202728874e-01
4.935405633198595987e-02
-6.876628039533440317e-02
3.589317756669403725e-02
4.274920211135300185e-01
-1.473601257546267307e-01
-1.776870788628953923e-01
-3.349972094575183745e-01
2.244977524037716776e-01
-3.184715675860002593e-01
1.735538039112353992e-02
-1.069305050941123623e-02
3.808050656859551242e-01
-3.242270169425532922e-01
2.367857907125150430e-01
4.104347756079224779e-02
-3.255241608128363051e-01
-3.553071090452419173e-02
4.213088212185783082e-02
-1.598022378049119285e-01
-1.272713476131840937e-01
-1.830066586653365523e-01
-1.601033318956381346e-01
-4.943097752635129405e-01
6.660032888936973094e-02
1.229710900383740313e-01
3.953371250620024702e-01
5.824751612153492575e-01
1.218291589855252377e-01
2.343515363798354678e-01
-4.349196736818236042e-01
-4.306751101175813196e-02
5.364040190160100918e-01
1.358815702949828230e-01
3.597940724982774396e-01
-3.973173444896959672e-01
9.836851831079750780e-03
-6.220700518118655459e-02
-3.037685964172869291e-01
4.517635971437951037e-01
6.698657176391822898e-02
1.610566431941687360e-02
2.302832958807298491e-01
-1.028028491655084975e-03
1.572045873243249903e-01
6.651187501544834901e-02
-4.682519615768898635e-02
1.250344577867573692e-01
2.956173503458965901e-01
-1.670898626620677674e-01
5.323243566042984432e-02
-3.384433411227416033e-01
-2.601207905367727835e-02
2.053164271556306431e-01
1.043572101521137163e-01
1.847956093762749552e-02
3.430947708632186566e-01
-1.432694871351489208e-01
4.746884411936316828e-02
-3.398437992163969718e-03
-1.389192908903969653e-02
2.847860701164941499e-01
-3.040789863241554203e-01
-1.827130750811808979e-01
-1.141100207369485781e-01
-4.199757911757095452e-01
7.000740772882426688e-01
2.111346468201317494e-01
-9.086055100640336168e-02
-3.923088177323948850e-04
2.250724658799549416e-01
7.771892896159636466e-02
9.061777327036989182e-02
2.244604492614469538e-01
1.029174144801622559e-01
-4.162284328519032517e-01
8.541159554982091090e-04
9.596654861791125909e-03
2.859955434003689789e-01
-1.914230378231087104e-01
-7.618458148563507226e-01
-1.483242983730854447e-01
7.536887366776102472e-03
-3.503836686620887542e-01
4.740362321116177446e-02
1.708520398785938199e-01
-5.395649676505347853e-02
4.781009525557783357e-01
-1.755273885244586496e-01
-1.755506877406666222e-01
3.794543452320089938e-01
2.710828651948508639e-01
-2.063344639534950287e-01
6.728864783952011319e-02
2.195541450223563174e-01
-4.388217216262467468e-02
2.394915604115323560e-01
2.242889809075463703e-01
-1.764243495717813803e-01
-3.939751149471622249e-02
-3.336245973188836089e-01
-2.733054467881143035e-01
-6.809817068725583511e-03
-1.497331565449492308e-01
-1.961503536368533473e-01
2.342202491482878735e-01
-4.541621478360023945e-01
-2.976152539352059367e-01
-1.713166002495217777e-01
-6.344106042177743987e-01
4.278950072738055277e-01
3.438969127869383191e-02
-2.324998105584614172e-01
7.507281946104041315e-02
-6.149395562031109708e-02
2.226899908779707005e-01
5.548412126024804270e-01
-1.272763262173909893e-01
-3.761766790248483039e-01
1.226846391614555831e-01
4.209149596720035413e-01
-7.325791481141880057e-02
-8.319681842274201378e-02
2.671655890582335657e-01
3.341071410743917669e-01
6.257416699378586245e-01
4.721571071531370165e-03
3.167352130600981641e-01
-6.930745085353777757e-01
-1.140149225104250541e-01
1.724627490815661135e-01
-8.920787899207471838e-02
-4.239822241057042418e-01
-2.553815283277309778e-01
-1.226926070368908051e-01
-1.616078828354470809e-01
3.164124944847624965e-01
1.592695109156920807e-01
-2.497606283897372270e-01
-2.866403738111547583e-02
2.216043208267230169e-01
2.285770947127067632e-01
2.622897222397168604e-01
-1.171458655251045727e-01
4.919321497603823534e-02
-1.436132621250255370e-01
3.670141579440590052e-01
-4.352370062876619317e-01
-1.299550149487638251e-01
5.362846321703325092e-01
5.480934017246581469e-01
-4.416675625619202461e-01
1.114975929383496406e-01
-1.885639661945940834e-02
-2.379247601557453184e-01
3.334201697972537515e-01
1.042509428395471671e-02
-3.976134328196662682e-01
1.464990860466979794e-01
-3.173276202092484288e-03
1.808266354254761676e-01
8.084451683574955805e-02
-4.478846676782947678e-01
-1.752929519986088369e-01
1.357785462692353007e-01
3.499845440083136361e-01
-1.367836579664027941e-01
-3.462348433611773246e-01
-1.646551131091301967e-01
-5.404706844664948218e-01
-1.104663102288076654e-01
-1.251126733944509795e-01
-6.410526767926428837e-01
5.162365767089628354e-01
3.183474380699335970e-01
-4.961911387313000521e-01
6.365381376365010502e-02
-3.461098892185469067e-01
2.555336193136976269e-02
-1.396868046915324124e-01
-3.283663138484563260e-01
-2.905857921809849032e-01
-2.708039708398305434e-01
3.420134790583737594e-01
1.355461845206257510e-01
-6.452342120510388968e-02
1.198769058618696370e-01
-1.627569764506712202e-01
6.415069452614631518e-02
2.382006210438200877e-01
-2.015483510505373943e-01
-1.452371619951232651e-01
2.951362326612784193e-01
1.300855611664426259e-01
-2.312093349485352112e-01
-1.938836558710876207e-02
-1.156617192158102686e-01
-1.574961477610416494e-01
1.092686676362857323e-01
1.063047383863332529e-01
2.241580692529852592e-01
-1.124012999924415696e-01
-3.778083687143644065e-01
5.071261175589292236e-01
4.074200953091117738e-01
2.428123900945571012e-01
