1.671038877809822853e-01
-1.832426009641234810e-01
-2.651885959801774106e-01
-3.313120755958463004e-01
8.459604128992932459e-01
8.296679163914069122e-01
5.074970366993469817e-01
-7.694577157762936270e-01
3.432767145044020030e-01
1.618165680711540766e-01
8.631573563925047932e-01
6.201179495126134533e-01
8.663810922946619808e-01
-4.260325680967680384e-01
-9.590308436703760542e-01
3.557049990458966970e-01
4.124095646548453509e-01
-5.430377768671488248e-01
6.258242193529204300e-01
8.646176137491279334e-02
8.046511992526961254e-01
6.059973932474660430e-02
-6.337632824369396900e-01
9.288458158262129505e-01
-3.815112427130802342e-01
3.427924913198947543e-01
-2.080427257642396555e-01
7.797242926728840118e-01
-3.371661042413063303e-01
2.612407523631210537e-01
-5.452203578528476147e-01
7.888843605425333028e-01
-4.492689387169486182e-01
-1.893284816956186667e-02
4.385637301990261694e-01
-5.626630179788512098e-01
-9.348002016322538577e-01
-8.752503135305844673e-02
-9.696898935352704640e-02
1.354932049226189594e-01
1.622707391580273661e-01
-8.911400764597319224e-01
-5.020986573208570114e-01
-1.555355281875385742e-01
-5.484359586624663052e-01
4.097692130683157075e-01
2.601820668354326571e-02
-7.162492705432403906e-01
-1.076391649574797160e-01
3.404331037722230224e-01
-6.281909743049207684e-02
-4.350455854309662751e-01
8.000906603820094887e-01
-3.109128699916650085e-01
1.926128308876111639e-01
1.546515203452591969e-01
8.838621852604933160e-01
9.640891455682381039e-01
5.887471644526378611e-01
5.009164746083916153e-01
-1.219633905067714075e-01
-3.605477845148956639e-01
-5.915504164856273395e-01
9.967976046172188909e-01
6.545091464976140472e-01
1.616022667679866132e-01
2.311277943793985656e-01
-5.500808452943020121e-01
-2.395036367942553479e-01
4.177227957884166454e-01
4.354225229452102219e-01
-1.106881606559138032e-01
6.668533720934721742e-01
4.336844952334133474e-01
-3.815869705323251537e-01
-1.212353925327349646e-01
-7.491759757171227996e-01
-3.015394863811604598e-01
9.521547858193537550e-01
7.449660023934436825e-01
-2.045216546785619816e-01
-9.818160693364259561e-01
9.467914398952514965e-01
9.911350815634456524e-01
1.803072755411725403e-01
4.461448084926911140e-01
-1.505869394762076041e-01
8.269330546422850592e-01
-1.611946349997233074e-01
-7.337855013430738538e-02
4.913915642087931523e-01
-4.430259873627802047e-01
-7.219115800264606087e-01
3.591951650359332948e-01
-4.315087011463720756e-01
6.944844050382092959e-03
5.701873091606219912e-01
8.732746994906226412e-01
8.251851392159808007e-01
3.145829572009763986e-01
1.467710826995820561e-01
1.476266171189450915e-01
-1.595994594213663298e-01
-7.410307492035377308e-01
-5.864119179685114425e-01
-3.861366579460332460e-01
-1.743271291305479309e-01
5.429616652239723784e-01
7.582794802169317006e-01
1.410767139729207642e-02
-1.734808312512010620e-01
-1.148845360204686639e-01
-3.334494107441627886e-01
9.113238027136678632e-01
-9.351330756577707071e-01
-2.559805411684876741e-01
4.068184543903725636e-01
1.900988338836278047e-01
-7.852176858018378169e-02
-9.269384762815571221e-01
-1.993376194798714973e-01
-6.576258210042313923e-01
8.050205116631798941e-01
-5.879893509632694304e-03
-7.121760861306067891e-01
2.595304851937625390e-01
4.139588131981379870e-01
5.416032839505247054e-01
-8.124639843460679245e-02
-7.609748897662838019e-02
-2.174684811304792298e-01
-4.845975800076143258e-01
3.020640314886766653e-01
-6.726872737122429058e-01
-6.209042603456882414e-01
-6.637074331190178089e-01
-4.131773281307447032e-01
-6.463662038822202138e-01
-9.019481173105785565e-01
5.864677610997672819e-01
4.044862082705211748e-01
2.608203269129385493e-01
-6.433262291272505706e-01
-1.975921047576654210e-01
7.196950003785316241e-01
-4.004372098382809053e-01
-4.300606324126050595e-01
1.298362697208736982e-01
-6.997727091408134648e-01
-1.989708037630650850e-01
-6.262753837455994343e-01
-2.751440455716371858e-01
7.070083987542092885e-01
-8.490555281743976668e-01
3.412817935008827241e-01
-2.620637146220237135e-01
-8.335738054400558816e-01
2.903373049840667353e-01
5.923737703935736398e-01
7.292640559936645062e-01
-6.336430802498063120e-01
6.431874404642961007e-01
-9.951071624622125356e-01
6.166587159671443885e-01
-5.883922264463938845e-01
-1.481309538292545636e-01
-8.803832963759179453e-01
5.830040174641553108e-01
-4.436638131562695708e-01
-4.771136105154631935e-01
4.908404240209796043e-01
4.250440137011679553e-02
2.658618921791899847e-01
8.731791658518550658e-01
-3.088443020543163442e-02
-6.997465041493931004e-01
6.840467894963411233e-01
-6.598068219856698668e-01
2.822771616682480111e-01
9.937552772721955918e-01
-4.762870591251575636e-01
5.202308693044166432e-01
9.476035218766469814e-01
6.108826697895917146e-01
3.403011978854719732e-01
4.103053449292117794e-01
-8.152471495341291341e-01
-1.657164606828367415e-01
1.014570461921693312e-01
5.456700090384332125e-01
-8.058108592494463984e-01
-7.678264127226741564e-02
-6.908153634598861448e-01
8.952466945475958671e-01
3.310961110024071008e-01
9.823931275823181153e-01
-6.713806022879018620e-01
-2.814961481933304643e-01
-7.121987350909320114e-01
-7.762840605319796250e-01
-1.756966954807777093e-01
-3.605509503134449734e-01
-9.019546142511847275e-01
-1.024499574923170009e-01
9.926554175089046250e-01
8.061064509244291187e-01
9.620140996458923510e-01
5.364908604368829881e-01
-2.232001960391925000e-01
3.633332380440317255e-01
1.764708449519367672e-01
5.172936363201394716e-01
4.346949204267163136e-01
9.247064217134144393e-01
-1.553903078107199409e-01
-8.507447596841295478e-01
7.182731284167560570e-01
6.547995665522647890e-01
8.781456837430912099e-01
-8.132892810192728916e-01
4.115102969143116241e-01
5.459995215389821244e-01
5.364379845510660605e-01
3.558648608643562028e-01
1.460312359383626468e-01
4.186247785452814618e-01
-8.154502828380063573e-01
7.716160750750860053e-01
-2.329989556753579993e-01
-1.361218879620818001e-03
-3.763947816637069899e-01
4.331189568422559866e-01
2.892903505049846391e-01
-5.117463419996248764e-01
1.525720247136337360e-01
-6.293536997355753115e-01
-5.972293387589655556e-01
7.797031555318327811e-01
-1.647502654420365253e-01
9.054883703678260343e-01
-6.035891465731202388e-01
-8.557742127514686992e-01
-4.713979803417223113e-01
3.846568554483777991e-01
5.498348903762257933e-01
7.597336332620094890e-01
2.730897897262505314e-01
-4.097466107816483127e-01
8.946640495183380004e-01
3.340634812761034134e-01
-4.661855543405633018e-01
1.057906370153793851e-02
7.931684548192934336e-01
-3.730698284898625872e-01
4.284112898166703154e-02
-7.467307630191584167e-01
-9.669056495087657854e-01
-4.431800927719375949e-02
1.957723497220587028e-02
8.400419093685056460e-01
9.707147010952816846e-01
2.371795433376493456e-01
4.162879340081104829e-02
3.958346105698569151e-01
6.544993485000949462e-01
