5.235657646392591347e-02
1.924215489984793248e-01
5.751988980319608369e-02
-4.046059623952014128e-01
2.960136719041059905e-01
7.546483613260268619e-03
-4.113927319728871712e-01
-3.856441020189578239e-01
-1.171998330281912859e-01
-7.398161120464188945e-02
3.423766607538452078e-01
4.367089971726674791e-01
-4.700871592240381258e-02
-3.029873676905897040e-01
1.912772372291486334e-01
1.614695468382820187e-01
3.777393028798469166e-01
3.025836145986559034e-01
-2.636637633568628125e-01
6.065367747542127486e-01
7.776546240117693243e-02
-2.603469801178242005e-01
-6.631167632817047686e-02
3.603037401287719765e-01
3.159336791346835094e-01
2.229336266916490394e-01
-3.899230645402717021e-01
-2.347237912541975946e-01
1.161583295230395052e-02
2.790327736462562269e-01
7.676316136005786883e-02
1.801989768740073772e-01
1.585598247748619127e-01
-4.304182579663712316e-02
3.595117456089572117e-01
7.224498403420365200e-01
-7.956929852002711523e-02
-1.203266115419460158e-03
-3.074579585919595681e-01
1.645502158839201867e-01
1.407442418347612245e-01
5.299625835238383487e-02
1.083951384654385786e-02
2.932999137426663405e-01
1.953780013998658027e-01
-9.050276894670047922e-02
-1.040069289380131101e-01
-7.904641745415502685e-02
5.649589385611297754e-02
-2.127944657848929166e-01
3.386890867357171819e-01
-2.337464363833285930e-01
3.431883440946865704e-01
-5.710819529691729679e-02
4.058250633233423943e-01
8.705888364055067163e-02
3.825584926437737288e-01
-5.422781099174830977e-02
1.308763772956478832e-01
1.761254907287116978e-01
-2.751587101960987214e-01
-4.519122771318032639e-01
4.096294753363710628e-02
8.968422249776017430e-02
2.722878156591583831e-01
7.586444631403030936e-01
-1.783543789434458016e-02
-3.510687817485161344e-03
4.445272282856941315e-01
-1.976879634521009621e-01
1.096569390808302957e-01
2.725384008835679550e-01
-1.332204747548991486e-01
-3.964841399716306780e-01
-1.877162561571875943e-01
1.717930543924426623e-01
4.661623773664294035e-01
-5.875262356508466066e-01
-1.080444906140080041e-01
-3.407952661167845676e-01
-2.742416801278757532e-01
-1.921199951022386776e-01
-8.569905254164919550e-02
-2.062920887500024059e-01
-5.925773395823094591e-02
-3.710464104305130073e-01
-1.626121806362694211e-01
1.439947724042207611e-01
8.808326719558418061e-03
2.099151247203588644e-01
7.608937508855911913e-03
-2.427791340269315201e-01
6.575513738764937610e-02
-1.339019919624175881e-01
-2.125404518356649453e-02
2.207225404341871255e-01
-2.437060306058353165e-01
5.646685179301684787e-01
-4.143527748244992814e-01
-3.608541619681036872e-02
-3.096409728483938695e-01
-1.804567264252699421e-01
2.501174675003599024e-01
-1.647656620000623184e-02
1.006039848444862106e-01
-4.549715532308033494e-01
1.579896241017526015e-01
-1.975992869629933368e-02
-1.925049347724283044e-01
3.570514837831427757e-01
-3.060712294745240869e-02
-5.429888876514683549e-01
1.270832971165086756e-01
-2.639828991634100563e-01
3.868652441947022513e-01
2.051781992921550279e-01
2.387864934533568129e-01
-3.088573542945811101e-01
-8.497852722159912608e-02
-8.823929938776195470e-02
2.815423906693317324e-01
-1.587662588591405022e-01
5.515765166090513816e-02
9.182901758233333323e-02
2.257407736386522479e-01
3.552790955463304146e-01
1.255121324271592786e-01
-1.095798872860287154e-01
4.444351480024887335e-01
9.829554268219173330e-02
-1.008604666367668157e-01
-1.156316969150487373e-01
-2.269540554371246577e-02
2.636612242685690832e-01
3.593205675732561999e-01
-3.204029344292725345e-01
9.131164091909177438e-02
-2.419081441792207410e-01
-2.327922394796677064e-01
1.717636294923927942e-01
7.000577526442702814e-04
2.330025177665129565e-01
-1.931165755575535992e-01
2.187177687253589464e-01
-4.869733187864361268e-01
-1.614222391728801498e-01
8.778568986470405844e-03
-2.044523723393207870e-01
3.405449337752122774e-02
-1.303564695856677114e-01
-2.080499893671557965e-01
-9.239710229728012592e-02
1.020596538395093789e-02
1.416282934747724043e-01
2.172376894162676431e-01
1.548371074868009067e-01
2.163586032041575624e-01
1.932048571822095329e-01
1.928088262647800477e-01
4.925045053928288064e-01
1.202294734980956514e-01
-6.852904410364824006e-02
-4.061160911177820187e-01
-3.323854565706585440e-02
-1.410476925939124493e-01
5.075023788923136436e-01
-2.877810152019203427e-01
4.320850868302601455e-01
2.656241218972879570e-01
-3.809181580066638428e-01
-2.052806345266293409e-01
-1.655018505177389132e-01
-6.428866849258491056e-02
3.054606760587802450e-02
6.895263483352376266e-02
8.932559424864150444e-03
-6.362622102650727918e-02
1.983561597790021447e-01
1.048203059647500046e-01
2.626650237861954951e-01
-9.954062731135748798e-02
-2.426108786207359369e-02
-2.874492449061366584e-01
-2.703134771518472812e-02
9.411658364433694857e-02
-2.813294871641882078e-01
1.501820907306685160e-01
-1.276516390841500037e-01
-1.854209187049019603e-01
7.528834992753821731e-02
1.671090922193420314e-02
1.043226114303443253e-01
5.141511728716391394e-01
-8.627087738725219834e-02
6.454101029620851193e-02
-3.070132263768640679e-01
3.112867149674966027e-01
4.192767970411953593e-01
1.319066490134468694e-01
-8.472975358795226120e-02
1.945589826043774007e-01
-5.780278590401534133e-01
2.367340648723459395e-02
-1.013721206983076162e-01
5.273279039815984004e-02
-2.375649785257352153e-01
-4.688275855714788554e-01
-3.638307075790560008e-01
-1.069770348707690943e-01
9.130921051136328681e-02
2.534401894379239573e-01
-1.351449321807625392e-01
-2.625222500057392550e-01
4.638164463129279547e-01
3.251290198401656228e-01
1.460136513957765170e-01
9.166449598119225106e-02
2.094494871797869251e-01
6.611247791667446139e-02
5.063142858866115370e-02
6.218753581095273208e-01
-2.097550821313418912e-01
5.955538212254241071e-02
-3.222313345592581202e-01
4.885963670635155021e-01
-6.665057848183014721e-02
-2.244601172013939994e-01
-2.887523405828934520e-02
1.718839501033302963e-01
-1.588815468520373420e-01
-3.854885176599800456e-01
-1.256499977077876751e-02
5.083674596160156489e-02
-1.222035092282790780e-01
-4.616307647877887499e-02
-3.609750246010610120e-01
1.984770487140985473e-01
5.533857664965242673e-01
3.368516455910747220e-01
5.747465641280473658e-01
5.931945351375447761e-02
5.057058508960887711e-02
7.632509942429255290e-02
7.034202138097411794e-02
-3.451974209136761673e-01
-5.045295062572132672e-01
2.443307660588200925e-03
4.267476056317774935e-01
1.530553465996379314e-01
3.058875709233513929e-01
7.702910572632626351e-02
1.068668616095679869e-01
1.897344118022727399e-01
3.649734134701639321e-01
1.688690345975989715e-01
6.676258903688783719e-02
1.017120242087364568e-01
9.807939047481056827e-02
2.527222866230432463e-01
-1.503572045377198352e-01
-2.552518780050863079e-01
2.231334955563313294e-02
-6.278414204572267954e-01
5.306969923095286590e-02
-9.626758033629692624e-02
