1.701617606885849898e-01
-9.601888168700230264e-03
-1.704437355903715701e-01
-2.779807380293895513e-01
1.416370629719164165e-01
2.500671683198926742e-01
2.436363049114272095e-02
-2.805219372634675801e-01
4.140049348216554015e-02
-1.955940520130793336e-01
-1.517053581538947982e-01
1.648000450446877596e-01
5.604393613599626539e-02
6.878742164283824234e-02
6.537146678001470868e-02
2.502229468882321561e-01
5.497944761956019555e-01
-2.900508256590111911e-02
2.417333815102786221e-01
-9.720254565796040969e-02
2.070888914293064764e-01
2.488278088922907805e-01
3.760448366120001107e-01
2.944154699031983347e-01
2.096977285562776627e-01
2.580628369169079006e-01
1.409486658004626691e-01
-5.005580754720522219e-01
2.608397950355205719e-01
2.047055101116900255e-01
-3.570801559895131483e-02
4.312001365660442231e-01
-2.353036521942537540e-01
2.057333191459629063e-01
-8.030263478269721034e-02
-2.110879379907377729e-01
-2.001556535315551222e-01
1.789649963771118568e-02
1.392889865607704336e-01
4.481796436596813260e-01
-2.056517726049529593e-02
-1.209716927937295600e-01
-1.056947540366727639e-01
4.763706787802500509e-02
2.237032636827733789e-01
-5.895217191990373418e-02
-1.579101143877048030e-01
-2.836304646589957179e-01
2.230699915853050219e-01
2.289036766225620578e-01
1.866463491209567616e-01
-5.193516084838931679e-01
3.637257766640156764e-01
-3.365265446797181814e-03
1.960537522623386486e-01
-9.276391615894316600e-02
1.307067626098704083e-01
-1.343096828972353829e-01
1.881111482498473431e-01
1.904432644506618977e-01
-1.617768570854981325e-02
-2.793992970741299708e-01
-2.518815281670965800e-01
-3.226424856307539279e-01
2.355256161358945111e-01
1.517128092400081840e-01
-2.320844230457320620e-02
-6.761834490070098291e-02
3.455840274314064819e-01
-1.661914407834964025e-01
1.471388521703240748e-01
1.443728905198126133e-01
2.108934359080416043e-01
-2.307534007382942010e-01
1.631108408398489890e-02
2.582581728792342490e-01
2.613640331373090486e-01
-1.051319549020508781e-01
7.315408451985715155e-03
-1.920404789848047522e-01
-2.913647937356776685e-02
-6.799206441996054340e-02
1.927651033275423198e-01
-3.486694517117320813e-01
-1.101036315020548079e-01
-2.371786801881048123e-01
-2.413983691190410563e-01
3.315411350547032843e-01
6.107097369760648015e-03
1.180314259471665628e-01
1.407325572519644297e-01
-1.079609594873008338e-01
-1.147894477570072236e-01
2.476619765385747185e-02
-5.623964657496507979e-02
-2.233967206916862014e-01
-1.962791972833795029e-01
-5.202317629706010305e-02
1.692641698027468056e-01
1.302658098125903663e-01
2.780438867141678955e-02
1.211282114210874561e-01
8.044267481098803241e-02
-8.368992532510498294e-02
-1.351915626266898540e-01
-1.264545883876246612e-01
1.612379342810582594e-03
1.462636683500209422e-01
7.306736706981636909e-02
2.973799528782635759e-01
-2.807957321622835956e-01
-4.021771034714960447e-01
9.301648355356445519e-02
2.537027498210805421e-01
1.854745498171581630e-01
-1.790564806371888751e-02
1.794500752753022954e-01
-3.942215190416593629e-01
-3.109686909035930258e-01
-2.700223727983396271e-01
-1.028182560615462648e-01
2.705946957256533114e-01
1.274836101933188026e-01
-4.706751072037400341e-02
-4.562471698626419103e-03
1.493523439192333824e-01
-3.341418451873107154e-01
-1.911497179026906412e-01
6.847734254450422997e-02
-2.432974104677972094e-02
-1.612837898639372103e-01
-9.281608319582355937e-02
-2.554798306219032145e-01
-1.654932367961124140e-01
-6.912206283429166154e-02
-1.999776278649280092e-01
-1.362275845994924128e-01
1.085334932099659422e-01
-5.381547030479361116e-02
-2.369456405893681228e-01
4.707957709557454296e-01
3.024148948288443162e-01
-2.708621412324380695e-01
4.976859793620025396e-02
1.140851596103674009e-01
1.096457522840075527e-01
-2.004326340888920865e-01
-1.890635596171611477e-01
1.324408239301906320e-01
-1.023472751423389615e-01
-3.436906937188297095e-01
-1.212675280951688861e-01
3.046347984368433792e-01
7.609494937364033595e-02
9.751902922793592721e-02
-4.360926661149964745e-01
4.343475996886807522e-01
1.330341100648610164e-01
6.358904264894008063e-02
1.687920375169383036e-01
1.786348226382152293e-01
-5.577188156812842301e-01
-2.875034034065151456e-01
2.595554079974560224e-01
-1.628153568075649260e-01
-6.839072943833338081e-02
-2.373097188619628650e-01
-1.878107915113308435e-01
-8.678029482161582486e-02
-1.537453401755381477e-02
2.212738441470157580e-01
1.028225544675891723e-01
-2.825759250297974479e-01
1.855630823841346033e-01
2.148783061849849629e-01
-1.815678346448258706e-02
1.944118129463298095e-01
-6.616212555445769028e-02
7.687670790534317788e-02
3.388627698005759470e-01
-3.672597980525558331e-02
-9.807569270564849007e-02
-9.205841068764353263e-02
1.620527741672386224e-01
-9.249129419124230145e-02
1.943572482141581459e-01
2.286869587934480530e-01
6.050092637976865750e-02
-2.600685839497969276e-01
1.058059019938188960e-01
2.935158739952922757e-02
-2.158747314116202937e-02
1.791398700002131555e-02
-5.633136962113276525e-01
1.403597311066064890e-01
6.807883514877940967e-02
1.162675966003428041e-01
1.057391305169507606e-02
-1.715693023715339771e-01
-1.719469071355631540e-01
2.006213090664702992e-01
-4.444594540460495846e-01
-3.076526937242959198e-02
-4.181033397103711691e-02
-2.453535761388286329e-01
2.194065508679996224e-01
-2.520332747498760240e-01
1.674295633635697333e-01
-2.656484591217422864e-01
3.064825137982161163e-01
-2.855106221549271739e-01
-5.923833553922275286e-02
1.379915815888124730e-01
3.048238000561650507e-01
-1.641413534833125604e-02
2.024513929864077133e-01
1.175778384971457036e-02
1.867490241675710816e-01
3.189693003050244613e-01
8.590851383383107942e-02
9.148419123140263953e-02
1.482752007218546830e-01
2.441728968273417788e-01
-5.878406397875952927e-02
3.275090550270612910e-01
-3.584986679112014407e-01
-2.939920587981010303e-01
-2.660259884643950690e-01
3.102724623555353500e-01
-1.185148127828407200e-01
-1.611015264003472225e-01
1.217050983176161533e-01
1.538569480633132924e-01
3.401032662856886546e-01
-6.077920640113980699e-01
-1.039748514092730669e-01
-6.854797229873774156e-02
-9.541475851101871575e-02
1.482098394045255341e-01
2.185503225745231703e-01
1.620720537182718801e-01
-9.809109317673436745e-02
1.539203295183124709e-01
2.492301506482149098e-01
-1.674161026542765607e-02
-4.411049113379526820e-02
1.555373683938870155e-01
2.496936529360033463e-01
-1.170271089789864417e-02
-4.805726102538868810e-02
-1.738337543623937401e-02
1.614129228071044253e-02
-1.191286271724054796e-01
-1.461952367783483642e-01
5.900574401951928089e-02
-1.558047847464557600e-01
-3.377006520436264259e-01
-1.810546128413477451e-03
-1.959816441316674096e-01
7.037594412057511517e-02
-2.305909306782183976e-01
-2.791313395799375763e-01
3.094425878887058223e-03
1.817820034017469943e-02
4.627914844802064748e-02
