2.127233922852457271e-01
-2.097671146687352106e-02
5.352785216805971275e-02
-2.743615264908264018e-01
-1.066318649689781961e-02
1.593778567082967945e-01
-3.558000916502401800e-02
-4.570077314708008431e-02
-6.446841646562495587e-02
-2.451752393459058765e-01
1.295149034263595733e-01
7.613149801081735280e-02
5.491960793527599083e-02
1.771707141768787408e-01
1.415177143133486970e-01
1.792855810837616914e-01
1.274766563330275992e-01
6.161939818881995157e-02
2.429040738611616124e-01
-6.640219775395560242e-02
3.674931673868964688e-01
-7.625324213395862083e-02
9.367519139177235554e-02
1.295297223311223656e-01
7.143236775315689457e-02
1.333782537732464690e-01
1.894274381191761170e-01
-2.303115936825934629e-01
2.124615802686232180e-01
7.427205240150648591e-02
-1.572848349338523688e-01
2.919830358483070376e-01
-6.433854942008393474e-02
1.262660284824753953e-01
-9.682162972679682345e-02
-5.288282275847140668e-02
-2.302652150240493412e-01
2.195426140291579023e-02
3.029341080869041303e-02
2.852334002259039880e-01
2.828159503396455998e-02
3.076181217268803350e-02
-1.983284135984206276e-01
1.811994080635446203e-01
1.207231876232448403e-01
1.113486219641930119e-01
-1.080062052628609770e-01
-2.217249275033667255e-01
1.985055028414033085e-02
1.842561623200664744e-01
1.030795968517312922e-01
1.745988063519188227e-02
2.124286305388730089e-01
5.616707916149263347e-02
2.788250815164398100e-01
6.578536635202930638e-02
-7.909761231884833432e-02
4.230608754449853570e-03
9.368733413345550765e-02
-1.918345928156692942e-02
1.852747981959068299e-02
-1.889578998843855634e-02
-1.426555523892927835e-01
-1.028237737797810802e-01
1.953938427123645960e-01
1.205717928079942797e-01
1.265976273805337615e-01
-5.072265483813313824e-02
1.799716229156961833e-01
-1.019680408662758386e-02
2.935966353630062864e-01
-2.622888605137906753e-02
1.691691661883073516e-01
-1.360298932602801159e-01
1.923433518082243165e-02
2.541583240330012594e-01
-9.255512025967610468e-03
-6.251511813166546472e-02
2.807190865615149730e-02
-2.360755587473803430e-01
6.819390207804400250e-02
6.581434823106786791e-02
1.415311228583959191e-01
-1.820777229576227285e-01
-1.324183320341274506e-01
-9.825539356662810198e-02
-7.458244518407133872e-02
2.470232746925685730e-01
-1.294209478916716616e-01
-1.975476101659619232e-02
1.220547228911527671e-01
3.578123699543679648e-02
-5.206156083212959418e-02
-2.381195092711209382e-02
4.229360396393361254e-02
-2.543945591530883954e-01
-1.365071058841562657e-01
7.639079170157114795e-02
-4.580006257271010406e-02
1.134698045909047770e-01
-1.875658290224042346e-01
3.308514274055946586e-02
1.900196222499492271e-01
-6.186338561215301568e-02
1.310136892764428296e-02
-7.700687085253575537e-02
1.173674434242504422e-01
1.283390346665204129e-01
-5.060158436098687040e-03
3.134522696410152465e-01
4.951209815349198046e-02
-1.801549102921548018e-01
-3.695700502145581046e-02
5.933749536765554194e-02
-5.119365269863202644e-02
2.467683509028323341e-02
4.433678458789309940e-02
-1.712089063800008581e-01
-2.621005053441476940e-01
-1.890993782817765034e-01
-1.393571901243829958e-02
4.396700214778344329e-02
-1.848557770442364398e-02
-7.319872909841870778e-02
2.485352408791268175e-01
-6.489220610038073933e-02
-3.513377333590171347e-01
-9.261504568775978663e-02
1.075967688414012496e-01
7.016152487860950748e-02
-2.766808002249580845e-02
-2.129701766786169514e-01
-1.872278891872165563e-01
-1.795945322345463002e-03
1.708409196944439198e-02
-1.455272480307345240e-01
-1.740509866189791088e-01
4.164384800877284076e-02
-4.143115178512343094e-02
-1.168038039602511957e-01
1.516994806111643945e-01
3.137762720416437112e-01
-2.964122821910550876e-01
-1.845289930625856542e-02
1.713988580416150875e-01
5.205236181919564720e-03
-1.638137760091652045e-02
-2.791431188493952442e-01
-1.805131735611979760e-02
-1.329718254075817341e-01
-3.626343244483118400e-01
-1.125117748749890623e-01
2.728304344477712751e-01
2.660948765763576640e-02
-4.954726742321033384e-02
-1.539340641480193839e-01
3.115411567711239282e-01
-2.236125688236549613e-02
-3.718310672386013899e-02
-4.401499675755221608e-02
9.637499134948553092e-02
-3.579168872099212084e-01
-1.527212262879828752e-01
2.177401976896990166e-01
-1.620843933569099393e-01
3.035317975486029329e-02
2.527338164720478730e-02
-1.648318805442628154e-01
1.071217059454868809e-02
-2.284698160206178330e-01
4.751035727250065011e-02
-1.557149931932797771e-01
-1.037072185475208658e-01
4.275833567562274673e-02
1.725196169019559134e-01
3.856613646569150011e-02
-2.748084056056290803e-02
2.944360012016764006e-02
-5.696255190051034700e-02
6.018082981052013114e-01
-1.637157571018656999e-01
-9.575451772514977089e-02
-2.668424475337346363e-02
1.745409182342774479e-01
-5.907045688276824080e-02
7.296841789349485519e-02
7.721100617673823385e-02
-1.304655435582539602e-01
-2.042052893408277670e-01
6.637153217637545288e-02
4.531066080053623712e-02
1.971311380137742986e-01
-2.597547054213338036e-02
-2.871053853667611677e-01
2.002363175091985137e-01
6.559385161222723581e-02
-5.442197163683926142e-02
5.520517021831609916e-02
-1.582544831532302909e-01
8.328179401509809565e-03
2.577149165995556990e-02
-3.024749968142160239e-01
3.516426394207738948e-02
2.318231820642000646e-02
-1.538951540683879682e-01
1.542746161386478465e-01
-2.055469305244780887e-01
1.558802777195080758e-01
-1.382338466002633326e-01
1.269031186386040122e-01
-3.281640455106062393e-01
-1.922498814464053685e-01
-6.160490887894450041e-04
3.678743650270748788e-01
9.175057178026818638e-02
6.297413246524605213e-02
-6.568265656224356319e-02
-1.497571799990954911e-01
2.198659079678850214e-01
-1.935806829573161192e-02
-9.193261955111467487e-02
1.397059359723988037e-01
2.789736881638048560e-01
5.543123293716539779e-02
1.587943233350952998e-01
-2.073074870020214788e-01
-2.602410720322873017e-01
-8.883605860750963534e-02
2.152125488351837590e-01
-1.789138660426015659e-01
-7.554627893043136533e-02
-9.437682328753542460e-02
1.903395290608310142e-01
2.405811058940121594e-01
-3.119527152726732089e-01
-4.148941989875691572e-02
-1.176931645244414792e-01
6.158924129402918585e-02
1.498611961781201041e-01
1.174655483790038035e-01
6.380380463472806740e-02
8.449130524926606878e-02
1.740985079193387575e-01
2.736537732097415465e-01
1.464333374882786226e-03
-1.230784739762462582e-01
1.278671248500139745e-01
2.558853229824148978e-01
5.231290031666915863e-02
7.811763962568943342e-02
-2.547073796602610310e-02
-4.564163921530841467e-02
-1.029402953676568921e-01
-1.858138494115880168e-01
2.466648177177429430e-02
-2.759432448651336078e-01
-4.553932140944139673e-01
9.512446341170240419e-03
-9.117320355831663725e-02
-2.180252049397268244e-01
8.090847350818951289e-02
-1.682983073040866806e-01
9.894995325303355960e-02
-5.250868474732021951e-02
9.543551062957431053e-02
