3.714654042903713371e-01
5.847671560115325073e-02
-4.606582732116296097e-03
-2.538249286888289991e-01
1.515354714679418291e-01
2.423735659060824443e-02
3.322477886224748517e-02
-2.472402352822000438e-01
-2.384438740392957196e-02
-3.030054208261339643e-01
-2.113070859336227680e-01
5.573991695853791617e-03
1.959755921080142682e-01
1.652073320868371054e-01
1.127921752851461928e-01
1.176902097917254392e-01
3.030977143563463594e-01
3.649846284068114510e-02
2.438255518921058629e-01
-6.642555331113761397e-02
1.407593726461864037e-01
1.931401214851755921e-01
7.518500943818917648e-02
3.346331895165867154e-01
6.639427662586695755e-02
2.425927202178956854e-01
2.555878159625553092e-01
-2.807982350134853866e-01
1.892157530829835788e-01
1.744138950187356096e-01
-1.882052248545991457e-01
3.659275959645628684e-01
-1.425767581050775279e-01
5.136402585182804625e-02
-1.247692630058754859e-01
-4.727330376853547400e-02
-2.587500083396734318e-01
1.230113451109984130e-02
2.303914257731139170e-01
4.665207146927624615e-01
-2.009360303291231886e-01
-6.137864162042424437e-02
-2.793516126232117314e-01
1.015838100262251575e-01
1.782526915115785482e-01
7.802250534784131719e-02
-1.299098135690453515e-01
-3.390022003980438514e-01
6.474236084803852709e-03
3.056684302947642040e-01
1.904246957114619221e-01
-2.039621169594043604e-01
3.367683721513011208e-01
3.611333428274257629e-03
2.427919222032912105e-01
-4.960784027231816828e-02
7.322030692107808769e-02
3.194614023557104665e-02
2.371647383966350719e-02
-1.825276563974531641e-02
-6.051247434773030648e-02
-7.658009679426835969e-02
-1.963949915980605365e-01
-1.507569453868077280e-01
3.184141343063217056e-01
5.133135289543225288e-02
8.800124559946163882e-02
-1.511602704149901943e-01
1.836178455736232062e-01
1.066739241872702859e-01
1.647964756502087458e-01
-3.330820888205004993e-02
1.973791974510366587e-01
-5.319919075514944334e-02
1.630549231631935395e-02
3.280295121386749280e-01
1.515741787697312826e-01
-1.226876898209629529e-01
1.081963425946115831e-01
-2.617938421952922257e-01
1.351374171146078051e-01
8.827607327110936764e-02
5.529720576977995017e-02
-3.315493293701943234e-01
-1.213288002924876874e-01
-5.937249525966012409e-02
-1.929987721003159074e-01
2.166306616938823426e-01
-8.106919125585697328e-02
2.344991194736928408e-02
2.116088164530344207e-01
4.917476892514476006e-02
-4.141444178967362832e-03
9.947853442396775714e-02
-9.218371152064847029e-02
-2.526198631376322390e-01
-2.469802536923710046e-01
-2.729061098769110238e-02
8.466790847431238110e-03
3.157725460503178760e-02
-1.083031394961207344e-01
-6.996061222046932870e-02
2.235203618868336350e-01
-1.103931207142604121e-01
-1.281062180260557903e-01
2.812991401120706891e-03
7.707558424689758825e-02
1.175095757151242148e-01
1.040000483473600690e-02
3.866500384368277698e-01
-1.099085060754928511e-02
-1.617563605678613015e-01
-2.759534966981702642e-02
8.730218784298368617e-02
9.332834148402656405e-02
-1.149647492646827529e-01
1.946375313035798027e-01
-2.110874682636645905e-01
-3.271521231805116781e-01
-2.863893149048026276e-01
-1.262042571793126899e-01
4.127762358986450386e-02
2.160868682706999777e-02
2.739939334118574737e-02
4.203923479124823115e-01
3.559147229933517370e-02
-6.776816356423782661e-01
-1.394285494496377842e-01
4.816365659192049092e-02
1.002132709159262447e-01
4.388653000978942620e-02
-3.283882705527805812e-01
-2.577440669505626225e-01
5.881499007295017123e-02
8.570651966276252032e-02
-3.019584914947777421e-02
-8.908101233794907259e-02
1.324864180513101175e-01
-6.729181844467936602e-02
-2.886288671991191768e-01
2.030281588576873242e-01
2.340228516772027700e-01
-2.292978384229056033e-01
-8.024244566142531288e-02
3.197644386575825837e-01
8.817705099363171151e-02
-1.187477326757001572e-01
-2.516247333984517054e-01
5.535870866343062247e-02
1.926077817483297372e-02
-3.613578446303066238e-01
-1.386593131931986023e-02
2.160477823052466551e-01
4.277306062547330673e-02
9.313419795331479012e-02
-3.526987262079613883e-01
5.002535290988910921e-01
1.926086136506071078e-01
7.676376572608188675e-02
9.188632550537303989e-02
1.068960938791501669e-01
-5.011523638190260588e-01
-2.793318597289026206e-01
2.936344773249013329e-01
-2.264214640407806456e-01
-2.015737284437751908e-01
-6.523795861151815423e-03
-1.649619887648670624e-01
1.186786893591493530e-01
-1.960606303849898868e-01
2.643751611976114524e-01
-9.802973660892973229e-02
-1.781660856244759727e-01
-1.269033122259246305e-01
7.537674607761225831e-02
1.591654567539741577e-02
-2.011995608359682386e-01
-1.120540296464350022e-02
9.411993310191482665e-02
3.378480689973483164e-01
-1.369221801696623442e-01
-4.749948510978054678e-02
-4.147832390859039486e-02
2.200993641762913899e-01
-1.964630797630565195e-01
1.303802528778645609e-01
5.796147332005410768e-02
-1.013587491110721772e-01
-7.204348752165333492e-02
1.347468673198406186e-01
3.994359163318572659e-02
1.842472305471573035e-01
6.531447708132534502e-03
-5.431802659460474025e-01
1.927140496465090391e-01
2.017729597950602694e-01
-4.664415591659835936e-02
3.586680700706648683e-02
-2.281090363046699432e-01
-9.079539605389033707e-02
3.950787038989038435e-02
-3.537549525183432686e-01
-1.094808051243215397e-01
-7.308361410695918270e-02
-1.043704825917099316e-01
9.653655100074237660e-03
-2.052748684446827065e-01
3.627241629230442133e-01
-5.677116805649923270e-02
1.650664073156783984e-01
-4.577487412785115062e-01
2.101869045685544890e-02
2.670468465205629721e-02
3.594470509536116243e-01
-3.356737697480818849e-02
1.188893091198078567e-01
-1.278257719268350301e-01
-2.805005850239734588e-01
1.928353098031021506e-01
-8.404170709066263734e-02
-8.865407258897960163e-02
2.095409255726554398e-01
3.435361917019645883e-01
-7.118676785096661463e-02
1.863812287917132604e-01
-4.142002753548396088e-01
-2.380619092581232055e-01
-1.619931737770302083e-01
2.056265888164880151e-01
-6.265536370558091872e-02
-2.389998552505324253e-02
4.151153887044357199e-02
1.779905881817691327e-01
2.792824317373421295e-01
-4.490079781550035953e-01
-1.594478854861172135e-01
-1.347291306749098805e-01
2.184807242439518182e-02
1.974274063553152492e-01
1.286023389548674178e-01
8.586114608565145745e-02
2.268592164787992527e-01
1.413004908183272956e-01
2.085655929643791262e-01
3.888465347124587385e-02
-4.034566345943926824e-02
1.549021138925911478e-01
2.178766322007079093e-01
-4.424648656374845918e-02
9.154441324679109260e-02
5.617180936184836687e-02
3.543115804490749865e-02
-1.882716311575003965e-01
-2.002444864852037099e-01
1.464395093370335355e-01
-1.900151003802623695e-01
-4.883025883979515425e-01
-5.679217629856136290e-03
-2.330408616497779972e-01
-6.774239783320348818e-02
-4.961176860558247359e-03
-3.027875004824941430e-01
8.527539556748037208e-02
-8.222339717183388408e-02
1.286991363577504877e-01
