-9.313456948513881839e-02
7.519117309296041718e-02
3.194412158201728191e-01
-5.476961314105739387e-01
-9.239473056523200833e-02
-4.781810496064199389e-01
-8.967166107030632993e-03
-3.569275137718128654e-01
1.589633956397795700e-02
-1.578229325397355609e-01
-4.402547784061833225e-02
-4.728366550204582963e-01
-1.488100396912733769e-01
3.685797862903255062e-01
3.820523112526597598e-01
3.552316828783036451e-02
-2.161098624389096723e-01
-3.479377844639662820e-01
1.243301102215262355e-01
4.706806543542367827e-01
-2.484524971757697265e-01
8.231225046778573029e-02
-1.364726826540996751e-01
-1.603504861323519770e-01
-8.247857509877049020e-02
2.914044980254438810e-01
3.140886666933183080e-01
-2.380468609556801174e-01
4.800016015254676693e-01
-4.802739049949533157e-01
-6.473672244623568384e-02
-2.693052339130977413e-01
-4.155267746183950450e-01
-1.914127732619707589e-01
-3.643740684001178787e-02
5.611096831547868202e-04
-3.679976271339771010e-01
1.056204370638008094e-01
-6.650826831721665666e-01
-2.156667749945090362e-02
1.850007254025375913e-01
7.252331439754106102e-02
-3.210332056466652650e-01
2.797967723996507283e-01
-5.587446721501463376e-01
5.666372211787373825e-01
-7.934640106459694975e-02
2.478086350668489979e-01
-5.437085546364716082e-01
-9.699101171845764258e-02
5.181813771673258184e-01
-2.868759360550473536e-01
4.604694366387809268e-01
1.603711813755737126e-02
2.627947379908102676e-01
2.158149122326564195e-01
-2.452605474156627219e-02
-2.405361638047980311e-01
-1.775572565706262096e-01
2.466264257698177476e-01
2.868925303827297157e-01
8.364913683034647107e-02
2.639114744657606315e-01
8.049499905079249285e-03
-1.395653954265424490e-01
-2.040551175616477919e-01
5.258496262795089304e-01
5.047334797466332956e-01
-4.855503562621980573e-01
1.404096931694348016e-01
3.882937196828917248e-02
6.202909742111006874e-02
-1.202490844088923427e-01
-7.421807058179701322e-01
-2.672459685907012106e-01
3.353827333432159996e-01
8.052384728976691441e-02
-2.203911156481735967e-02
4.542856190316472142e-01
-4.924040889231782181e-01
5.006701079111395281e-01
-2.718480060100608720e-01
1.258918641513696590e-01
3.091037782093037367e-01
-3.108389834358665782e-02
-2.632967189689144893e-02
2.990694001375124866e-01
5.903030158603533861e-01
-1.466159280611174509e-01
2.179246620069358875e-01
1.729980498183742166e-01
1.732940722974233294e-01
-2.683557668336132851e-01
-1.033304397781552586e-01
4.411605714951517543e-01
-2.002680043582502623e-01
3.311292629516883190e-01
3.038845305423141241e-01
2.933619094985254194e-02
1.571143095152440217e-01
-6.279744779765397134e-01
7.621920791230896164e-02
3.458971177115346962e-01
3.058696054362994299e-01
-2.163220300050611999e-01
-2.364843139038353415e-01
1.888448300201501229e-01
4.054612453260909577e-01
-4.317859997091562096e-01
-5.878510687807028123e-01
-4.194119509299581994e-01
5.561137086378094008e-01
4.790534926377802982e-01
-2.010001647885866216e-01
1.341257699805103454e-01
5.710978447425580917e-01
9.630931916649904112e-03
-9.857734935612927352e-03
1.944800240922833767e-02
4.907520433731111797e-01
-2.249052508409243867e-01
-4.970949771602764522e-02
-3.066043567461149699e-01
-2.946546235030607086e-01
5.263693919943478461e-01
-5.545561248227384166e-01
1.270477834248016635e-01
-3.126819723636519166e-01
4.045770710238411061e-01
2.954537448472577266e-01
-1.431467519726542514e-01
-4.187966072953105412e-01
1.575020377572257102e-01
5.258169339253976338e-01
-1.176080481589334981e-01
2.053106399648204627e-01
2.568186304279613252e-01
-2.930035948526484857e-01
-6.624001649675463899e-01
5.497350405333825130e-01
9.140973204179186906e-02
-4.075484869580062730e-01
-6.866173017587007266e-01
-2.478792643684034624e-01
8.302377571882607610e-02
-1.178850236877957980e-01
3.816962749781490638e-01
-1.652552249387362338e-01
-4.657934415223506930e-01
3.614606347049605373e-01
-2.664491337112746550e-01
-4.456541321826750779e-01
4.295129985213521073e-01
-1.831828111901531719e-01
-2.080777724451104982e-02
-8.109667966704731112e-02
2.474656054891851698e-01
5.511503600034810546e-01
2.037111434180122194e-02
-3.505487812845331508e-02
-3.289457684045088981e-01
-1.306400083849895144e-01
1.695795768637484713e-01
-3.843166168784507564e-01
8.808525990967669417e-02
1.180112258306054152e-03
-3.202060737395627799e-01
1.226240146627314842e-01
3.724031791839115257e-01
-1.778080076503610885e-01
-4.963235976702993213e-01
-2.590227040214623244e-01
1.978658119025475948e-01
6.056743519057233849e-02
2.536999635414249887e-01
2.847067572062468854e-01
-1.443098563265016177e-01
2.240333847296824277e-02
-5.710974618897055044e-02
-5.246956687492021487e-01
-8.841799716717552160e-02
3.368766674232258063e-01
-1.307248726218560586e-01
-6.193181977776240910e-02
1.022960322714467907e-01
-7.172212200642935631e-01
5.043658705587592550e-01
-5.354984375803321095e-01
4.956274158793627649e-02
1.459760380373462119e-01
1.800447010972727468e-01
2.440342204554806771e-01
3.821945812261139941e-01
1.373083927154761796e-01
-3.909440988549711671e-02
3.411761292010204172e-02
5.471363426346376180e-02
3.416694046010942398e-01
3.116889678037592648e-01
5.413774316779211837e-01
2.012099777135042400e-01
3.453369244736191890e-01
-3.411638076250368967e-01
3.263894669921348912e-01
-2.280159035988691962e-01
3.345647836379358475e-01
-2.546199426458121695e-01
9.901509109934802932e-02
-4.523361561291061594e-02
2.598852714900138361e-01
-5.306927576205551222e-01
-6.019964310983816347e-02
1.506568267112487480e-02
8.960310214009091778e-01
-8.028197862383984473e-02
4.414970788661031209e-01
-3.366065539177257038e-01
-1.490623311605012713e-01
-2.330831090836188446e-01
-3.274896417327009535e-01
-4.692616040319341764e-04
-1.883664148674361050e-01
8.859741370961105034e-02
-6.934750277131424001e-02
1.332290831530300035e-01
-4.243563439389607117e-01
-2.152472138343952679e-01
4.185585548096998898e-01
-4.577064881172342448e-01
-6.307064621646131242e-01
-5.369033461928340856e-01
-7.466953302606584852e-01
6.945336502663872480e-01
-1.866341733289128557e-02
-4.276840238788889859e-01
-7.822797367279749059e-02
7.123443519970618087e-02
-1.676456872228417883e-01
-1.558675401178918341e-01
-1.426549589491852010e-01
4.193777727002621081e-01
-1.694099964544768522e-01
2.645076252342000722e-01
-1.323439432235786195e-01
5.108795579886455940e-01
-1.969010543516785949e-01
5.421124618839916476e-01
2.626855462841748423e-03
5.449065006561824021e-01
4.363380310775336057e-01
-1.565474737364779823e-01
-4.329996182126855109e-02
2.225031264032151512e-01
1.903450131242324095e-01
1.880331577043203861e-02
-4.836118397695031712e-01
-4.626024577604193055e-03
-2.848640908282372708e-01
2.799469953519490018e-01
1.008784304105217466e-01
1.878135559926897846e-01
2.782377786703968403e-01
-1.881227415537233272e-01
2.078909157445563705e-01
2.853794182773741195e-01
