1.268767786053892621e-03
-8.959572396380910408e-02
3.187816361917611419e-01
-5.071945199573515417e-01
-1.720101180359392135e-01
3.849639186335439556e-01
-1.928814006886080124e-01
-2.513140555202639792e-01
-1.425883129960080486e-01
-2.544923768660117824e-01
-1.953511855421128374e-01
1.249488860736084617e-01
-8.503259276553412627e-02
3.942244469046930488e-01
1.230232177949704131e-02
3.199540061517029410e-01
2.867500326067059513e-01
1.363621047727035518e-01
2.762093333046344856e-02
-1.328472829002221856e-01
3.508774258916648736e-01
1.504188359747837475e-02
2.239423523030093788e-01
3.438531526088329376e-02
1.697404956465130288e-01
3.258035489818208313e-02
1.016533883944898409e-01
-4.329836908589005939e-01
3.798923664467937500e-01
-6.510895995587498430e-02
-1.472674979487860192e-01
3.138170500884490122e-01
-6.842290687960918272e-02
3.232473804019447283e-01
-5.494086643564247141e-02
-2.592858658757030144e-01
-3.250059258629031111e-01
1.106597963503022641e-01
5.956129042620890435e-02
3.646276628002369513e-01
1.035955985021689563e-01
9.199393678071905722e-02
-5.224447064401394059e-02
-1.551342213216025043e-02
7.232839516495941090e-02
1.942047166613754816e-01
7.607292022589506875e-02
-1.561044892669906092e-01
-1.841200825269118449e-02
2.801059084372349850e-01
2.202695716462563513e-01
-5.799277673760812046e-01
6.271024951119397173e-02
1.010333262289910827e-01
4.069638386383274131e-01
2.620328442749325637e-01
-3.166330737149423979e-02
1.290343827230554796e-01
1.778947921761425688e-01
-4.891031335970826011e-02
-2.158530757864034200e-02
2.331824032344498032e-01
-3.138458999727017362e-01
-2.322593556703375917e-01
3.292030996218463512e-01
-9.918260353176680533e-02
1.824105274432241686e-01
6.466872051225004692e-02
1.237859841630791213e-01
-5.502977438436285756e-02
2.088588505850239863e-01
5.340895783474368386e-02
4.575618900501359221e-01
-2.871219981708794666e-01
-2.154594777182661930e-02
-2.068226532803407736e-02
-3.449869374898195673e-01
1.928930321047192531e-01
-3.886903596833025942e-02
-2.931779996224205820e-01
-1.291082069275086841e-01
-1.277486168352201523e-01
-1.924361517625713947e-01
-2.156348327540154319e-01
-3.080002905604274921e-01
2.028779726726713528e-01
-1.899582409545456096e-01
2.607690605437067433e-01
1.026652939472499082e-01
-1.174281165865634635e-01
1.806688795598086761e-02
4.699881851754861284e-02
-1.370673343703864289e-01
1.039893744978977325e-01
2.188503104780077368e-01
-3.224641317790158945e-01
-2.036658387589477814e-01
-7.605260656273524211e-02
-4.978278022626268784e-02
1.486498357515314006e-01
-4.908582103440996269e-02
1.241666305477692744e-01
2.471664569404332101e-01
-3.439348604483145611e-01
-2.420566139270460271e-01
7.342260223607013914e-02
3.108941193444026974e-01
1.462017989564785569e-01
1.903517211149045596e-01
2.965694936953425231e-01
1.068073759942708700e-01
-2.548724356218214360e-01
-2.005886158121247820e-01
9.375925653780003977e-02
-6.268941333950178718e-02
2.396337661544928055e-01
-1.308991774672909336e-01
-9.933875327933155974e-02
-1.803908002014916190e-01
-3.471485301100340481e-01
-7.514166010769962600e-02
1.687579786007488702e-01
-8.620704290522188118e-02
-1.755426438047850424e-01
-7.917233609581703080e-02
-1.752669523744116442e-01
-2.350037386472035028e-01
-3.329686058915871938e-02
-1.101358031097089962e-01
-5.348865561883765773e-02
-3.718270841606853561e-02
-8.563022851469805075e-02
-1.072493235284556756e-01
-2.751306890926593640e-01
-1.316966796776801452e-02
-2.139921751728831589e-01
-9.339723791700554889e-02
4.084241169739752375e-02
4.819110079509475453e-02
-1.712156627408592813e-01
2.392471734421241503e-01
3.865882658025215357e-01
-2.813613896555401395e-01
-1.357519915814339728e-02
3.454053057061037268e-01
6.534050632728732877e-02
1.094939143897408901e-02
-2.688828392553400670e-01
-8.985140553634855809e-02
-1.444331793954172771e-01
-4.748516759190612446e-01
5.808306657683313945e-02
3.268095499847306074e-01
2.913958136210542671e-02
1.086032961601954422e-01
-2.622362723860263700e-01
7.862979771889451464e-02
-1.379966937574238495e-01
-1.795883927899681320e-01
7.739659608664996304e-02
1.146577238762877260e-01
-1.020201296555606485e-01
-9.735001125765530006e-03
3.740315484701937088e-01
-9.776531915382391524e-02
1.659833683169177274e-02
-1.443012352750109861e-01
-2.071574226449614253e-01
-3.585268225276555532e-01
9.477365288023123502e-02
1.108742227726340901e-01
-3.211685404635447605e-02
-1.746484163263670175e-01
4.968274080166105167e-01
1.639958602141291522e-01
2.896169475009809785e-02
4.393056186841035049e-01
-7.860857563555359584e-02
-1.547997018169869066e-01
1.692576134347165695e-01
3.173279471565920717e-02
-1.461403610431006306e-01
2.239058941912112077e-01
1.748351852048795896e-01
-2.135391258139083051e-02
4.002722453368698363e-02
2.638003867031704641e-01
-2.589967064695442023e-03
-2.587445899912290126e-01
9.844436685323028347e-02
1.724663744217269090e-01
-1.325613774542251135e-02
-2.230589817539922193e-01
-1.047121841480858351e-01
5.735975949577662991e-01
2.021237471215421577e-02
-2.838870289013882831e-01
2.207439435874465269e-02
-3.811251478006121712e-02
-1.212519488000104173e-01
8.214960436360779772e-02
-3.729550687654867858e-01
9.172987625799715328e-02
1.974052282576036488e-01
-3.097564627734647469e-01
3.913308070820355478e-01
-3.235742261563795408e-01
1.528608799884928759e-01
-1.878215064803057388e-01
5.821162255155550025e-02
-3.290579276939553099e-01
-2.378005221391295554e-01
-1.827753791223638707e-02
3.866348669327493437e-02
1.909895164072383800e-01
-2.867009234964610492e-02
-3.133793602808091633e-02
-1.660247900652571107e-01
2.185557110207649589e-01
-1.315817949650520402e-02
-3.264987249690114168e-02
1.245921830132820929e-01
3.455296798747587994e-01
3.453130042918014508e-01
8.317786510769241415e-02
-2.748965791283396465e-01
-3.613772859294250295e-01
1.207561456010110626e-02
2.115842258122374586e-01
-2.930771747896028234e-01
2.351918003957145509e-01
1.762434675314636379e-01
1.010358771418600476e-01
4.626212500406331474e-01
-3.030102611300673487e-01
2.130632681484133095e-01
-6.461962007746231695e-02
-1.213532670692541171e-01
2.377657193728150431e-01
1.662457432641191168e-01
5.991143862268866194e-02
9.831930431662570802e-02
1.736116785302334597e-01
9.203524965072834574e-02
2.623463471342083603e-02
5.960545607943189966e-02
2.492824591549791247e-01
2.419037764858864570e-01
1.099912778717116318e-01
-1.343531610590946168e-01
-1.420671121690719740e-01
-3.427418915123442433e-02
-2.033453468295498556e-01
-3.572653412839111864e-01
-1.982443906822308755e-01
-3.954347708540763007e-01
-4.664569771648314767e-01
1.491374115110214171e-01
-3.490964749194638839e-01
-1.797950355147500956e-01
3.528306245452925705e-01
-4.054319905145420400e-02
4.123456727225499052e-01
-1.887411727493709945e-01
2.267165832903441092e-01
