1.842607403374576791e-01
-1.138174357634253037e-01
3.368951412425805758e-01
-1.129050181531661978e-01
9.521829059885958402e-02
1.408499951966737662e-01
-3.231388319562317202e-01
4.319146496309986261e-02
2.510898277343318608e-01
1.507221295291681917e-01
3.490633946506496721e-01
2.826956771624641318e-01
4.158782454490757285e-02
-5.037887689103873745e-01
7.209787272752188336e-02
2.796932555127888409e-01
6.132693785972382905e-01
2.071250273115241569e-01
5.589219609160583913e-02
3.815016241776184591e-01
2.217299636055690415e-01
-1.372953507153284458e-01
-1.177033214418830576e-01
1.627951824707768447e-02
1.159316770094142440e-01
3.816272771769551042e-01
-1.937232621863497761e-01
-1.783843577463294361e-01
2.308611356355455002e-01
5.880022396884339031e-01
1.039981409371330268e-01
3.549470940177352207e-01
1.121035737803498800e-01
1.702174499378867889e-01
2.928889452795178650e-01
3.453526743504439223e-01
-1.544938792010565332e-01
1.236669905897972710e-01
-3.469459295066705806e-01
-3.870563757508613256e-02
1.752560408299599082e-01
1.124860215549227105e-01
8.987163659439294239e-02
5.616216421005817416e-01
2.957167615569755159e-01
-2.092020629219647765e-01
-2.090286338293586010e-01
2.824712682496449689e-02
5.032077563609897997e-01
-4.018752020749404297e-01
1.510672176101872655e-01
-5.559290140096595501e-01
5.610021634671582547e-01
2.722535595678267362e-02
3.182534085231544241e-01
1.372574224567004453e-01
2.672927314824895539e-01
-1.103236481682857428e-01
3.267193145741313920e-01
3.833584902058543853e-01
-1.808159772003690435e-01
-4.245334767058259740e-01
-1.792356424474245147e-02
8.450739084871972118e-02
1.140825100293118288e-01
6.457604715939361251e-01
2.524708701835579050e-02
-1.165278210058287578e-02
9.680937031822745009e-01
-3.588699410794757849e-01
1.629596907052601740e-01
1.436786463825048266e-01
-2.814070129721437663e-01
-3.975321620281851986e-01
8.311443366749460271e-02
2.178819337927491717e-01
6.629719417886463795e-01
-4.447615331315485920e-01
-5.871075217351473530e-03
-4.464456568853125695e-02
-3.214065493899674886e-01
2.945009127458947384e-02
9.933985535036471415e-02
1.502609574914236523e-01
-7.857532517017409845e-02
-2.755821852232840374e-01
-8.274867217276463127e-02
5.007361224379114351e-03
-1.058509287517492292e-01
1.727520468625340921e-01
1.150112103758259285e-01
-3.714995943359678532e-01
1.821404235451376252e-01
-3.246571869731793014e-02
-1.039033482500991978e-01
2.367470962580960625e-01
-3.769551583757830282e-01
5.145772944699144036e-01
1.448950285030184415e-03
1.252353711443177642e-01
-4.800343541600504138e-01
-1.460347212813652706e-01
3.103775040971660792e-01
7.745889872376510166e-02
2.869348747529008037e-01
-1.490969419187191114e-01
-3.368027131188669476e-02
-1.108383585151046652e-01
-1.898780491218427513e-01
6.409634115280382627e-01
1.592583129062710157e-01
-6.626937081555093201e-01
1.441112050730491700e-01
-1.175677716680000873e-01
4.305910884850272513e-01
2.148724087254985649e-02
1.265551249332827755e-01
-2.879532280955782175e-01
-1.919064253915442331e-01
-2.260633409013172168e-01
3.063660610370246840e-01
-8.966547491566294326e-02
1.098944780427746348e-02
4.920109227243682493e-02
1.661175240801067987e-01
2.513167734323547009e-01
4.101126535601685719e-01
-4.522680708076184941e-01
4.744106752426280327e-01
1.339721311917688729e-01
-1.204667169599645538e-01
-2.104425835439369952e-01
-7.386189161750625343e-02
-1.327183029032650285e-01
3.043554358085068245e-01
-1.221908799371980159e-01
7.417198474408470688e-03
-3.803196834861873876e-01
-3.007770111841593375e-01
8.845703313648844990e-02
8.936364055708506671e-02
3.362621268220220561e-01
-2.920375804305712641e-01
4.059288413127406514e-01
-5.767953216234437130e-01
-1.846782022321359906e-01
-1.176107426093872532e-02
-2.945890402272439978e-02
1.490603254094476360e-01
-2.385395714311259185e-01
-3.250745897576494681e-01
1.172257591032496160e-01
8.303804116193858054e-02
1.286902690258309723e-01
1.844738915661847112e-01
2.204381472431292399e-01
3.066033993291812920e-01
8.006073025006869848e-02
8.808953942305967899e-02
2.843721557594766081e-01
4.615347232176051362e-01
-3.855891885569872057e-01
-2.944611540951188600e-01
-1.964416727933362972e-02
9.507966031260098316e-03
1.811279785312096269e-01
-2.386941582805022777e-01
8.624977341340064885e-02
4.114079616022234820e-01
-6.767817758480522139e-01
-3.067995560739069649e-01
-3.430206610181668614e-02
-2.010690359856447118e-01
-5.150760397857620521e-02
2.359366603884621716e-01
-2.788126609295384917e-01
-1.659611616719034177e-01
2.251823045074879681e-01
-3.669223299097647550e-01
3.057444928375113169e-01
-7.979599118765001720e-02
-2.707574832084252980e-02
-4.866937323082357048e-01
-5.796137773530052328e-02
3.460705239025701485e-01
-7.623426620906120776e-03
-2.199967573965522227e-02
1.944512171512330079e-01
-3.845838461809197306e-01
-1.800372352729936731e-01
1.169628003196555854e-02
1.490683652873630582e-01
4.651020003207986253e-01
-2.547323177440253272e-01
-4.962857973807902057e-02
-2.305527416412576636e-01
5.311298191031780247e-01
-1.509440975310853694e-01
-1.656259874714327007e-01
9.040321763104186559e-02
4.192727771084772681e-02
-3.915022301680461947e-01
1.266554112783939701e-01
-2.784593680799593018e-01
4.775924137345574638e-02
-3.827785027923649719e-02
-4.135303059750172761e-01
-1.966068078091626758e-01
-2.224289454449640824e-01
3.181738760537577981e-02
2.037360417764139398e-01
-1.151209188202601263e-01
-1.635922995762221777e-01
5.134374092478919405e-01
1.623894988782704774e-01
1.360554371692972719e-01
2.466413362455218139e-01
3.162360821327339644e-01
1.636459931598631679e-01
9.040954601772410726e-02
6.346734996280763985e-01
3.063712757658770824e-02
6.665846846457626484e-02
-7.490784379400466930e-02
3.427907273497645124e-01
1.476942735412387075e-01
-3.912931262945653077e-01
-2.694345243423718061e-01
2.943997764089732461e-01
-4.975045535980133216e-01
-7.556590367204987224e-01
-4.821459978191600104e-02
3.568602914176848273e-01
7.093854251906014929e-02
2.673847347058211366e-02
-4.300525113046584913e-01
-1.674052623926022831e-01
7.308632939646612092e-01
1.924159147380515855e-01
3.728237582795986826e-01
-2.993645852881087199e-01
-1.600713415662359251e-01
2.514559736733894546e-01
3.372013362855741381e-01
-2.384248689510288788e-01
-3.198744565744525703e-01
-1.189781862149898728e-01
3.366241265912863212e-01
-9.693387528686980836e-03
4.498829959102027543e-01
-4.284975498366119795e-02
-4.350729198027558642e-02
1.277819840102714100e-01
3.136198412270037039e-01
2.500774698149054176e-01
3.581231664742283438e-02
-3.165721744878531307e-01
-2.688692026352096365e-01
5.203141201357873447e-02
-3.512522840522377954e-01
-1.619515023646700969e-01
-7.310203936280096348e-03
-6.036237936100500301e-01
-1.399847951915972610e-01
-1.730647641586975927e-01
