-1.653407418631395176e-01
6.275194483497993359e-01
2.368381146075894672e-01
-8.711696277037783709e-02
-2.827003968903686326e-01
-4.929674294245244281e-01
9.324651149836482578e-01
-3.779246567019662884e-01
5.026605374353023681e-01
-3.823398763330468908e-01
-1.285119158184057087e-01
-2.589365805837883228e-01
2.304860348227587563e-01
2.839489783456191629e-01
7.222728169386580799e-01
-3.346779442413573280e-01
3.239630598758561630e-01
-4.166586986270092163e-01
5.476482451922394246e-01
2.136450410471732453e-01
-1.564132207684321152e-01
-3.169135346321438895e-02
-6.238392335134604894e-01
-3.173443622472743586e-01
-4.092804147171184015e-01
1.699943047054874867e-02
2.705738809887126006e-02
-4.227490927715401581e-01
6.797263471601061591e-01
-7.073159202012586633e-01
-3.167893850518367360e-01
-2.094556169290892056e-01
-6.508758940756790290e-01
-4.571849799485614430e-01
-2.418531365960614465e-01
2.398536304754146364e-01
8.691764715475258640e-02
-8.474085566013744852e-02
-3.312842277089779186e-01
-6.491568800119085214e-02
5.217618420248517630e-01
-4.754335905864872647e-01
-5.107637009943400974e-01
1.607458869813470637e-01
-2.706967549704881737e-01
6.699215252346496507e-01
8.538150617393380770e-03
-4.817232440984329789e-01
1.782347699847761646e-01
3.139563293759806140e-01
8.144468059559241135e-01
6.200169487012220371e-01
1.372973934009142916e-01
-5.875791942133485879e-01
2.134124383800701796e-01
-3.856721917825077783e-01
1.074722806606766001e-01
2.336555717127569709e-01
-3.222690967514298954e-01
5.073128313063964834e-01
8.985269007207005165e-01
6.957502978041191222e-01
5.073839317335043786e-01
4.865053350634673812e-02
-5.940711567123944103e-01
-2.738701072837590456e-01
6.109652716632540947e-01
6.359444558959678195e-01
-1.772769842816782626e-01
1.896657630056155508e-01
-2.752341751122215907e-01
-4.994453649749384105e-01
-9.008715991426935465e-02
-6.235242609210632780e-01
-5.834696716065630451e-01
6.849980010638730965e-01
-5.855258632933235674e-02
4.690501589317835895e-01
7.719792984148611259e-01
-4.205024217190875824e-01
7.366711765986514449e-01
-3.703700360975326067e-01
-1.275021740467041642e-02
9.249863166245630985e-02
1.013577729917963799e-01
-4.405153871271623167e-01
5.505922264108435993e-01
4.903446970041494546e-01
-4.450634504979729122e-01
6.491695518049178659e-03
5.615611535976772206e-02
4.961916902010741204e-01
-6.405275052349106435e-01
-6.904568650070956881e-01
1.314477398990184787e-01
-6.154081407337674836e-01
6.782554140424105205e-01
3.078829733667453050e-01
-3.631816985659452879e-01
7.432763063881288046e-01
-7.063212030767108685e-01
9.555117047755417037e-01
2.667404083521148772e-01
7.008248487253657677e-01
-1.904909071283489297e-02
-2.464757459800025474e-01
8.048717029129193179e-02
7.607297854841830187e-01
-7.227967770073965292e-01
-3.403775061056497631e-01
-1.520502881541194728e-01
8.475699059357566512e-01
2.508619385001479296e-01
3.763511816856367487e-01
7.297166909303237636e-01
6.993851037593468156e-02
-2.109634227885111568e-01
5.426573705731325692e-01
-1.765977263916933548e-01
7.301715251723971400e-01
-1.496907163450443834e-01
-3.282915958897514308e-02
-4.180829463878766861e-01
1.398500625067155001e-01
4.694479241043166828e-01
-3.604752676132544353e-01
-7.281039460026639265e-02
3.172025142125549646e-01
3.410335026723155805e-01
6.491420812635224635e-01
-4.498633270399281514e-01
-4.693718171855428833e-01
-9.216165446105681891e-01
1.488100881926797125e-01
4.739255075243697934e-01
1.861547009810746722e-01
2.549913055782251359e-01
1.206914567135134453e-01
-5.078126625721093301e-01
2.184605295186147211e-01
6.802437033522534815e-02
-2.964084111021609846e-01
-9.545036893998385397e-01
-5.050958515239468705e-01
1.769954546837714249e-01
5.652787406055889141e-01
9.123513353806192994e-01
-4.834437138930408606e-01
-6.196542315123222400e-01
5.630449449724931332e-01
-3.580101304892810976e-01
-1.038927903269668551e-01
6.053390156513123177e-01
1.947271072035304806e-01
-3.858654057982554564e-01
-5.385498517483260361e-01
5.166190892841104887e-01
3.707673177308501433e-01
-2.259167276245889200e-01
-3.755129296985649789e-01
8.983797477168509182e-02
-2.878870093445956568e-01
2.228559929605102852e-01
1.073962615365253725e-02
6.754733681709194082e-01
-2.026363799457131520e-01
-4.165647340569194057e-01
-1.957021915287289193e-01
1.758307863257443371e-01
-1.552803449298482130e-01
-4.552887886770998760e-01
-1.053510596889009054e-01
4.913558537077548083e-01
1.124130787949562116e-01
1.448155193655360495e-01
2.583182809718111983e-01
-5.924607639480616861e-01
3.261572531436440769e-03
7.071483367224962180e-02
-4.985839010851326192e-01
3.483470380744752015e-01
3.275034685839688375e-01
-4.999929548239102628e-01
4.627008754492268894e-01
-1.321937165562128147e-01
-6.765542167449448696e-01
2.686980791422001191e-01
-5.866863928421512941e-01
-2.249427161621934124e-01
-3.749743631368374075e-03
-1.081987043307153229e-02
5.197189843844109980e-01
1.059107835388455321e-01
-2.737357632873904656e-02
-1.210215373887841839e-01
3.139873797591519189e-02
3.663888505448289479e-01
4.633993013394357430e-01
-2.089180576506181053e-01
7.457512217125217280e-01
2.442420415935929734e-01
8.764409856780243091e-01
2.418389675976673203e-02
3.540867362281218123e-01
-7.433593841132860591e-01
3.743752981518092549e-01
-6.828382069428517998e-01
-2.440087077632212553e-01
4.931848972081269711e-01
4.702559355404245522e-02
-7.874064679611700868e-01
-3.247689258666435208e-01
2.106850144042702877e-01
7.525737422002989341e-01
-1.805300466851980090e-01
4.916182423289067183e-01
-4.183378265725472556e-01
2.353562428837372988e-01
-3.292432098636622895e-01
1.341670249064053078e-02
5.656923757170351230e-02
-4.287542301706553927e-01
1.847071881832438311e-01
-3.053986812721800614e-01
4.728375108185457476e-01
-3.691837714293729755e-01
-4.500348033676317971e-01
7.561192189240125705e-01
-3.323873558070831180e-01
-6.355813711850387682e-01
-6.478378426592140693e-01
-6.635515200880977016e-01
1.011624136859443635e+00
-2.450321647365487632e-01
-7.173126372436789966e-01
-5.132551380810645991e-02
-1.298698114121936698e-01
-1.650379631859428819e-01
-6.318929562436825798e-01
3.570938466847739523e-02
1.496341300451936585e-01
-2.251043794339436799e-01
6.134545383489735659e-01
2.259780723861515295e-02
3.804603679992191179e-01
2.639941238474396989e-01
5.203623858224005749e-01
4.996483623929692808e-01
9.539245637515394449e-01
2.977233672139349974e-01
-4.081273716053867018e-01
-4.446116591888883418e-01
4.594524434371505817e-01
7.363353732725619327e-02
1.571776928705311827e-01
-2.878463279621223392e-01
-3.819625995473214797e-01
-2.984227347616272286e-01
5.361795756220933962e-01
2.740627420769488065e-01
5.321582177604206043e-01
-8.895185609949737837e-02
-8.441056810369540475e-02
-5.423536732547129535e-02
7.191471341852704313e-01
