2.383545840269265803e-01
-1.031772409855466199e-01
-1.942264644193208711e-01
-3.947756171044631834e-01
3.676767825377227350e-01
2.676808401523830261e-01
1.094839768026449958e-02
-2.902698082615206010e-01
2.500880702242147535e-01
-1.558949997311243618e-01
-6.464515529640427194e-02
1.769718504012600946e-01
-4.273567897059203646e-02
-1.184480120068718834e-01
2.842411663328510141e-01
2.557152449334847422e-01
5.400218016824177569e-01
-1.681329127370301268e-02
2.441229656444152685e-01
1.583374878156815213e-01
1.895128778979087991e-01
2.897671853980056111e-01
2.977757074475704258e-01
3.068166101140757385e-01
1.571856891577907145e-01
3.176432551009206184e-01
4.296922908872835567e-02
-4.402183693190243607e-01
1.710065932400835764e-01
3.244057652384833013e-01
-8.154670905576495710e-02
3.351026204996990776e-01
-6.665815972535746314e-02
9.777906564174182469e-02
-6.625163158320429568e-03
-5.885788010602477360e-02
-3.973885675563543218e-02
-1.061237391908728955e-01
-9.223551658299355971e-02
3.042741299625215667e-01
1.297069611692058810e-01
3.157004899686538524e-03
-1.637387662475156547e-02
2.432490020524221974e-01
9.417001197591232109e-02
-9.086330139972620401e-02
-1.387681916750273803e-01
-2.628384380259212172e-01
5.481534683679377684e-01
-1.908659325736619672e-02
2.618341483934371050e-01
-3.887674126202481650e-01
4.107734361498623921e-01
7.584708372196051485e-02
2.128362700569482180e-01
-1.386729124178787964e-01
3.434120682312967743e-01
-1.626538290039308832e-01
2.303752537626336805e-01
-1.601470434843643431e-01
-2.204970424991334055e-01
-3.923893645069703728e-01
-4.092658325178530343e-02
-3.075380182103274462e-01
1.322482739271707286e-01
1.580135774567558160e-01
-5.108528374553376883e-02
-6.353899485766599520e-02
5.582217636066164612e-01
-1.962831155638928571e-01
1.153849053805948849e-01
1.303219672205503388e-01
3.686880929203786850e-02
-2.504643000729013802e-01
1.110027718195020358e-01
4.436795531931426728e-01
4.638293555529296452e-01
-4.502301724867181498e-01
7.315370611757218700e-02
-1.571711336547348403e-01
-1.451222111709893625e-01
-3.070925713980507399e-02
2.600498148069151361e-01
-2.644066853707123244e-01
3.953552190860923354e-02
-2.252526796268911058e-01
-1.004127368852989477e-01
1.773616546510435599e-01
-5.258155040882759451e-02
1.657541680090078018e-01
1.128343841696869826e-01
-2.886679578064727525e-01
-1.584975188206905194e-02
-1.013211423827979629e-01
-1.985810241923070540e-01
-1.816445986964968784e-01
-2.420479944242424075e-01
7.967930082904267630e-02
-1.962774288855926447e-02
1.095052996132619277e-01
-6.711836713892148365e-02
1.047033338294470067e-01
8.868936898612303499e-02
8.517752506269568591e-02
4.627666415769271513e-02
-2.211370249131316412e-01
2.229374611871046685e-01
6.087270610826993333e-02
-1.119582441389350702e-01
3.845202326504352230e-01
-1.543375669870976907e-01
-5.240474967684561891e-01
1.763569535911303221e-01
2.113850491524951747e-01
2.917062976366543992e-01
9.569184802158348102e-02
1.148582205801888939e-01
-4.253590051719398080e-01
-3.587791572405348850e-01
-1.381521654531541743e-01
4.086911446636164180e-02
1.565166803491593317e-01
2.500923127519490419e-01
3.192516955834048820e-02
-1.482595727227719595e-01
2.991312032981067737e-01
-1.067789250826162717e-01
-1.077584595912132182e-01
2.460986257393160681e-01
-1.811325393036870013e-01
-1.969854663128595418e-01
-1.182330178029905310e-01
-1.562007803655062199e-01
-1.703944703484100986e-01
1.382276208956971231e-01
-2.801671076327449939e-01
7.044251654020194930e-02
-5.922522606649979759e-03
-5.520351470264583948e-03
-2.347401732968659172e-01
1.398863809253462764e-01
2.035954632445050316e-01
-2.411736145220445826e-01
9.485602226305861473e-02
-2.292780268131956178e-01
1.052576384567406598e-01
-1.107041981602122221e-01
-1.935632135386536057e-01
1.315299646194091898e-01
-8.537050065832806067e-02
-2.483721119354594109e-01
-1.830629787733794034e-01
6.684040842535290960e-02
8.087214075114586287e-02
9.550842987538925299e-02
-8.983635308249718343e-02
4.235111420708014274e-01
3.520580296058379854e-01
2.395771141424880846e-01
2.701326073813007378e-01
2.245035914212068218e-01
-3.220359979596673083e-01
-1.275235057691453677e-01
2.343852339884289204e-01
-5.244509065169622453e-02
3.883704172395648080e-02
-2.554090684689207524e-01
-1.197069631131835732e-01
9.463085472408364063e-02
-3.112394545094049891e-01
1.020052335738773075e-01
-1.525541005953129914e-01
-2.567472803031462525e-01
-1.013917082064857977e-03
3.493198975320281896e-01
-2.342712072381729349e-01
1.029057487842470198e-01
9.746584916357874107e-02
7.238182784921010082e-02
3.710120130593332344e-01
2.679642105962172505e-02
-4.336415771061447044e-03
-3.066652350798406701e-01
1.673685189397516315e-01
2.282591456071685065e-02
1.685879343738951319e-01
1.400408730397504353e-01
1.813137995071576469e-01
-3.813142772130557745e-01
-4.674498703353996421e-02
-2.941565387596753456e-02
8.780959979088494294e-02
1.186771303808605155e-01
-4.857308759176542923e-01
1.373278854729512166e-01
1.204128414690529281e-02
2.299677837630862420e-01
1.383495938540614534e-02
-2.029315017044547309e-01
-3.960060041743615478e-02
8.325919843317861058e-02
-4.321868224583167439e-01
-3.558398931811813937e-02
-1.420336629851878252e-01
-8.554426767401737686e-02
2.471439739196000795e-01
-2.778538081996555498e-01
3.180085092552820125e-02
-3.202606337441064044e-01
2.944212058895259165e-01
1.699678564574513273e-01
-3.089468830899242541e-02
3.630739334322967415e-02
4.720144056690347423e-01
-8.982357726850424828e-02
3.432922711346758082e-01
2.103390015355504628e-01
3.658466679729998061e-01
2.993856892865468522e-01
2.321135512996569117e-01
3.175272521653626501e-01
6.690650481274348915e-02
1.367167182901455058e-01
-5.385513836189898679e-02
5.011734213123569814e-01
-2.215506912841399834e-01
-2.478255868891773572e-01
-4.224411516968420433e-01
4.979495241714195775e-01
-6.196753573529453774e-02
-3.854000265368242584e-01
1.010622579035971025e-01
9.199281537509852724e-02
1.565359082069638086e-01
-6.848642644547114910e-01
-3.659472518171126287e-01
-8.043676827717004263e-02
1.332372926507425781e-01
1.301681017514270122e-01
2.877565062495811010e-01
5.642080918633743392e-02
-3.434091860440475763e-01
2.425936778052677489e-01
3.838280784894743669e-01
-2.582739614011623774e-01
-1.850162682446195306e-01
1.485940978912797528e-02
4.396412137916471119e-01
-2.725617420681747047e-02
1.104564956621912480e-01
5.572967358630671192e-02
-1.178824189275966827e-01
1.643998072862054571e-02
-7.776428536208852826e-02
1.054162424711969637e-01
-1.566655306452373886e-01
-2.777607669121258116e-01
-6.893217952919054869e-02
-8.621238387623456068e-02
1.327770103387063694e-01
-4.385991726749318698e-01
-3.287601096620135777e-01
-2.906243978017082896e-01
-6.163125052845905283e-02
-8.878532122164796425e-02
