3.018387783095050070e-01
1.638799624374941144e-01
2.407559931962467148e-01
-3.786115082540038590e-01
-6.820111869276263006e-02
2.249041561596514319e-02
-2.295280634625171678e-01
-2.638416263147252971e-01
-7.044993694624072933e-02
-1.428229227456788153e-01
-1.427635375199595158e-01
1.105300330991861868e-01
1.134461385576121528e-02
3.314832531910408830e-01
1.908097896857895992e-01
2.001697744144148583e-01
3.277103420148252400e-01
5.226654513772571731e-02
6.777067576359770140e-02
1.522857761190686207e-02
2.742626182986892536e-01
2.530992862435732862e-02
3.728234502467769884e-02
2.251723616229551750e-01
-1.423498621550964571e-01
1.486706251635593334e-01
1.432253778885011208e-01
-2.922257171962774347e-01
2.395581506930338778e-01
4.635248710544814799e-02
5.482937610339788659e-02
2.737567474843445314e-01
1.109662664212854311e-02
2.041850384935605667e-01
8.788538786480245765e-03
-1.324274956211071164e-01
-2.451876202471404143e-01
6.173433584643342464e-02
3.163044757310738697e-02
2.266730608121575175e-01
9.716650555888331486e-02
8.580273321204692771e-02
-6.528028961248710793e-02
1.678981166436739891e-01
4.910195561201505937e-02
2.731959572673386960e-01
1.952987905331379087e-02
-1.548952109341162897e-01
5.288359825119957891e-02
1.972840558081427054e-01
2.887061435007559629e-01
-2.249260973928427498e-01
1.988921091415964681e-01
2.058317820712609048e-01
2.902494451585490576e-01
2.240310895645839240e-01
2.739888224072884945e-02
6.031327509525872405e-03
-2.820260895653839417e-02
1.676523238504156743e-01
1.453046281599039979e-01
1.702992531079271232e-01
-1.930108017347006710e-01
-3.339813772903742484e-01
2.652794724869683707e-01
1.003223216136898410e-01
1.917020619192581765e-01
2.587837329636004380e-02
9.628505353845893955e-02
3.471566311522965992e-02
2.962075092839092094e-01
-1.635519542836539886e-01
2.532494522256797387e-01
1.298902770479692936e-02
1.019094228820524028e-01
1.818449343212860114e-01
5.307193790959625901e-02
-3.472403235731469362e-02
1.253166302785140296e-01
-2.917004011032193755e-01
-1.083497801095666818e-01
-8.581194081029763776e-02
-1.533604683230632704e-03
-6.304329102645969685e-02
-2.210145815423801563e-01
1.615518226230647503e-01
-1.828069513897125908e-01
2.884542284407458634e-01
-1.514560625103838487e-01
-3.352179369813009652e-02
1.316001042650171149e-01
1.100339084996416472e-01
-3.963969516481011951e-02
9.960702418657151058e-02
6.700405536511341853e-02
-3.406070953317713590e-01
-3.427791194981157918e-01
1.074010213252481194e-01
-1.357943671971807431e-01
-3.660405640719694570e-03
-3.835500611424205730e-02
-1.100570514511714504e-02
3.085936892987359292e-01
-2.851398975334878960e-01
-2.735650310595644230e-01
-2.534043636676289873e-02
2.395450467691542795e-01
1.802047209236994352e-01
2.203841489041249643e-02
3.345423643922795787e-01
1.487766448141075448e-01
-1.428516704577100227e-01
2.039310637881743687e-02
-5.586623905983891664e-02
4.802961325758203087e-03
1.878270453360581516e-01
-1.172916238050685095e-01
-1.330298829834329621e-02
-3.023203730615240392e-01
-2.097482081038068158e-01
-1.158529567360932697e-02
1.132069917860660663e-01
1.025642198253777782e-01
-6.154739022500785306e-02
-3.061528677698569512e-01
-8.690894825176628813e-02
-2.294631772014371074e-01
-2.045227265595738197e-01
1.281994842705535265e-01
9.483969940239975194e-02
7.148508231185271566e-02
-1.165785887035161728e-01
-2.650853040077356670e-01
-3.921526445860105126e-01
7.352540956583625276e-02
-3.034878210208157012e-02
3.640108539038094948e-02
-2.393361366996908657e-01
-1.713639427514928454e-02
-1.241180843825413493e-01
7.861101325919087057e-02
1.536662839971751349e-01
-2.586318852076500141e-01
-3.517144476225222277e-02
2.866261710908593607e-01
6.114685659572993703e-02
-3.795352883231042224e-02
-3.123884604238494900e-01
1.794418068445420567e-02
-1.141486624987425036e-01
-4.296730692203127866e-01
-7.213123434819307400e-02
3.940050086535326068e-01
3.097475804948515710e-02
1.983141272676827438e-01
-2.512979062714404410e-01
1.897737716975234912e-01
-8.192751985069016141e-02
-5.865391899507459150e-02
9.822809875816197744e-02
1.739145914967288320e-01
-1.531941871390394283e-01
-5.089302978959042018e-02
2.501212572328641026e-01
-1.128380414347393140e-01
5.389573963649878230e-02
-2.200080977354576528e-02
-9.292257308167643781e-02
-1.007293402627597312e-02
-7.888403397696633346e-02
3.566939046684516890e-02
1.269292580764369571e-02
-7.881014176554748674e-02
2.661263323686611781e-01
-9.124172297048047109e-02
6.687389076095173746e-02
2.486847510976848974e-01
8.288452077487101777e-02
-1.662515847807991554e-01
1.229853166739172110e-01
-4.212145228732541019e-02
-3.758250116018747172e-02
1.174844363860034491e-01
3.584756189040745333e-01
-9.363252973798746881e-02
2.401706711994307242e-01
-1.021787955480004118e-01
-9.298227376688311674e-03
-2.041735653630634695e-01
5.467085133269614788e-02
1.395981955312912415e-01
1.349491835256097227e-01
-7.771999938502927030e-02
-2.785988216168666098e-01
3.870193802381118875e-01
8.225028140662371534e-02
-2.299928674505847259e-01
4.299384751963612750e-02
-1.561370521778347176e-01
9.685312561449191393e-02
5.174171480114050925e-03
-2.339657559380339258e-01
3.556321980554637274e-02
5.418722318314721925e-02
-3.072828141478364805e-01
5.763424032714214995e-02
-3.547281695938907520e-01
2.625085574497422192e-01
-1.141389450288939206e-01
3.345029538563575044e-02
-4.627126722085918020e-01
-1.093371531106039074e-01
-7.458773461413004124e-02
2.285259324824497618e-01
5.014709811743128798e-02
1.291581103706204714e-01
1.369917201667235351e-01
-1.172700367093280766e-01
2.164906971231209398e-01
2.382817485516394371e-02
7.953006390623088007e-02
1.554578948434504615e-01
2.729676947945024468e-01
2.750042060047266368e-01
1.880291304445879663e-01
-3.026551080026110840e-01
-3.381267907605764456e-01
6.346810924267894116e-02
2.600838355687294934e-01
-3.062592411653206059e-01
-6.164993728059207923e-02
1.188658521256862888e-01
1.906604860689463110e-01
2.480322131197061630e-01
-3.495221396638001909e-01
1.197983427334958217e-01
-3.469282979126285527e-02
1.899751357594881285e-01
3.658126600177073473e-01
1.439092101421770020e-01
-8.460661612536073128e-02
1.737560023015552457e-02
2.680106696869165583e-01
1.230239506011081840e-01
4.128638614427722689e-03
-3.391893840658192355e-02
2.453565280141966343e-01
3.081960319405960269e-01
9.873689045739890424e-02
9.861839759432125541e-02
2.639965642439943624e-02
-1.087357373577182429e-01
-1.474931039635970498e-01
-2.158649718046581623e-01
-8.567816222480752197e-02
-2.143185987168336193e-01
-4.829550799053708987e-01
-1.009647054953857065e-01
-2.938100419124287654e-01
-1.966257253354089796e-01
3.866415312826936290e-01
-2.397088229432908779e-01
1.020060833748521884e-01
-6.353465177509226569e-02
3.250794840474096059e-01
