3.646954385047880554e-02
5.303049877624612524e-02
4.038016171960184253e-01
-3.997308910211915811e-01
-3.302696174624182301e-01
5.687023654858913702e-02
-2.777090985371812870e-01
-3.143243276477833414e-01
-3.933111708513271632e-01
-8.771020196488651943e-02
-1.255566590937514104e-01
2.092842164088754564e-01
-4.394659850145192503e-03
3.422222354793586496e-01
8.346019247970004606e-02
2.366065772065078787e-01
3.578650012116694201e-01
-1.682308427454478617e-01
-6.444297372546030356e-03
6.022678276278532750e-02
2.276488520903399704e-01
-1.304300691449646922e-02
-1.707290854614605669e-02
1.312707437236457220e-01
-2.962964617606084206e-01
1.399405141812341824e-01
1.217167087407995951e-01
-3.337070817745744211e-01
1.534315626022201284e-01
5.407650189314725658e-02
-2.969724807647202702e-01
2.348336073452282069e-01
-1.145291414992462981e-01
2.438034447807465033e-01
1.323957337853381433e-01
-1.188171312752886177e-01
-4.390717833231650991e-01
6.627013958877918387e-02
-8.471892632673010126e-02
2.015481316196134076e-01
7.284611464888973709e-02
7.404017279482327796e-02
-2.721281724402010993e-02
-7.915440890828984166e-02
-1.643882148274027066e-02
7.674052475253612116e-02
5.283816680116022735e-02
5.172555378193943731e-03
8.442305322274500090e-02
1.870859389089157832e-01
6.207035936266861453e-01
-2.420690164414256162e-01
1.918723676759117591e-01
3.727184950856466950e-01
2.999931462531351123e-01
3.003882166201691795e-01
5.119339681687436888e-02
1.810814790800514135e-02
1.457310246028788725e-01
-4.873559862520662062e-02
2.461303978077385712e-01
1.991988674791761726e-01
-2.095530563103249755e-01
-2.962787146715523123e-01
1.902830032257999682e-01
1.206754965351506947e-01
2.823102152571501655e-01
-4.961297478215387358e-03
1.622947361204862271e-01
-8.927482705831041310e-02
4.120916126240397048e-01
-2.077510065432338904e-01
2.761120944751966899e-01
-2.008108772488169658e-01
-8.590533750946766078e-02
4.720343372039874363e-02
-4.800052079050023957e-02
1.387488695649122250e-02
1.452072761546255308e-01
-3.145405410388515399e-01
-2.721427477755523627e-01
-1.719537157985029929e-01
-7.364408627001262087e-02
5.399239166534831880e-02
-2.747629219518543664e-01
2.519891962994266210e-01
-7.820007405430520753e-02
1.023957055259945848e-01
-1.593964103135351862e-01
7.140309797928300062e-02
5.815260698239508794e-03
2.572981518567059034e-01
-7.563852097531879870e-02
1.683154766907682398e-01
5.520061848426136009e-02
-3.989078364504782814e-01
-1.564939998548419142e-01
4.041425027519127688e-01
-1.936100392064230569e-01
4.142639620890630620e-02
-3.044495183355627743e-01
6.339161111111497014e-03
4.976364629090568870e-01
-2.439718813296173350e-01
-2.913243518373280772e-01
1.287825720951408792e-01
2.969401342506251540e-01
1.243176945405478767e-01
2.860263454394238597e-02
3.872770276024110059e-01
1.942064424874781203e-01
-1.086394465508025708e-01
8.821392486911466824e-02
-3.180598303722058373e-02
-2.979416905485558764e-02
2.327648139035793928e-01
-2.051632465694882557e-01
2.980106040192515016e-02
-3.773403456820975110e-01
-3.297478002925703366e-01
-7.641349047202679323e-02
6.958110276701236219e-02
1.126588427140998439e-01
-3.647567054281988103e-02
-1.736251364049452295e-01
-1.114088066984456060e-01
-1.596579205620691500e-01
-6.795060711280695442e-02
5.153965670037388702e-02
-6.609944709834430360e-03
1.661031367707544726e-01
-1.904503210672049973e-01
-2.825287222840814905e-01
-1.852694993085229336e-01
2.120944673724910190e-01
1.071202484462519672e-02
1.179963234968829516e-01
-2.246773239149530699e-01
-6.737919827339070022e-02
-1.050517983484775542e-01
1.715792900139483934e-01
1.116942203608673190e-01
-2.689086704737165823e-01
-1.717262559119823728e-01
3.431102158182581796e-01
8.804310025607130219e-02
-5.242417287589142688e-02
-5.049762779425024384e-01
-6.139296772685125941e-02
7.727951081654482746e-02
-5.578526610540077701e-01
1.041447020942585511e-01
4.955770662846422092e-01
3.478825498696533347e-03
2.066643048116073578e-01
-4.682605254111453230e-01
1.076444868152967582e-01
-2.415271884402814817e-01
-3.868314446592217848e-02
-1.710809513166663964e-02
2.258525627338629493e-01
-6.254271427714791498e-02
8.793557221973444249e-02
2.500113167639514966e-01
1.437243290316222305e-02
-5.891824304234365151e-02
1.148257079622895388e-01
-1.039548348126987931e-01
-1.776429752430023212e-01
6.518253640688663475e-02
1.064166359275915963e-01
1.039264816552479959e-02
-5.444092333483099150e-02
3.104181350339755285e-01
7.265482362840763875e-02
1.709737303602364700e-01
3.292162008953896657e-01
1.003840503813621665e-03
-1.419463613208817587e-01
1.283536390397272686e-01
7.303757736931256600e-03
5.015424001497299084e-02
1.160084707566354789e-01
3.223561216656119499e-01
2.326210145621732117e-04
1.458493487435918723e-01
1.133630099671064373e-01
2.242354195151022300e-02
-5.726958926124646465e-02
4.483664388984894000e-02
1.809031598760828530e-01
-1.152053676598621401e-01
-1.006006527067255796e-01
-2.754916931295352533e-01
5.660548512981339320e-01
1.416246286923995568e-01
-3.485028506702291251e-01
4.187254363416299113e-02
1.061077653041960778e-01
1.882963274122010366e-01
1.872065157867570662e-01
-1.654644503521519316e-01
-4.174932251408074863e-02
5.939865386051373236e-02
-1.664424540110016892e-05
3.040851931831810018e-01
-2.285927524463324811e-01
2.931837162415759090e-01
-9.871054745923478480e-02
2.689863445488620552e-01
-5.166634096866908887e-01
-1.938613924554267731e-01
-2.052838429772012585e-01
-2.055092292618659888e-03
2.866669309230955934e-02
1.412499207420090941e-01
-6.841081783033521602e-02
-9.773267408696718894e-02
4.279397327755798952e-02
6.237273689732578813e-02
1.614012384713335302e-01
2.230380534278412485e-01
2.401375073941880989e-01
1.807431552173150990e-01
1.986781389524214514e-01
-4.130524028467452702e-01
-3.865221653768440846e-01
1.516709486587277944e-01
2.684945095837550921e-01
-3.890665287102578196e-01
-1.308517819882941691e-01
2.002958478594386027e-01
2.183930949876829453e-01
4.041940765920178924e-01
-3.999883913967732241e-01
2.732916727157458370e-02
-1.033708521736551172e-01
1.828076527321119138e-01
1.892016548868074022e-01
1.407045028336745551e-01
-2.814857438030801129e-01
1.203513245892738892e-01
3.132601285047477147e-01
1.381566505330785455e-01
-1.548757890642217180e-02
-1.258438257276369154e-01
4.528320725530561863e-01
3.103384645926404728e-01
3.270326927620439417e-01
1.170404729273551020e-01
5.098714869125390431e-02
-1.047103130022412759e-01
-3.563710755122138640e-01
-2.037221096751064553e-01
-1.483449008316455875e-01
-1.906856290629307948e-01
-5.197263623614499783e-01
-6.045588283319504319e-02
-4.116787069701501878e-01
-2.330113103305487821e-01
7.124140672531592555e-02
-2.459484384032853965e-01
1.646587358789322331e-01
-1.122378474632148571e-01
4.558778550250074946e-01
