-1.685963269843592793e-01
2.501466786537155651e-03
5.297464656849832920e-01
-6.032402093547157840e-01
-2.434451107947871729e-01
1.124513844801303120e-01
-5.474195153666713276e-01
-4.407818697456749590e-01
7.063986581501295603e-02
-1.201233460372742035e-01
-1.566570306362296550e-01
5.483824491638353837e-01
-2.597117257444547800e-01
5.733142020466265310e-01
-1.107270740756031713e-01
3.614639290103803249e-01
4.909012686458844033e-01
3.542387465514738876e-03
-2.188928740114150506e-01
4.560669745820924992e-02
4.455984240196474433e-01
-1.204164604922461773e-01
3.888968104803766646e-02
-1.639410294073714164e-03
-3.923788910615182424e-01
3.032356228464427872e-03
-1.715338883874578668e-02
-4.797078755239452819e-01
2.642174507273382655e-01
-9.137565021608151650e-02
-3.726850682261502179e-01
3.616207030276094025e-01
2.381901195529172732e-01
4.718639139025849194e-01
2.452384311393954741e-01
-3.143796097965635417e-01
-4.087512317323742095e-01
1.288246749971132532e-01
-1.837994908293411889e-01
4.210328783835929345e-01
1.659364399595507911e-01
7.626572922531163479e-02
2.166944517143199606e-02
1.166862008674585810e-01
3.073660636235028831e-01
2.315296425736122765e-02
2.077594825320935035e-01
-2.426244206415720805e-01
2.221742275729080007e-01
2.014290093859769371e-01
7.891947823288210095e-01
-4.305047527171570465e-01
1.442386876616722491e-01
5.378557790003478667e-01
3.088921059198269647e-01
5.396420736129727835e-01
1.128734072861290599e-01
4.964564266771098050e-02
2.941670500773778674e-01
-7.753426753966621843e-02
5.225754331948444520e-01
5.763545261687883503e-01
-3.975170866577505402e-01
-5.661367326107947795e-01
4.201067091971144585e-01
2.803299346718626794e-01
3.085250635157595900e-01
-7.968164542257948069e-02
-1.667546585388317293e-02
5.788375495390634534e-02
6.145768487569446270e-01
-3.228203506223391583e-01
4.559126320976976121e-01
-5.001908985962180143e-01
7.843886912794442723e-02
-4.000919913354199497e-01
-2.073695462337516449e-01
1.848181168002414054e-01
1.626096050859145437e-01
-3.074518987486645205e-01
-5.016873949254722076e-01
-4.469693034053815461e-01
-3.068482320470583558e-01
2.956419619852487246e-01
-4.734280117822842748e-01
4.986529642937579943e-01
-1.323035619297692478e-01
5.161423608986968059e-01
-1.198337031145662868e-01
-8.068144366276448765e-02
-1.481149943422837845e-01
2.814294304625613585e-01
-1.513802698101210931e-01
3.771676646613050798e-01
2.691305890346907814e-01
-5.586413947172867989e-01
-1.403538340954571528e-01
2.110161587406566008e-01
-1.745854055335691601e-01
4.986722437172522171e-02
-2.157524209298147255e-01
-1.546382520595868809e-02
7.337999580740972583e-01
-8.119412793307916321e-01
-4.545199662187046075e-01
3.444899234687892609e-01
4.147180305521397381e-01
2.551902305115869019e-01
1.324968165327838621e-01
3.466262829866803563e-01
2.755438348009370819e-01
-1.600804972393456982e-01
-5.055828077452246411e-02
7.316525867022473373e-02
-1.526144776098582179e-01
2.353912874688725010e-01
-4.975629020871965569e-01
1.414018505916623814e-01
-5.247586200910635545e-01
-3.435182758814305237e-01
-5.202208595530666280e-03
2.242931772381890898e-01
2.961958875444523631e-01
-4.955906243743418704e-02
-5.364678160785374406e-01
-1.406587954523087769e-01
-8.127395203201336071e-02
-9.709451088097162397e-03
-3.212080809224207578e-02
-1.024975284974876527e-01
4.483627657275496975e-02
1.274381817436668479e-03
-5.378427906309135587e-01
-5.701111241719921674e-01
1.414006126554743781e-01
1.135054615626789054e-01
1.962682379531550669e-01
-4.508186586831817166e-01
5.256682822505164693e-02
-1.132954753666004510e-01
3.725466852797348905e-01
-3.203928300847666555e-02
-2.578340103178871079e-01
-3.351473487300187237e-01
5.167154432994112145e-01
1.681732924374819138e-01
-2.424167368116937338e-01
-3.916136381950987566e-01
1.474134270377312206e-01
-5.581682797864227774e-02
-5.132860671708027178e-01
-8.477073480782512660e-02
8.605595154353951060e-01
1.930108275315062238e-01
8.837523220226398135e-02
-3.343051118493729490e-01
-1.659397971739669519e-01
-2.007420200704069235e-01
-2.269729716524544472e-01
2.942953041030770267e-01
9.553752340107023178e-02
4.114313973734856633e-01
1.935372151156932174e-01
2.906104761108759815e-01
1.359984357299905966e-01
-1.083082482171392538e-02
1.695001340382178423e-01
-9.992038906562936140e-02
-5.862633721956771460e-01
1.445321772083429379e-01
1.694817271692450056e-01
1.495005166007879749e-01
2.438681848195872748e-02
5.011325983144010454e-01
1.707246808629447887e-01
1.183540799575439340e-01
7.196711495206626896e-01
2.417374497491710517e-01
-2.748270924528589121e-01
1.023365449963291318e-01
9.657387475531520327e-02
-1.732236185558747726e-02
4.172493118509756904e-01
4.756186909373845695e-01
2.031187163369863047e-03
2.883022055595564348e-01
2.122394600862430314e-02
2.372701597887273139e-01
-2.538132350823149586e-01
3.009604066681986767e-02
3.605401133563146399e-01
5.846649646170900411e-03
-2.159710807932058718e-01
-2.429637810775806539e-01
7.279408439617047755e-01
2.074421008051888782e-01
-6.274540498584536552e-01
-4.084260634241343620e-04
-2.075453934910083675e-01
3.099814506726320529e-01
3.512987883602994854e-01
-1.787399840349266356e-01
-4.617326655138099395e-02
1.338462925410193183e-01
-3.488510071640746335e-02
6.017064670022697070e-01
-3.617406623852943426e-01
3.237221773994937712e-01
-2.119827671881267805e-01
-1.504160144391399057e-01
-7.053038603992536348e-01
-2.762711365404318942e-01
-2.137409843697687384e-01
-4.908100362102623127e-01
5.314927145246330087e-02
1.347146649827571929e-01
-8.425068658182574555e-02
-2.897457452142860879e-01
3.222918356555495301e-01
2.415035553096111232e-01
3.401120488350718452e-01
3.369791065942916997e-01
1.827304773457796849e-01
2.888589264426552061e-01
2.498554589298267181e-01
-4.737489486664671068e-01
-5.575812483242155171e-01
2.302183261335639108e-01
2.736456706440862918e-01
-6.721297345497769804e-01
8.194412476156880121e-02
5.470726579992297722e-01
2.251744785257072112e-01
6.117707563534562354e-01
-5.056439804355270518e-01
6.225849214907748230e-01
7.628535850938684970e-02
2.226695378388739988e-01
1.985576698504596949e-01
1.966242772284533258e-01
-5.380597111938434374e-01
3.965759827781115132e-01
4.426908901875413749e-01
1.038484666107683252e-01
-9.852017610144689352e-03
2.545984954968681935e-01
4.019341118102025545e-01
4.220567366420945321e-01
1.235485692836286314e-01
4.501630216099386517e-02
-1.044386268124971595e-01
8.246664042562715236e-02
-1.745848921941504928e-01
-2.784245149673038600e-01
-3.940656020343704657e-01
-8.743377885364481128e-02
-6.352491657776331291e-01
-6.495716271251938956e-02
-7.392946210875481761e-01
-3.413346480934429383e-01
4.676167087632898678e-01
-3.707661637533189447e-01
2.908580785231121846e-01
-9.991155667044353261e-02
8.062112356646107258e-01
