-6.105457672010000669e-01
-4.432897461457419586e-01
6.963335741249343513e-01
-1.615069525326313205e+00
-1.119452639673768513e+00
4.627801204289802017e-01
2.843009239534025068e-01
3.450994557448863187e-01
4.386916861705338344e-01
1.515240263857448033e-02
2.950700166408664060e-01
8.497442044013661100e-01
1.596507314396863109e+00
2.412153328762052240e-01
-6.334406620892825135e-01
3.489001621870597147e-01
-4.892054321182560672e-01
4.480187745862390658e-02
2.888800812551162167e-01
-7.133698781201297523e-01
1.746831184678031557e+00
-1.447814163599710380e+00
-1.422264961047635445e+00
-6.028810540807822971e-01
-1.938008866527534124e+00
6.673830019619131360e-01
3.123081738526369278e-01
-1.977330257672471836e+00
-1.382676601776057002e+00
1.542946653166518800e+00
-1.046342817763677768e+00
-2.026135634985658296e+00
3.460138506046884221e-01
4.546023451124185377e-01
-8.797234556265107752e-01
-7.174353178727292946e-01
-1.128864230725770135e-01
-3.077365395046590679e-01
-5.447078467775416932e-01
8.724955980497712815e-01
-4.525405475091689445e-01
-1.011860227093305475e+00
-1.240398442770201948e-02
-1.163996236768328196e-01
-1.405167089274919512e+00
-8.513109779762819684e-01
2.297861126118314612e-01
-4.341770134033748341e-02
-7.235797935470569264e-01
-4.835671615347808538e-02
1.142735172421743162e+00
-9.936770527564160460e-01
-7.952913160500920675e-01
-1.042078317087966166e+00
9.948291992367829240e-01
-1.446812373694572607e-02
5.837251857748478878e-01
-4.758822336808616327e-01
1.107466589045235650e-01
-5.073645689772670053e-01
5.931269683317518249e-01
9.642247745327345854e-01
-3.687592303324421783e-01
6.291507646354399519e-01
3.889682692596361790e-01
9.922360679222361757e-01
1.911006624701421797e-01
-1.252737165947090281e+00
-1.452812160500528971e-01
-6.392874034895028590e-01
-2.769235791763725030e-01
-1.415533516804493130e+00
1.000751953905593350e+00
-7.504274277416745909e-01
-1.122105180347890308e+00
-3.156395348501044307e-01
2.952885810523441790e-01
-8.609741377414157348e-01
-3.131696505225178839e-02
8.053589638975295895e-01
-7.381062490926431074e-01
-3.822410049834166212e-01
-6.198000673654671111e-01
6.964409905571403714e-01
-1.693911177696975523e+00
1.578308979840059800e+00
-1.009393267579913545e+00
1.849574772816056090e-01
3.767010587445576153e-01
4.166566930311590977e-01
3.790038249281711402e-01
-1.029673500761013050e-01
-8.883638501103858776e-01
-1.572593499834231912e+00
4.718184987352933568e-01
4.010818944724658941e-02
-9.333906418033124375e-01
-7.295700242640708044e-01
6.862442545122835469e-01
4.389115603003425625e-01
3.659722257564305137e-01
-6.350497951554481268e-01
6.363055764462486330e-01
1.430156342991122376e-01
-2.557741407530391697e-01
-1.436984700373618029e+00
-1.041902534123475332e+00
-1.534548090704300982e+00
-4.102274422918625318e-01
8.499135414078545780e-01
-1.499294969084201679e-01
-9.395440898749556347e-01
1.108942025894266603e+00
-2.605038542646742061e-01
-1.094554284025596846e+00
5.153376255724095856e-01
1.982353807894808861e-01
-5.132357740694910575e-01
1.425356212591066263e-01
1.264227583241734232e+00
1.866741951822646906e-01
-1.429109259862357817e-01
-2.312835522284739098e-01
1.013294370719870496e+00
9.904752222670527573e-01
-4.353189299441320159e-01
-1.075854659833719085e+00
9.126716398954450860e-01
1.867232327251560908e-01
-3.182688516813200197e-01
1.704993986496512903e+00
-3.119098908839871842e-01
-2.084740104951388950e+00
7.031394738613430118e-01
9.345086060048751753e-02
-7.675230840185767178e-01
-1.337785683158598804e+00
-1.266468966907704496e-01
-8.489971760471064499e-01
8.543619996006837081e-01
-1.079424015032049988e+00
-1.677572286216757913e+00
-8.220305969662308199e-01
1.286135578865863716e+00
-7.569405875954585694e-01
-1.587593773656767127e+00
2.101052982497756405e-01
-7.030715215778179372e-01
-1.634328504612240662e+00
5.867035800794060396e-01
-1.754632456430500032e+00
-2.834506293756313688e-01
7.033627632592154288e-02
4.644255162951478333e-01
3.175848642238526809e-02
6.287285686068140311e-01
8.099739485411368012e-01
6.968512101715169660e-01
-1.114777581606599011e+00
-8.222125198135711299e-01
4.714103581321680281e-01
-7.275074866083635072e-01
-3.578468440493097757e-01
-5.512201778383037931e-01
1.547397370262564853e-01
5.023931205947040901e-01
1.044739312353216931e+00
7.560243419200629589e-01
-2.968362176726094259e-01
-6.622900095707479062e-01
-7.704517809202232614e-01
2.422353737247007199e-02
-9.060937230939108966e-01
6.518581138732555402e-01
-3.246423193318848099e-02
-8.514283910232918196e-01
5.443847648257820193e-01
-5.860565820619041411e-01
3.760157874115233057e-01
-6.401891966237044373e-01
4.478901094725317722e-01
4.291022661893510448e-01
-1.689106592259786987e-01
1.010291510858550845e-01
-2.919034632951866826e-02
1.152228508388172923e+00
-6.787436708487318837e-01
-4.570013303706403351e-01
-3.118825689005539359e-01
2.636363239684592630e-01
-1.983311777353264360e-01
-8.805274002735840044e-01
7.814211820557996901e-01
1.016535036856941243e+00
-6.417629325678028129e-01
-2.035611298557157833e-01
8.623837299172920634e-02
5.052554825056121413e-01
-4.034213672116880312e-01
3.906365313044177223e-01
-9.056524528683751463e-01
-1.093422475419525197e+00
2.849639475951382117e-02
1.258871084583943478e-01
9.670593841021672965e-01
-3.374312603960175072e-01
-8.367088143345049467e-01
-4.603933997358444774e-02
8.582920984938130493e-01
1.860187755249046448e-01
-1.492995911344640048e+00
-8.317691793437829162e-01
1.147776485930577017e+00
-2.942098029009360127e-02
-3.811974665524614503e-01
-5.531067425281591676e-01
6.258030391103788226e-01
-1.640682169888663111e-01
-7.141057543460513912e-01
-9.871451659648965427e-01
1.887899848736924513e+00
-2.297052101997169027e-01
8.085894363599221979e-01
6.185402617634490063e-01
6.688692546261232330e-02
2.773539850186690359e-02
-2.686522249178906474e-01
1.807499417120573160e+00
2.006022261551564378e-01
1.967945590653545462e+00
-3.079962612360148677e-01
-2.620137987141944458e-01
9.313473281661949210e-02
7.546710818579099866e-01
1.181024971018957981e+00
1.996163474214897593e-01
5.951530769840320811e-01
1.048672868143228465e+00
2.787105261977414483e-01
-5.258579990245991764e-01
-8.242027316173931029e-01
-2.910335671545895009e-01
7.144204646621044041e-01
4.856409165313959053e-01
6.602087061912962351e-01
-1.597740012452093517e+00
2.166554065764955683e-01
1.590142525064368040e-01
3.277564990077573848e-01
-9.599779702816391147e-01
5.379107720092597411e-01
-2.582663951943826586e-01
-3.057066508349575717e-01
4.833017643700915911e-01
3.062240179579944765e-02
-5.402245577634273710e-02
-7.281598763405112695e-01
-1.258068764367578085e-01
-4.104099822152390553e-02
4.461792325891666411e-01
-1.113011149356031293e+00
-7.860269688615035832e-01
-4.701043755110766442e-01
8.925231916837736978e-01
-2.026113713416818340e-01
