2.121037401045789417e-01
2.016872330411018932e-01
-3.005747722674323441e-01
4.047334723844401433e-02
2.395256592457337408e-01
1.524373140314536634e-01
-8.619447480491912450e-03
1.862121989435335800e-01
2.910963972466087957e-01
-7.913104702643242172e-02
1.370025772247552287e-01
8.270621409374895316e-02
8.404731877113432587e-03
7.879140544952820124e-02
3.849710715838988717e-01
-2.133671553972343871e-03
3.319264409155624485e-01
-4.503454674178856143e-01
1.651620061527598327e-01
-2.338966407418960614e-01
-3.285964142412987066e-01
-2.634071807260584541e-01
3.904351416432044752e-02
4.949368739180479843e-02
2.306068086893690861e-01
-1.207273531338141359e-01
-3.442896257710196251e-01
1.522364104646773408e-01
-6.277808013886782001e-02
-9.700457482011537458e-02
1.199863892355039902e-01
2.601189272651330958e-02
7.079260342540008577e-02
-3.098213528598738747e-02
3.107311525735644286e-01
-2.521673886494695815e-01
-2.956468161774425951e-01
-2.828425348911621784e-01
-1.425122856255140458e-01
1.176726563820874177e-02
2.591326889270145206e-01
-3.564895502933163596e-01
3.640306454454892426e-01
2.387270955481166634e-01
1.499491480665495965e-02
1.745810356889643949e-02
-1.640030222780372027e-01
-9.940852641477491980e-02
2.075457785192295901e-03
-2.923868975565634132e-02
4.323767403069102011e-01
3.097488963161211251e-01
-3.981089859787605989e-01
-3.627554932618358707e-01
-1.255433465188924951e-02
-1.342018561767677476e-01
-1.147399174159298152e-01
9.954561673843334568e-02
7.665844184936058958e-02
2.352402677120108976e-01
-1.868910997386299955e-01
-3.687789670006422216e-01
-2.945538156050220291e-02
-4.635272976139316603e-02
-4.983870670895313992e-01
1.233760235284313000e-01
-4.291325555317881402e-01
-1.026184990425299676e-01
-1.395699980728105916e-01
5.476705201230223086e-01
-3.104495808212391905e-01
-2.427199763992583526e-01
-1.069139917205099016e-01
-2.520052144018867235e-01
4.786911432588451532e-01
-2.744393224718605362e-02
3.088669719678593384e-01
1.335123510661463953e-01
-5.232496213159003318e-02
-2.011601382801992133e-01
3.158169580650297958e-01
-2.615719618592297069e-01
4.364811706427591531e-01
5.964229439964931906e-02
4.719095693806168307e-03
-1.678066814465470347e-01
2.156355580051387277e-01
3.620890123239852709e-01
-2.866185926736162237e-01
3.482252424542939262e-02
3.817079566112792366e-02
1.131214371192361678e-01
2.891151776450599786e-02
-4.377859284210050550e-02
-2.677213199407439959e-01
-2.563292090855832095e-01
-1.741520461922901886e-01
-3.569544367997774525e-01
2.823372747071460909e-01
1.748897158256075834e-01
-1.736650952381958157e-01
3.104191127050057175e-03
-5.547953802033606108e-02
-2.996308455287152173e-01
-5.442142778471650288e-01
2.239857441552267625e-01
-2.090252576766603865e-01
-3.448058235656391579e-01
3.254478880975570365e-01
-3.375857162783680865e-01
5.745230767268379168e-02
7.680033509484107679e-02
-7.876489242934531232e-02
1.031281321211416635e-01
1.631558471518285147e-01
2.551684545628613576e-01
-3.819286180826705346e-01
-2.412337230648231856e-01
2.298124324970759191e-01
-1.400088774578949757e-01
1.942964732523587978e-01
-6.403238885576860440e-02
1.806795118478370654e-01
2.282585102085672446e-01
1.281623816384199754e-01
-1.670308778299584018e-01
2.380726424998685226e-02
-5.127932973978651526e-02
2.746894133312748898e-01
-1.505448197522114562e-01
-1.538642993901036607e-02
3.050417124804588598e-01
-4.572399247180830573e-02
-1.240585298146805737e-01
8.357509435193366532e-02
-1.214191901864870582e-01
5.781042724518200560e-01
1.771358967758921155e-01
-3.823147951655859744e-01
-5.985056237108196675e-02
-3.437235299986685644e-01
1.185174282817072766e-01
2.443946378635313277e-01
-2.889355530097694746e-01
9.899481793231901250e-02
1.155812855295140218e-01
1.559494251264522888e-02
-2.218520173771945658e-01
4.599145806202773468e-01
-3.900728210532165841e-02
1.095589847363077629e-01
-1.062781397154564933e-01
-8.559860959123134078e-03
1.918663779204029529e-01
2.054707212335435962e-01
-3.949267575391970375e-01
6.053417021154653410e-01
-2.252860053124460804e-01
7.462279411306652066e-02
7.272450381351319715e-02
-2.052831254495143254e-01
3.380195037112215806e-02
3.672598431473197284e-02
-3.033610279902497764e-01
-2.065586704441270127e-01
-3.274050543103271815e-01
2.408817569247097279e-01
-3.170192197136963430e-01
2.429048747529353180e-01
-1.847248252137367874e-01
-9.398935300851229968e-03
2.167144868852414474e-01
-2.591324088747844478e-01
9.724775971628411841e-02
1.833835725199056688e-01
-2.150899825290684408e-01
-7.135788602292170157e-02
3.601028046186579012e-01
1.603595323617525992e-01
-1.530137299696493480e-02
2.169787454279048511e-01
-1.100581160535095415e-01
1.022026157620647968e-03
-9.855008796048227160e-02
2.391808862966303129e-01
3.203334219577602671e-01
-1.766758510126678339e-01
-5.278694934837330210e-02
-1.260626455684078773e-02
-1.639993749304197168e-01
-4.315124308173169387e-01
-2.493448743853681204e-01
-1.210079191989349781e-02
5.234702465687772754e-01
4.648138977545335226e-01
1.088385151192615766e-02
2.935178335129498550e-01
2.217463846270278927e-01
-3.550553529115364482e-01
-8.134173441457206999e-02
2.244630532912696430e-01
-2.085996192528737359e-01
-2.897315517662268913e-01
3.652457677340166797e-01
3.192438879491046877e-01
-1.209649483784922264e-01
-1.727455327876821212e-01
-4.907141613575662087e-02
-1.545821956791371410e-01
-6.475520855548554111e-02
2.630370687529648976e-01
-2.467492994761585068e-01
1.738084689145967809e-01
-1.368124437857533293e-01
-2.400561611059494616e-01
-4.931369150650913857e-01
8.960472211977980883e-02
1.611306851003566909e-01
-3.095374825322286250e-02
-1.746483446065147938e-01
5.662473465491374425e-02
2.444392941820802134e-01
-1.337743095252514336e-01
1.577258279240256467e-01
-7.269905895833334020e-02
-2.779048095467684387e-01
1.025449305846831138e-01
7.475167366967339078e-02
1.123846634261818495e-01
1.561424649185460811e-01
-5.687405026538234348e-02
6.658286511340666403e-02
-1.339513932832105680e-01
2.464016569129774403e-01
5.248835297624439011e-01
-2.321600823240881073e-02
-2.390502204158633792e-01
4.847000424939593710e-01
1.659818533282720887e-01
8.148426949323406276e-02
-9.663767519725394162e-02
7.128574089902825484e-02
9.079633018661883992e-02
-3.642944586728116274e-01
1.263407395804687361e-01
6.832738876008971618e-02
-3.491374981800030586e-01
-2.682106332286871564e-01
5.202631989719646022e-01
1.357293163550510329e-01
-2.798558717771864046e-01
1.461049191673176595e-01
1.628644740630257048e-01
3.536184862721190036e-01
-2.954072319952537606e-01
-1.840760476669199841e-01
-3.383849246354393436e-01
1.057010625727925618e-01
2.871005537804272034e-01
-5.298416885360245770e-02
-3.677767976541487793e-01
4.494841641910564400e-02
-1.854479706939672345e-01
-1.369021995457304908e-01
1.406264424435098997e-03
