-8.304328477607085812e-01
-4.708003307216765965e-01
-4.413859049159090109e-01
-6.272435344595452822e-01
-7.328457232705296587e-01
-1.865771451785289692e-01
-7.725889650519168761e-01
-1.503996461821095476e-01
5.212065090308448667e-02
4.546789729280171777e-01
8.758421509082230383e-01
4.062227534330542511e-01
-5.694779957150204464e-01
-4.590534083423010170e-01
2.217870588557131484e-01
-5.802426049273947672e-01
-5.628854829777774071e-02
-8.907321629354325587e-01
-3.277315535318769957e-01
-8.355627849723954448e-01
2.893306099199814962e-01
8.186550537032211139e-01
9.069436806232413772e-01
6.021784290367508952e-01
-8.627780905405906253e-01
8.143309171550281444e-01
-2.751222987627774952e-01
7.669877380828467039e-01
-3.229227195570383291e-01
-5.745932738130199446e-02
-3.820369872444249193e-01
-6.950273189648630279e-01
-5.828539686679317100e-01
-4.415019569321327886e-01
7.394816722762243000e-01
-3.089763162950687203e-01
-3.052601161689993958e-02
-8.861434936177667865e-01
-2.158860223410596912e-01
5.707511358013890312e-01
-2.635835369711791998e-03
-2.122052579166138209e-01
6.330108748332778923e-01
2.174513756185436630e-01
-1.791634695716031178e-01
5.823160670026381602e-01
4.229916506969113588e-01
-5.456136952938031026e-01
-8.488588148551068358e-02
-3.191854431722900287e-01
6.159667649701188186e-01
-3.756655882611532604e-01
-3.356994734810470060e-01
-8.840247742213869220e-01
-8.879497168798351492e-01
-5.661084673298959480e-01
6.180558925645676105e-01
4.316448589449997097e-01
2.175096093419157661e-01
4.667203442980947248e-01
-5.483125613807733334e-01
-3.667609413801828921e-01
-3.515554937378557732e-01
4.468734386680019988e-01
-6.102716780239798577e-01
-4.156882176978806687e-01
-8.429949707949651039e-01
-9.307896855294177652e-01
7.814940286855205365e-01
8.790325258654658747e-01
2.398068552766474681e-01
-9.261289578595006677e-01
-4.514545055175123167e-02
-2.076624202639787420e-01
7.954563196429511596e-01
3.276147496454662189e-01
1.134420393736541577e-01
6.824402241314040385e-01
7.925529435397256073e-01
-2.215048004131681125e-01
9.750384862510124151e-01
1.133521557861958406e-01
-3.335134412837059692e-02
2.984939158664730030e-01
-4.351378128364726816e-01
-5.405507674738825319e-01
-6.830832489368643401e-02
7.260902167685443498e-01
-3.901128194392278203e-02
-2.905743619473195594e-01
2.418479593110243187e-01
6.401611788646581758e-01
8.736126613624026760e-01
7.533172382355306507e-01
-6.175202108241355514e-01
3.559137848500018020e-01
3.011714151291755570e-01
-7.759887199515760337e-01
-2.971900890917316129e-01
8.597714578309145761e-01
1.969626401243975700e-01
-5.546352596009882507e-01
5.749837691729222655e-01
-8.325691912576373976e-01
-9.788518310728595573e-01
1.515846105274354372e-01
3.451524203448605999e-01
-5.198979790861397721e-01
5.075932261496185482e-01
1.517709093716956836e-01
1.921021854586471012e-01
-8.563785428281387446e-01
-4.636615496928062630e-01
5.876779843617869759e-01
7.295156144599577175e-01
2.253895307885378507e-01
-7.175642681542238055e-01
-4.293511717220355184e-01
6.156043191426170402e-01
4.511045785405449760e-01
-2.607537846975427342e-03
-4.604112395173287631e-02
7.737068937756503839e-01
-1.056768340144995655e-01
-1.819383720450877817e-01
6.730452570507212684e-01
-1.228203689552023192e-01
-3.880351754089581551e-01
4.927117712248121340e-01
6.768770703864059879e-01
-3.812311707859152854e-01
-2.054066375747516382e-01
8.524111954763640142e-01
9.339719692781576210e-01
-3.798402862328249530e-01
4.868164885582695334e-01
1.516939801873868898e-01
9.773510390953499272e-01
7.065759171040477682e-01
-2.082671603379575576e-01
2.240593357243676476e-01
2.728331011770444015e-01
2.134777243865377816e-01
-4.602412791759264987e-01
6.314466329092962571e-01
8.744437914941509682e-01
-9.821201103764787277e-01
-1.138937928038961100e-01
4.726691081543468176e-01
-5.016548446509978554e-01
1.602534983996273255e-01
-6.376849617784865476e-01
6.400598269165178600e-01
6.260370097449265980e-01
5.100318018296778888e-01
-3.250826327847065045e-01
6.354932082921871395e-01
8.988477140593384984e-01
4.277529708081388993e-01
8.337724850884189465e-01
-6.991149380102970046e-01
2.676816479489030343e-03
-7.091172751860603807e-01
4.588996664862992070e-01
4.643397138137301816e-01
-7.413598151629432476e-01
2.730225568066333430e-01
-6.780099136955410888e-01
-5.012520713918720006e-01
-8.365421203056979671e-01
1.765036682582095118e-01
-6.133427217410274412e-01
-5.115870813872980261e-01
4.412361062458696193e-01
4.558535935421186291e-01
9.915175563112230694e-01
5.913505300767951667e-01
-4.298751184220459542e-01
-4.123295769377584019e-01
-9.197299369608646913e-02
2.217677322723496935e-01
-7.088596757573963902e-01
7.758443536626669079e-02
-3.110042347158938902e-01
4.367841385953126210e-01
9.344307672823373156e-01
-4.378392656366765223e-01
-6.074669552653275684e-01
6.204208443429795050e-01
-5.867132682292084400e-01
1.572391277745899263e-01
-5.630573119443065266e-01
3.297758409861510920e-01
-1.549175160985032385e-01
6.978608340460048520e-01
-8.995943276418643109e-01
4.965237256834542645e-01
-2.342195939560771656e-01
-3.490723754385978150e-01
-6.117914435359541603e-01
6.816254982793021888e-01
-7.356338381826283968e-01
6.326917420108681966e-01
3.717378321493587379e-01
2.401069917237186324e-01
9.304665525625721578e-02
-3.218789141094935413e-01
2.561773827487834332e-02
-2.647498130653143100e-01
2.428050711824103480e-01
8.949075986205430322e-01
-7.040679794736293129e-01
3.560433229403063837e-01
2.907386940459426583e-01
7.986544767178638260e-02
-1.303336096182259318e-01
1.010560782942580005e-01
-9.180473301069502767e-02
-6.624543492851004967e-01
1.579000581187570695e-01
7.900352121868747801e-01
7.295851571018459047e-01
-4.038564999454763438e-02
-9.548251330972801210e-01
-2.042508738184432016e-01
-7.681007832682507086e-01
1.314194956197751729e-01
8.748659344246798586e-01
5.346773822977903823e-01
3.600786200322989572e-01
-4.669955165369821248e-01
-3.317585059788605850e-01
7.363725325909189490e-01
-6.582222193706084301e-01
3.788409302252000455e-01
-3.720785698820385790e-01
-3.338509831453497778e-01
9.331030426593109883e-01
4.649353026764477814e-01
4.891357165999241641e-01
-3.199847168198843850e-01
5.951266385757905120e-01
1.510027644795843837e-01
-4.961414184473005307e-01
9.772129741479156362e-01
4.158976902049449365e-01
-9.841955934088602032e-01
-8.158753113693570924e-01
3.960502118128297333e-01
1.307790613796599999e-03
2.818657899886014562e-01
5.261617304301826614e-01
8.017107222242170206e-01
-2.611168583780092423e-01
-6.857615058846133760e-01
-7.112376716905988161e-01
-3.560823586470156510e-01
3.006245681325709906e-01
7.494612017822961381e-01
2.698536161803801736e-01
-9.539442628783338929e-01
5.890847357244677340e-01
2.224410099655047546e-01
-1.403279850038385845e-02
-2.209227255987260552e-01
