1.698648762812836333e-01
2.559311913587091203e-01
-1.908353267578448975e-01
-1.222216876767064642e-01
3.003047940406404770e-01
1.116305228957568674e-01
1.133762413295797827e-01
7.764017674416259784e-02
3.520399956008788411e-01
3.893938374560693139e-02
4.325176953563992233e-01
3.427471936839454614e-01
-6.234211670161247248e-02
-1.803317924555962737e-01
4.526659029487878350e-01
-2.277557626539691571e-01
8.444380584091137898e-02
-4.140576404834669377e-01
-2.016910661910301938e-01
-4.227282123976267014e-01
-1.652314879392047797e-01
-3.182182928664276655e-01
8.591905106061403785e-02
2.111639069691114701e-01
4.245405750578828963e-02
2.517473532557822913e-01
-8.250125081997633503e-02
3.745204460244900835e-01
2.006467353940863396e-01
2.165905469320753007e-01
1.302463546248515125e-01
-2.038493349360566143e-01
-1.319196647989124838e-01
-3.654728337805488447e-01
-2.580814841961286410e-01
-3.741139288339767610e-01
-5.408154741972207580e-01
-3.708026163953616061e-01
-2.489992013885447275e-01
7.355601092512642492e-02
4.867479564259797886e-01
-6.595663547481425137e-01
7.694799153011762094e-01
4.610939472746668211e-02
-1.822522147607817944e-01
2.767876802919312373e-01
8.169082900079319143e-02
-2.798264932464658017e-01
8.574724183006757205e-02
2.467339144663754091e-01
6.342619326113518863e-01
2.444725322805072487e-01
-9.496818731584044659e-02
-1.360965877892795772e-01
-3.013877248038951406e-01
-3.715473935356876090e-01
4.111273796563991167e-01
-1.099890170511473447e-01
3.347212339359819100e-01
-4.559672061646702357e-02
-4.025367731578557984e-02
-9.049798684881341093e-02
3.015034692202813726e-01
-2.283618572056587415e-01
-2.686749684041827568e-01
-1.825841916372622498e-02
-5.795665557296767467e-01
-2.165043186418947607e-01
-1.589030418015308088e-01
6.051870588157237663e-01
-5.189859403338983324e-01
-3.985458658397308951e-01
1.545083985341006716e-01
-3.384026265428266012e-01
4.834438047199113853e-01
-2.077490531929226392e-01
-9.273058436747610989e-03
2.853437437715530822e-01
2.543833644271914496e-02
2.555629405692995404e-02
4.247612016831792681e-01
-2.398444089349143771e-01
5.153123614132231189e-01
-1.668897976771936686e-02
-1.158111147534439667e-01
-3.213870469243580996e-01
1.591358352098571072e-01
3.664991378149033974e-01
-6.280505770097644103e-02
-3.250402093436161044e-02
1.251176476979317109e-01
2.107286742712859151e-01
-1.089212428163844615e-01
-9.594360383764294342e-03
-1.175062852322857621e-01
-3.257822120747492778e-01
5.654401756632693177e-02
-4.994889942718763742e-01
1.477312177193625953e-01
3.507606880868406607e-02
-3.674546295774629434e-01
1.214056442836077554e-01
-1.926647731894833848e-01
-2.631698635669736941e-01
-5.567485182988964887e-01
4.492597937797148666e-01
-4.255310514065645533e-01
-1.723355794032758181e-01
5.091407960500872187e-01
-3.191458649173589679e-02
1.342825994502899745e-02
-1.387275863790392860e-01
-1.765556855405497547e-02
-8.331353730654107725e-02
2.438840961959048426e-01
3.122880893038005867e-01
-8.452885594708278716e-02
-3.533178098525002198e-01
3.382346925917063540e-01
-9.513585168188037899e-03
7.980373387964832810e-02
-9.436977129919052465e-02
1.159890298887489568e-01
3.027508195823601089e-01
2.170823457397693668e-01
2.132438510632119755e-01
-1.816172734634395602e-02
-8.946780767080192431e-02
2.279809162555540281e-01
-6.742582089496629294e-02
-2.741872087162837424e-02
2.305530559406083757e-01
4.765823762657867002e-01
-1.697985034169707808e-01
1.935578357985364706e-01
-1.075831388296578373e-01
4.536153522069212296e-01
4.073196617218540205e-01
1.508590948164673373e-01
2.056300571032313590e-02
5.415641189240150144e-02
2.218345775162174904e-01
-4.466671471171115154e-02
-3.868058577632766948e-01
-1.160445429511702820e-02
4.252449076206130663e-01
-2.235642956100488132e-01
-3.707640033439426608e-01
3.059455118159705722e-01
-1.280082828173070286e-01
1.605984176742113467e-01
-3.247218725836537589e-01
-1.036436838876342859e-01
5.251790585571511349e-02
1.948844881911619142e-01
-2.252481165569488186e-01
6.078771674987782925e-01
-4.048079227034268035e-02
3.770941841336747369e-02
-5.581434981669908257e-03
-3.946243965059282321e-01
2.276551886977354333e-01
5.470527616975251473e-02
-3.583567218691360856e-01
-2.559028856728721157e-01
-2.528822902996121780e-01
2.357922144201454184e-01
-3.244904569714173181e-01
1.435713568008087915e-01
-3.733832763483168615e-01
-2.549976353751285396e-01
-1.793283573159307476e-01
-6.451121568636879189e-02
-3.763382732806341835e-01
2.854312250082591818e-01
7.133305374464005144e-02
3.727438935217725069e-02
2.656674167738742875e-01
3.145298527158203461e-01
2.642061083613753136e-01
2.154655512144182938e-01
-3.146803415576723273e-01
5.870951320596372314e-02
-2.099185000500757570e-01
1.248742910256045724e-01
-5.396366079121048265e-02
-2.984830421000868594e-01
1.320743326266203832e-01
5.523364789787031659e-02
-2.977408396266360002e-01
-2.075835186457542503e-01
-5.116475648036447055e-01
-9.275388430140804608e-02
1.093043581627248795e-01
4.689045000742723679e-01
2.212373206845911766e-01
2.142409576525615145e-01
1.438327069864701324e-01
-1.586886139991441624e-01
-2.995716515328048501e-01
2.599252788931102343e-01
-3.870582434577058972e-01
-2.179444641717618592e-01
4.520219376520423493e-01
3.160991879926929315e-01
-1.174025665277541042e-01
-1.690437154189690094e-01
-1.018696627906661156e-01
-1.503849324450956260e-01
-9.664269044867752900e-02
2.151735022263576158e-02
-8.666055820194862314e-02
5.372370264109299631e-02
-1.131845081724150159e-01
-5.040239145447006353e-02
-1.756686048487280105e-01
2.288241092707759827e-01
9.614049885052211586e-02
-1.814449731742466543e-02
-2.168609215046752303e-01
4.627489739134823532e-01
-4.904000975357522552e-03
-2.748211427914627747e-02
1.661688014974253003e-01
-2.013688644997309318e-01
-2.631834760558613984e-01
-9.543729942668277566e-03
2.565094314797940200e-02
1.066252903628399779e-01
2.189243932494270850e-01
-3.633407470314437004e-01
-8.965468137854673558e-02
1.497913277081302230e-01
1.155980476264667489e-02
5.820150233022618469e-01
-1.869685223134520680e-03
-8.171982739826558206e-02
5.219689020826114856e-01
2.404169093209221897e-01
-4.507820055523574510e-02
-1.828469812178677711e-02
-1.531177691241056987e-02
4.895683154846156016e-02
-5.325578946573692463e-01
1.967026213274976343e-01
1.469412103603898526e-02
-3.789486695789106574e-01
-4.199243156578713054e-01
5.044558719887101139e-01
3.172649675127897639e-02
-3.478101903495156022e-01
1.786446855349516083e-02
-1.691984470543378416e-02
2.192433019756951373e-01
-3.398348018803826198e-01
-2.758771881458408348e-01
-4.839719445578860024e-01
2.697322650586890247e-01
4.240269639671114255e-01
-2.177964912991950733e-02
-5.941409997212154792e-01
1.954333576887906307e-02
-2.109393188330878632e-01
-2.352260764859550601e-01
-1.422085410944448625e-02
