4.320286766516970300e-01
3.615249292018035687e-01
-5.452099298076628076e-01
-2.723868233600987288e-01
-1.982277834940842087e-01
-2.821770688341559974e-02
1.130375717187045992e-02
5.584581410228558473e-01
-4.383936744140142783e-01
-5.307962984985309385e-01
4.890505014569713205e-01
3.029598501851482606e-01
8.728535420648658727e-02
2.419648287231724593e-01
-3.751614005231290183e-01
3.895662075808847824e-01
1.808645379763861583e-01
6.457875866795184105e-01
-4.343225360572827709e-02
-7.174927555820337366e-02
5.666771393761157460e-01
1.341300820714559638e-01
6.903933955894953067e-01
4.913690052807831998e-01
2.361771098001230196e-01
-5.872663771589394788e-01
-4.825877642803851342e-01
-2.182018038167012342e-01
2.276842879820460130e-01
6.366882678521648686e-02
2.622684543004630275e-01
4.794311108992893589e-01
7.691978078592962009e-02
4.904710999160957208e-01
4.483561431352710569e-01
-2.981307854878814667e-01
3.785356296797139086e-02
-3.084677325624384792e-01
-5.394800135219335324e-01
4.418547756773202329e-01
-2.154019528161573438e-01
6.322433260530317956e-01
-2.450939330832309915e-01
-5.723692261123002056e-02
-9.163094022527759619e-02
3.417896899420329038e-01
-5.720049927216117047e-02
2.925955320415893901e-01
5.536845300357664534e-01
-4.329707471781557571e-01
-5.139016114899648269e-01
9.352276862188896311e-03
-4.733557459924531141e-01
-8.204040316346825068e-02
2.521629882642101861e-01
-6.527096107859469143e-01
3.422113528906883806e-01
-6.657313884085327982e-02
1.902507675197189496e-01
-3.316754359688440790e-01
2.963751100877438649e-01
2.414008675388788494e-01
-5.033496495723054354e-01
-1.831851466143585017e-01
4.533366814916334198e-01
2.128378046617285246e-01
-1.794458436666091505e-01
-1.318464126725523433e-01
4.515825153814885251e-01
-3.341608185343231119e-01
-1.396686733069144870e-01
-3.034090597645371368e-01
7.316275954326043607e-01
-2.207988082014139541e-01
2.974214943338432393e-01
1.621100339688735792e-01
5.467966453913227776e-01
-4.966145883613878320e-01
2.196422400859965318e-01
-1.710321446661011435e-01
5.372525130395791049e-01
4.370697643086986495e-01
5.675226171899425687e-01
-5.737513055458101086e-01
-4.999496395651297775e-01
-2.835388276318634437e-01
5.235919105208765023e-01
3.102946077679111792e-01
2.774630352441156966e-02
4.509800583547912689e-01
-2.594507775210809220e-01
4.407341587266800920e-01
5.975927416977402373e-01
-1.485843880924034854e-01
6.372661814759809085e-01
-1.742723593782798952e-01
4.230104211650337898e-01
-3.171304831638169786e-01
-3.504867801156624774e-01
-3.259994074584126045e-01
-5.443808237226741009e-02
-5.897444797594058041e-01
3.057080013656568451e-02
-6.885274684467910244e-01
-2.911438927686759159e-01
9.133591588327225064e-02
-2.844852602820375775e-01
3.427182489157635237e-01
2.418990965776671165e-01
6.992873755745874220e-01
2.160934536328354694e-01
-5.468116036238809263e-01
-5.103141658196871933e-02
-3.147238845549297781e-01
-7.131799627161663491e-01
3.938394123950684778e-01
-2.010845784599773756e-01
1.468570618403371719e-01
-5.021604666025323294e-01
2.822720609157572391e-02
1.590454428141244991e-01
1.531935290446331255e-01
1.637104719514281825e-03
4.258482287833954549e-01
3.846670635799964710e-03
-2.715563567384576826e-01
-5.149607051983494665e-01
-6.034987894944356945e-01
-2.926529463979404833e-02
1.290444309169155312e-01
6.163875937547122486e-02
-2.554946080617184201e-01
-5.073167479816628189e-01
-2.085473904652066224e-01
5.664262305031096956e-01
-3.697184027803082085e-01
-4.075236621432032358e-01
-2.051487645087160527e-02
-1.576696852343614508e-01
-5.665723241237743402e-01
1.997030920149825417e-01
-3.622655111324611932e-01
-3.624482929230361528e-01
-3.751840007591459303e-01
-3.884050099698492797e-01
-5.801750329199075740e-01
-5.522083854836229433e-02
-5.347562461800985378e-01
-1.622746982028716312e-01
-4.499111950721554343e-02
-1.638934367523638413e-01
-6.476432080903330446e-01
1.841200097827588866e-01
5.567872847426998950e-01
-9.548658266275469875e-02
5.395484866988934369e-01
-3.425621348215414086e-01
-1.044818039031676637e-01
1.311405271108532222e-01
-3.615013363650738110e-01
5.996470877656955301e-01
-2.204495652249926774e-01
-4.189967953156337188e-01
-8.093447661015981676e-02
4.450335769777662986e-01
-1.700053800163522921e-02
2.108373620761609668e-01
-6.573666403249744938e-01
-2.206248889734824248e-01
7.776440558236358269e-01
-3.371569978074157592e-01
-1.661788602117425517e-02
2.237540222656509148e-01
-1.459929178177620246e-01
-4.313441130962487602e-01
-6.081145874045659205e-01
2.835786213227579067e-01
-5.014061978733569402e-01
5.196084380282113280e-01
1.601475918637893514e-01
-4.477196666811872339e-01
3.573089927356917772e-02
-4.601099118824605316e-01
-8.942302472928403967e-02
-3.006286947512397112e-01
-3.796625809306230503e-01
-4.655301469453219099e-01
-4.112357236887850265e-01
-6.474617976541510167e-01
1.608405560567130466e-02
7.058353877263449094e-01
5.854026779679510906e-02
1.127739540397613982e-01
5.738204553885923875e-01
-1.579100922947776486e-01
-4.398982166900416990e-01
-3.193228637256149693e-01
-5.347840456911542861e-02
2.821205237048923786e-01
2.375654382113206176e-01
2.077000878268267237e-01
3.901965544166199895e-01
3.103465969122484736e-02
-3.849704091912027892e-01
1.769102911792340416e-01
-5.754552256001208566e-01
4.907912196193916499e-01
9.175105321388801749e-02
-6.448685355724785850e-01
6.353561803699578348e-02
-1.587453398406869776e-02
-6.207221992221929607e-01
-4.609100773235023651e-01
1.560845385486318015e-01
3.805143345378030895e-01
-3.655870129704885674e-01
3.006528468045255309e-01
5.638824568462341702e-01
5.392666695985776082e-01
-5.236176087977153504e-01
3.195480627349011060e-01
4.989275670221998693e-01
5.071166427514400832e-01
2.712969070792260462e-01
-4.078994639498152441e-01
-4.092982415304317056e-01
3.191424717178788506e-01
-9.087974161528100669e-02
-6.822592109849856534e-02
5.019029090978260887e-03
3.061249456669109525e-01
-1.547102005730463248e-01
5.737903128304733258e-01
-5.881066705696450514e-01
4.023697124400427150e-01
6.209324626749220810e-01
-3.117108300623402384e-01
-5.019256058227211659e-01
2.984638262113705753e-01
4.518377984499274413e-01
-5.236374985155688444e-01
-2.621398640897514287e-01
2.428544672412941141e-01
-3.791550527901622614e-01
1.300192282837459024e-01
-3.651798470906798544e-01
4.343498626961037057e-01
1.265060778782657047e-01
-2.230907015939148641e-01
3.828991708267825977e-01
-8.511097550009514290e-01
-3.108517947314507479e-01
2.828331941364286006e-01
-1.133970638517631524e-01
4.982723967188011915e-01
-5.511052577934844043e-01
-3.415366999962730632e-01
-1.442041560555517576e-01
-4.543315760177689677e-01
2.085229082319753069e-01
-1.937177874461456784e-01
1.865740794947879921e-01
-8.684822670809169698e-02
3.808235569556988609e-01
2.658489746613323934e-01
