4.192432355717478631e-01
2.768123984195662302e-01
-5.056783621697895637e-01
1.432345006890031469e-01
3.308850263831547567e-01
4.028676246241588710e-01
2.702770871851021273e-01
2.694414071052603776e-01
3.020343555977933470e-01
-1.182784561415830688e-01
1.831635426390728072e-01
2.332069545542049260e-01
1.405177996695842341e-02
3.425400461747477587e-01
4.977865636091621249e-01
-4.413307914055911857e-02
4.492355743603839713e-01
-4.141400728106883200e-01
1.765948959704759513e-01
-2.819915499407167347e-01
-6.646843497794310274e-01
-6.715723583193364821e-01
-4.158208642280152023e-02
-2.642806548363534347e-01
6.727265595299929402e-01
-3.064110179921537558e-01
-4.365871045183324917e-01
5.257294190355594754e-01
9.233662226014618946e-02
2.634920094811609159e-01
3.431526599974634162e-01
2.399571207592210431e-01
2.368490590495410109e-01
-2.294982331176840251e-01
-4.340961753319022565e-01
-2.772963908408243583e-01
-4.672575911817021255e-01
-2.195958071143092882e-01
3.393045333837629851e-02
-3.577501370666436031e-01
7.431759016234698034e-01
-2.786287771800142199e-01
5.206993107453312675e-01
2.195575970178587077e-01
-2.444096148737425617e-02
1.689387744459637242e-01
-7.081980258379114157e-02
1.688898094349605139e-01
2.941245749732535053e-02
1.694122848634945222e-01
5.097808163636123879e-01
3.879916841261700222e-01
-3.906746030298021699e-01
-2.901515190907125730e-01
1.119045913877532716e-01
-2.324170472105430707e-01
4.496548779229525561e-01
-7.032423216384772746e-02
-1.792809191563118909e-02
6.054767269182661504e-01
2.005859878074094937e-01
-2.891606879681739017e-01
3.845517012196805196e-01
-3.159197264483667444e-01
-5.073399731775083410e-01
2.865725686218726920e-01
-2.775586315630956813e-01
4.304006437555873421e-01
-3.215086856525725678e-01
6.219047885220103655e-01
-2.747202452900688874e-01
1.245896657511186140e-01
-3.626570144673579854e-02
-1.814605484351270448e-01
4.648967300166670369e-01
-1.458468785018294800e-01
3.580359343011683126e-01
1.073436187662454300e-01
-2.606287878666053714e-01
-2.791904610600431380e-01
2.325467900068559080e-01
-4.813942688096612410e-01
4.823150472957209445e-01
1.755325985387190812e-01
1.840052852181913723e-01
-1.585886030216130116e-01
5.727302837975921657e-01
3.768677081323531519e-01
-2.150281865511734503e-01
-8.260890165055206902e-02
9.845925428897516624e-03
-4.082497721211156838e-01
-2.857395569229943533e-01
-3.668193435952320502e-01
-3.108562031061002373e-01
-4.258620049068415070e-01
-3.595502856580008455e-01
-1.762269008101737255e-01
5.072829239388556566e-01
-6.204844172644721767e-02
-3.871637085117995425e-01
3.877364927502940928e-01
-3.190871486432886872e-01
-1.959344508089111425e-01
-5.512787093692435025e-01
2.421261878137223322e-01
-6.201144318713039949e-01
-9.524664791756348725e-02
3.672856927762775392e-01
-3.885036033258573718e-01
5.337365271326062477e-03
2.292691973215360557e-01
6.957791669429061465e-02
-1.690322767366158607e-01
1.617083599938457794e-01
3.281818259120310444e-01
-2.068303614308085181e-01
-2.114672377309823603e-01
3.287760754971951194e-01
-1.398549914247097237e-01
-1.274297159020968892e-02
-1.567170724551211203e-01
-4.508132481336054043e-01
5.394042118271443753e-01
3.830680938206674768e-01
-4.851120834839653395e-01
1.854403193947024575e-01
1.278855218997888288e-01
2.264107206635951330e-01
-5.231387972869572245e-01
9.276137348627738755e-02
2.741830759153154329e-01
2.067705115043548814e-01
-4.380666705946251183e-01
1.704450677136996328e-01
-7.679765736615400129e-02
6.582898182967450440e-01
1.777505140445180543e-02
-4.736757678089000834e-01
9.962544305613424411e-02
-6.541062706956248807e-01
1.145190028134878413e-01
6.323877907265509912e-02
8.071892872862704293e-02
-1.747919428831791189e-01
2.314437532607828696e-01
1.471835408387975330e-01
2.828242579087573150e-01
5.618485321441739622e-01
-1.085919581591649197e-01
-1.217865396308363546e-01
1.578388536884730575e-01
-3.629648498965527131e-02
5.959261076301156784e-03
9.812327201024798051e-02
-6.031626268042289407e-01
6.340849447967320529e-01
-5.274455374275697217e-01
1.901606224582399196e-01
-1.252155493139856801e-01
1.977126758235628057e-01
2.896316838972120000e-01
2.868048929675969250e-01
-3.583527067618284545e-01
-4.827927052299680333e-01
-2.551411162288583778e-01
3.254212482444449606e-01
-1.910462507096858942e-01
6.197684345137239870e-01
1.545823945029830004e-01
-5.567277084058958048e-02
4.808784453178250318e-01
1.897291625532518400e-01
1.240123028696042684e-01
-3.573786839867390541e-01
-6.670425632445491360e-01
-1.117143289940072531e-01
4.024462138094921926e-01
6.131582222167022422e-01
8.590941145628601394e-02
2.344775668922859380e-01
-1.417571660481055928e-01
4.303763023669075066e-02
7.198441812194150344e-03
2.593242984647481930e-01
-8.399839093275278390e-02
-2.689835610328195417e-02
1.855730437854484771e-01
7.639702727399287630e-02
-8.378925144967133698e-02
-6.598862412404822297e-01
-4.058494607180176406e-01
1.001029725682689789e-02
5.354921485413580706e-01
3.123666520100066846e-01
5.278562142590208506e-01
3.866429336712231546e-01
4.750066246841055939e-01
-4.843442728414701914e-01
1.362320732025593673e-01
2.531545906900897203e-01
-4.622572225827414893e-02
-4.108908139564056983e-01
3.636943079050021232e-01
6.015612772119369733e-01
-4.135699035962571157e-01
-6.488731863891441520e-01
1.114498263582316268e-02
-2.223247382621366397e-01
1.758662800031589313e-02
1.072734920593776814e-01
-3.104198748036033351e-01
2.931023606419767558e-01
-2.631230384552594725e-01
-3.308584765363193347e-01
-3.266225734483803045e-01
3.641957325150557007e-02
3.622933639311829435e-01
-1.817049024310984362e-01
-3.339774919376208295e-01
3.467012384372731848e-01
3.349235030080618958e-02
6.906121067015927317e-02
5.750098504080817241e-01
3.119530409359235201e-01
-4.560789617847526012e-01
3.424173518593076615e-01
6.115122105645082878e-02
-3.582080242717849278e-02
1.535816001350238102e-01
-3.298671668126285095e-01
1.627454665674060164e-01
-1.485042442468972879e-02
6.840545972648133244e-01
8.336437887970264971e-01
3.632827556854010403e-02
-1.976825510155664212e-01
5.560187068475648253e-01
-8.731589715433224486e-02
-7.794960653794313910e-02
-1.729361280027766345e-01
-3.408939451832715406e-02
1.112280623453305445e-01
-4.041390364729728901e-01
2.727331972414812067e-01
-4.475672573765922257e-02
-6.492457056566578455e-01
-3.040502852745058382e-02
3.929294057712946486e-01
4.166267227480759394e-01
-3.816772506564023448e-01
3.074681558597606168e-01
5.250997676532842551e-02
3.460915724070086630e-01
-3.689879089285631464e-01
-1.883664707156103568e-01
-5.012899710840456047e-01
6.005191031674504687e-02
3.125160348295067392e-01
-3.042402215591498427e-02
-4.543067685931151400e-01
1.034766507778679817e-01
-3.492528782130413512e-01
-8.348615201516813855e-02
9.899864543114025861e-02
