3.809250047320326682e-01
4.628529811209889933e-01
-4.945627465658185007e-01
2.155201730479629485e-01
6.562435697509783061e-01
3.548804509322888157e-01
2.228200413936748392e-01
3.211646299698726059e-01
3.147734940949298288e-01
-9.982195740999169620e-02
6.830919100048900294e-02
8.255815415872952423e-02
-4.157558944663942990e-02
4.045915189237568876e-01
4.901048692381895777e-01
8.301868931059495915e-02
4.993045813825983115e-01
-3.525902327636147859e-01
1.737532634800804110e-01
-2.375240550383051763e-01
-4.921641299002882386e-01
-6.629595561636343337e-01
-3.036198668284117996e-02
-2.655005908661690617e-01
6.055614466111168825e-01
-2.472100571796754798e-01
-4.581728077508687158e-01
4.496656058000140233e-01
8.110323665001836768e-02
2.241220766842885181e-01
3.112626739527519781e-01
2.731239302321929463e-01
2.176331706451010983e-01
-1.708802622296649587e-01
-4.227138289307464381e-01
-2.376997904297939446e-01
-3.871484985091300235e-01
-2.047302970398202637e-01
4.762576643871835325e-03
-3.419245797884390425e-01
5.378854311095440099e-01
-5.749077115827677664e-02
5.802633792572838844e-01
2.303531557756436643e-01
1.057818904691952278e-01
9.785827165320938603e-02
-3.400105938536147898e-02
1.175084505068390850e-01
-1.926523013017768238e-02
8.952760702913872826e-02
5.402001163087413182e-01
5.069642050852789517e-01
-2.655471082685566531e-01
-2.610661037441588395e-01
-1.169477159281587242e-02
-2.229095249273696511e-01
2.222664273507921062e-01
-8.824067795939556647e-02
1.230027701424237507e-01
6.767460737540782478e-01
-1.505960799108424508e-02
-3.060868747981877469e-01
4.890910132439801328e-01
-2.087389333277157588e-01
-4.976637953017715721e-01
3.307945180647913208e-01
-2.843528400806377698e-01
2.790973234417795656e-01
-3.304545172694158817e-01
5.521250320125770106e-01
-2.828586511846954421e-01
9.117060294673261234e-02
-4.932758560594101976e-02
-1.678903739858953470e-01
4.848739485187012477e-01
-1.660548835310813320e-01
3.039554487552753592e-01
3.847694742187732220e-02
-1.683122600385327239e-01
-1.333062651576021884e-01
2.130452596774701779e-01
-4.848691037444266549e-01
4.808248913511387612e-01
1.250632674624178875e-01
2.009519700927835384e-01
-2.411796737642966926e-01
3.595698971977990821e-01
3.647386806621503164e-01
-3.164054139023558809e-01
-1.865798242759439396e-01
2.514046571228421151e-03
-4.492607537762026149e-01
-2.981726909166915185e-01
-3.908501064940700376e-01
-2.432932132640649447e-01
-4.852049918538043904e-01
-5.145541014906089838e-01
-3.608339883195843534e-01
4.891157606976364036e-01
-1.488690944802502636e-01
-3.043438967486362667e-01
4.193867322130055419e-01
-3.527360703315341461e-01
-1.721431779266071604e-01
-5.335521455209994990e-01
3.450362476668518696e-01
-5.443876378811369765e-01
-3.354668980949008783e-01
3.709841373024159727e-01
-4.479479484576024406e-01
1.734586274188489735e-02
2.667834773760603961e-01
-3.535375028710056877e-02
-2.091982943883506363e-01
8.612333675482847228e-02
3.482052035744467311e-01
-2.531221612381218677e-01
-1.570468187805081905e-01
5.787595592749721074e-02
-1.281982074106264025e-01
-3.472802880168912587e-01
-7.772445520345572234e-02
-8.741901233292731499e-02
5.674240223507813763e-01
3.778944875066568843e-01
-3.619054992827412387e-01
-2.939438466912429326e-02
1.384354142501807439e-01
2.177740301720686167e-01
-4.905442751112549793e-01
6.632856867633053766e-02
2.751034611496408488e-01
1.588564999242483289e-01
-3.406871382100253864e-01
1.649339776024728588e-01
-8.932745186759777356e-02
6.305562511126088232e-01
-6.085769182725941570e-03
-4.372825552832384499e-01
1.544876636882385607e-02
-5.641521477667188478e-01
2.314246574739772522e-01
1.098137253173979144e-01
-2.314771302888438131e-02
-2.246440198033892166e-01
3.632528504806375458e-01
2.280125473977551720e-01
-6.143364322763306129e-02
5.280929082522863860e-01
3.374421950066631981e-02
-1.015523444476935377e-01
2.474304560440546141e-02
-5.611971678285323367e-02
2.173949692800874467e-01
8.769971587518753109e-02
-6.027758468389716739e-01
7.583644491858940739e-01
-6.137243813425323768e-01
1.648898526797524244e-01
-1.080005724452840765e-01
1.052132834295171349e-01
2.999763979568212946e-01
2.588404235683835486e-01
-4.190774326125383809e-01
-3.829834813684377393e-01
-2.217013841348427494e-01
3.226939342060225480e-01
-9.645913717359586026e-02
6.802691322489521353e-01
1.868403435560417603e-01
-2.294172124413552394e-01
5.153787632950316278e-01
1.431751159041575738e-01
-1.335353035104423769e-03
-1.529429991113416820e-01
-5.511821885215446581e-01
-8.755442108621622199e-02
3.783592248741869390e-01
5.489125604506729372e-01
2.039483748287337916e-01
2.701182258328692631e-01
-1.407515658353411248e-01
3.466509401584177974e-02
-3.392760046484434577e-02
2.337258159198848662e-01
1.571935476861320569e-01
-1.658385841720510720e-02
1.412610950139954191e-01
6.532822411442704147e-02
1.435697395652568362e-02
-5.883193228641474537e-01
-2.836607850798031349e-01
-5.777626594289182738e-02
5.255484304184849798e-01
2.984061975728590221e-01
4.805337721315692812e-01
2.008505397516836821e-01
4.525814419232294661e-01
-5.037289905898099107e-01
1.531669036561588426e-01
3.126788853942529811e-01
-3.296544877952031771e-01
-4.110860475474067410e-01
3.050294325111067573e-01
6.153662758093132457e-01
-3.637580301827286755e-01
-6.139460222260053612e-01
-1.030573305206770873e-02
-2.272476762001983674e-01
2.932795154052714182e-02
6.469712429701054979e-02
-2.755971639650008909e-01
2.638367772572521863e-01
-4.560916892524656818e-01
-2.263364491097359654e-01
-2.467871113640628944e-01
-1.312526573904696237e-01
5.026864618748585478e-01
-1.108861211791586088e-01
-2.811513424676520545e-01
3.010056584381075595e-01
2.201716150149276435e-02
1.087311066197751974e-01
5.579254769780973566e-01
2.033724507559966643e-01
-3.796688406481220079e-01
3.034364952382545555e-01
9.096857873876059916e-04
-3.694664241613248579e-01
1.506054550797679692e-01
-2.361189347393108096e-01
1.465944615675289775e-01
-1.850245814736272698e-01
6.173938196355317487e-01
6.298932059703246100e-01
1.503333663627195171e-01
-2.409877807777562886e-01
5.681379232955112712e-01
-4.632005231822114433e-02
-1.156585263908737476e-01
-1.114081770894293222e-01
1.538293988300389742e-02
1.139961299987797688e-01
-3.842825918997512247e-01
-7.161946175040623253e-03
-6.832949773410638972e-02
-6.123972780281333739e-01
-2.154077076678560451e-02
5.501311229852734463e-01
3.396546983739612835e-01
-4.510583728299774608e-01
2.324328883746510921e-01
3.040981005927926098e-02
4.032285142082396301e-01
-3.516508995113508673e-01
-2.636036025988433007e-01
-4.538759385545619862e-01
1.732580360822960630e-01
2.121063598411634665e-01
-7.562219051960687721e-03
-4.022822439451938514e-01
7.469966094727395478e-02
-3.730154819056671345e-01
-6.758677353485334494e-02
1.105745649856774843e-01
