4.112050809728523548e-02
-2.451815778974189564e-01
2.176228413705456610e-01
-4.419987325812781975e-01
1.411558355809345300e-01
5.508355184534250437e-01
2.051551049145886318e-01
-8.458936993761040357e-02
1.103417658369670873e-02
-1.027021351498574597e-01
-3.214586626055234708e-01
-4.699628267547165117e-01
-2.182664103643348064e-01
-1.748186183490156309e-01
-1.940558740735442711e-01
3.499607933840513385e-01
-1.149749735436726428e-01
3.080158619374461226e-01
-1.552450446790580307e-01
1.864209312525184070e-01
1.082805420198282298e-02
1.290616961720996159e-01
1.172428701609788959e-01
4.381922407466285474e-01
-6.039067795751318357e-02
2.338898074836073260e-01
-2.067939916766290409e-01
4.625161959146525947e-01
-4.619817717432408988e-01
-1.898885000249582178e-01
-2.741822973730445034e-01
-3.632887619614951769e-01
2.446680018162880610e-01
3.323895579867564565e-01
3.249600498575084817e-01
-1.947741015102626982e-01
1.499105105402732674e-01
-5.023931263491465682e-01
1.476370537491204504e-01
4.284161175553236056e-02
6.781385588053689961e-03
-3.595306367327127939e-02
-4.230613534797066921e-01
3.318924843589349249e-02
-7.763092481314276538e-02
6.477150494873873399e-02
-2.279939912005765623e-01
7.182046677152476022e-02
-2.851434802380296563e-01
2.072387954778516783e-01
4.379571601387999835e-01
-2.127151223624374476e-01
-1.236795022131212951e-01
1.711379185995318131e-01
2.724355758917134107e-01
-3.080712719916244846e-01
1.448870239747372113e-01
2.771758200709011355e-01
-6.752904318493968550e-01
-3.641018218549841867e-01
3.133539073092844740e-01
-1.428376479888232575e-02
2.630145780727533023e-02
-2.852663602360999695e-02
-3.442410163425360659e-01
9.789390189865954106e-02
1.303042707909818354e-01
-2.842898825046870082e-01
-4.242263533892716154e-01
9.518487335737074728e-02
-4.098213387884191428e-01
3.707615278353293409e-02
1.349316490273159697e-01
5.590102363466294966e-01
-2.212836123758033513e-01
-1.050859342871378610e-01
2.731404923367246607e-01
1.480052150312179959e-01
2.704146319880395000e-01
-1.212123297196237015e-01
-3.942710223465524244e-01
-5.863938528585765919e-01
4.106673019758924625e-01
-8.142859884039641005e-02
-6.086415224406240831e-01
5.333625240515069699e-01
1.652985835314401686e-01
2.860215129175666116e-01
-2.859785256935818976e-01
2.125021253565007595e-01
3.763254094208101086e-01
-1.254685002869182497e-03
2.270430648574242594e-01
1.121223752800126761e-02
-1.511839350433480389e-02
2.609558748393405736e-01
5.493765799863994381e-01
-3.779942683933369407e-01
-2.088116793718952646e-03
4.183152088120398737e-01
1.825634571753246282e-01
2.774680411480451303e-02
-3.272181444018278373e-01
-2.310270265973931036e-01
4.170748965319078239e-01
3.541592043784519972e-01
2.879021377393188863e-01
-3.379803539487178932e-01
-5.843610749779597491e-01
-1.487996293853307561e-01
1.437358962667031892e-01
2.888454624582671437e-01
9.074410993886433685e-02
-3.120023190457955065e-01
2.602089764999843124e-02
2.600099887443594326e-01
7.545376740749776268e-02
-5.591805466358401588e-02
2.051103092038431552e-01
-2.309225888729266041e-01
9.514558384841798055e-02
-4.689555839168986773e-01
-1.602255841924388191e-02
2.308319080094506370e-02
2.183741027215500008e-01
-4.309920062061468049e-01
2.187398875581103574e-01
3.761924176782744933e-01
-1.024361679069493158e-01
-2.668363274022184095e-02
-5.416586238906968553e-01
-2.498908241550278353e-01
1.012119475833489490e-01
2.304797693293174077e-01
2.130782403027214333e-01
1.299068864974672333e-01
7.448262838265395924e-02
-1.861726124626083001e-01
6.210359146820695342e-01
2.303290835535542480e-01
3.892845474574984088e-01
-1.425825068330280887e-01
3.014094341249402564e-01
4.710452573405445875e-01
4.126379446789646410e-02
1.537593324484654023e-02
1.020879390699740985e-01
3.718184766965576538e-01
-5.289474349242850870e-02
-1.271520489180668900e-01
-6.746768664911079183e-02
-3.344294698291724321e-01
4.778698945069269066e-01
-4.494170030213412437e-02
-3.473007519517949393e-01
3.933314517594903026e-01
2.993680296736038748e-01
3.538419951757262871e-01
7.812443823387327235e-02
1.907182240716401855e-01
-3.691531136702720373e-01
1.085928592560827521e-01
1.836942056736450557e-01
-7.740210688167908915e-02
-1.486328725682137253e-01
-3.821810388173274564e-02
3.018497512630869961e-01
-4.933704386839438127e-01
-2.772281739735448780e-01
7.927869729551392242e-01
-1.415684825884566678e-02
-9.253299866654057793e-02
2.073113965832273919e-01
-2.624169788765023936e-02
6.663340731093528313e-02
-5.689967187690945227e-01
-2.795208173020540254e-01
7.310731694313377105e-02
-6.826343551542088384e-02
-1.315055391639645688e-01
7.098409092980793034e-01
-1.204876398671511084e-01
-7.251938343486697969e-01
5.829458607692115102e-01
5.903117620652692521e-02
4.060091501596789776e-01
-1.786556025251359592e-01
6.313815129563946082e-02
-1.089180676903620248e-01
4.163056337516674588e-01
2.324959835550532983e-01
2.309157908047516639e-01
6.489841235387139307e-02
4.351075473027576912e-01
8.055612855879112910e-02
3.853116112110047120e-02
3.573856788260558193e-01
1.294195113970852407e-01
-7.628450183445006916e-02
-5.029348510600798461e-01
-2.274893421062497700e-01
7.887115205114869632e-02
-1.310790518729395560e-01
-2.395847567424121971e-01
1.442851377080658914e-01
4.265923760198131465e-01
-1.373217395820560682e-01
3.676719058226914916e-01
-4.429976344501223573e-01
3.182140560698941689e-01
1.033720467431712420e-01
-4.420426924660963430e-01
3.673416621827452211e-01
3.709109692236380873e-01
-2.435364850734467179e-01
2.651693862886366215e-01
1.512445004747100530e-01
-1.020919552408759978e-01
3.057558857069703206e-01
2.134330619173394061e-01
1.004113653875460116e-01
-1.233951348797415748e-01
-1.150658220201210558e-01
4.125353545832472490e-01
3.991734556047139004e-01
-6.063389565660295411e-01
-1.465003553162193550e-01
1.137267857190868980e-01
1.552007868365555265e-01
2.547263115578609072e-01
-3.356792209535088278e-01
2.245764918898499607e-01
7.476063106712527162e-02
4.898799464361315859e-01
-9.709579621149683204e-02
-1.456928805485323553e-01
-2.651032830009085739e-01
-5.847709415483941520e-01
2.803273709311689399e-01
-3.695994939458002726e-01
-2.273111130432679539e-01
-5.256660826914401063e-01
2.834643489560044749e-01
5.835353866922947663e-01
5.734820587274852555e-02
-2.055233464755483186e-01
-2.468962440555477755e-01
1.962364955255117005e-01
-2.356163543231942215e-01
4.971473042861176417e-01
-1.995145804174081050e-02
5.856307101495622502e-02
-1.936805443712217856e-01
-2.468109215877009599e-01
-9.710773383526355440e-02
-3.029789881605908231e-01
-2.268335327187095962e-01
-5.528089979521038089e-01
-1.509298729264878236e-01
3.296648297330354582e-01
-3.453775307026102359e-02
6.155902247204143585e-01
-1.625975397357442565e-01
-7.088852317996235941e-02
-3.000749882021135351e-01
