5.030178696238079006e-01
-6.101815642641132964e-01
-6.672131484816278268e-01
6.048571961237413364e-01
4.850318735414248517e-01
-1.020072267240267561e+00
5.280679891359565947e-02
-7.709084765378043658e-03
8.494437291917693589e-01
-9.135694344406902756e-01
6.431381503305438896e-01
5.222294582510482730e-01
-1.019504708828360862e+00
-2.602939873725685915e-01
-3.894777384786024532e-01
-3.517506857451446201e-01
2.357450529218680368e-01
-5.308275678045568657e-01
5.017931380883215997e-01
4.785137404517408877e-01
3.430310222427107036e-01
7.099869233628686160e-01
-3.480709079359723956e-01
-1.174839685830067593e+00
-4.438308435366712934e-01
2.934456150387540485e-01
1.277724678048447249e+00
4.276539497327659922e-01
-1.294820101890123420e-01
4.458481382633073808e-01
4.909784863884199546e-01
1.176615115244280085e+00
-5.750799838222753202e-02
2.305922427066816882e-01
4.224459467416630254e-01
2.989422501718378977e-01
-4.808510262559338999e-01
2.794642200047992020e-04
6.579633821909716129e-01
8.813720498192743058e-01
1.121619844947979949e+00
-5.821436234067370874e-01
1.063796493743367932e+00
5.902197814611844784e-01
1.813068923879940231e-01
1.652954689651274789e-01
-1.537425887868701380e-01
4.865722935013561123e-01
-1.285547512078559107e+00
4.248368307363725727e-01
-8.557862897458390350e-02
-5.163953250146091634e-01
-4.934112367569484792e-01
-1.717779140447263986e+00
-5.481417887845485559e-01
-2.566814347103444360e-01
-1.613624284328277758e-01
-3.866913093747563757e-01
9.574855989774448961e-01
1.056852476218434811e+00
-3.765748334162699607e-01
-2.691415464718538431e-01
-3.013591826639652749e-01
1.259429290404900037e+00
1.125643889751903659e+00
-1.063190006162397783e+00
-2.229560146841416401e-01
-3.818366161890787702e-02
-3.968420231064350157e-01
-8.221339905369695611e-02
7.000922081230913641e-01
6.201738452145916236e-01
-4.832117201431679332e-01
-6.878674186000685031e-01
2.935809056296976860e-01
9.309675842349035557e-01
1.915295235904244553e+00
6.263089075965062591e-01
-3.216300168963329709e-01
-4.722162583597788732e-02
-2.547520848177164954e-02
6.439275071974659426e-01
-2.734309024358777540e-01
1.504134892559471526e+00
-4.245906946958921679e-01
6.186480193776154879e-01
-8.810846280174953193e-01
6.435213386303012539e-01
2.595750991424342624e-01
2.544537150193389441e-01
-7.403349982852375222e-01
-1.098442346632610422e-01
-3.045991886203370802e-01
-7.289512575571477360e-03
1.264315136349767776e+00
8.387024394006430406e-01
1.323693767502374330e+00
1.062562955473970838e+00
-9.028628317336043763e-01
-2.961532469272045720e-01
8.790229859828968539e-01
-7.103717329427913230e-01
-1.045139254770897752e+00
-1.799530158045459238e-02
-8.085258995291453310e-01
5.356684701852874042e-01
-7.250312017268002451e-01
-2.374915591855352726e-01
4.411047343134930632e-01
-2.651507878712970889e-01
-1.016889203595262803e+00
-8.541573469330461243e-01
-3.204275005180136082e-01
-1.744554949374246822e-02
-6.109793746177764051e-01
-1.162825756071204530e+00
4.147002542935298575e-01
1.292619505216147380e-01
-8.015978118271041009e-01
1.167901898870947086e+00
5.802388016357704070e-02
-8.423912027725206642e-01
3.349738403423793698e-01
-8.904927278033669680e-01
-7.200136570851357887e-02
-4.545507874290288797e-01
1.058010585788137448e+00
2.486253029097070522e-01
3.522016994946930435e-01
-5.443440698178503290e-02
7.704349390004175402e-02
-1.915267454470348518e-01
2.456684759641070692e-01
4.407160392449704922e-03
6.110488598600722909e-01
1.066687617146845790e+00
-8.081860470594461887e-01
-6.181330042190434915e-01
5.443317729543457606e-01
1.048602954300675849e-01
-6.822321852887536231e-01
-8.018451915890354442e-01
-5.067849015319414452e-02
8.937220565256567273e-01
5.833983660260968485e-01
6.701946501262521227e-01
-4.977548849273965570e-01
-1.171339228655571940e+00
-2.304103440290971583e-01
-2.870837206086618298e-01
1.096367012031606691e+00
1.025464883539168204e+00
2.098129641481853991e-01
-5.123817098358052213e-02
-7.553712543910051647e-01
4.233392471620850972e-01
-3.968950905593110479e-02
-9.397675505623555026e-01
6.049000322940873975e-01
2.756788181072668542e-01
7.775301713233335743e-01
1.159839398450311698e+00
4.159385910892476335e-01
7.659581703329582103e-02
-5.467739225308183570e-01
-7.882060445878749100e-01
2.613104781932256149e-01
-8.747994924407467288e-01
2.941830743561809069e-01
-1.517469972010763613e+00
-8.488222682301866939e-01
-6.531715430788009868e-01
2.911876426685087171e-01
-7.749896027946278076e-01
-3.454964650614195110e-02
-9.999764992929320861e-01
1.648219600364758675e-01
3.133073774839582604e-01
-9.844457179879494424e-01
2.301848940414751854e-01
-1.353481437655250419e+00
8.820053865500101509e-01
8.982431833750861294e-01
6.875636600827366163e-01
3.825545679317199355e-03
-5.442178757412716728e-01
8.678809923672502480e-01
-2.389665019126428480e-01
-1.313095393457542226e+00
-1.306828862584952899e+00
-6.543067462470435192e-02
1.711589280424560044e+00
6.399144246634614897e-01
6.296726746575983524e-01
-5.908152978427785307e-01
-1.849059095708943667e-01
8.902217347431182759e-01
2.013685870967530933e-01
-1.276804626777521268e+00
-4.189144056374646818e-01
-1.082500304265223701e+00
2.390514559087009161e-03
9.337042574906235792e-01
-2.058864058800820573e-01
-1.920311762220619500e-01
1.097752176979417182e+00
7.109019115684118706e-01
-6.536452181358898272e-02
9.733791231777221276e-01
-7.454605441105794927e-01
-7.823239509150107240e-01
-6.863368835480229135e-01
3.837422621832715097e-01
1.069639150161152408e+00
-1.493632113240782600e-01
-4.824934767820444059e-01
-7.618271317929905528e-01
1.825917217336024523e+00
-5.968773652325825019e-01
-3.491709144046212243e-02
9.219626162006258063e-01
-5.298165802146572734e-01
-5.964253741266323239e-02
-6.595187838275563541e-01
2.724943041365893714e-01
-8.521332584542730126e-01
-1.674450108132176651e-01
4.138751031940815506e-02
7.828892345236928563e-01
1.008449117612612245e+00
-2.000672316767087011e-01
-1.378793451237825263e-02
9.400539451419720471e-01
1.085672936617903428e+00
7.010101616766573063e-01
-1.052377143419439331e+00
-2.007469129655425899e-01
3.887070250865261034e-01
1.549958072459802771e+00
5.436385930731979510e-01
-2.285204540849853361e-01
-4.794614868268339269e-01
4.341945714875755646e-01
1.006687941113892260e+00
-4.381416106057293147e-01
-1.425468540902409709e+00
-6.155129788482830433e-01
1.402481879281569865e+00
3.719977544385268953e-01
-8.261049727284706101e-01
-6.829309987833857010e-01
-1.973233214510473621e-01
1.188780766613715123e+00
3.852514668504922191e-01
-2.330084934946655140e-02
-9.837465686420043820e-01
4.785288662918162905e-01
-1.019918389524720581e+00
6.221724012534343151e-01
-4.702077496702400383e-01
-3.891035802652735298e-01
7.552832032087117287e-02
9.143278200824885849e-01
1.691439536235933572e-03
-1.219635492405091837e+00
