-9.594961251002003255e-01
7.405328805806282721e-02
6.922137200570473992e-01
-1.118777269666829666e-01
-1.540304072926861112e+00
2.287201801962578940e-01
9.750416473972328690e-01
-2.111140441630066089e-02
-3.856635598187675429e-01
-5.548017345752001006e-01
-1.920559475579221020e-01
-4.775756956139316500e-01
-3.194769721900969639e-01
3.383644476763392195e-02
-9.747424899568071233e-01
-6.363326694412239082e-01
7.653402285389803161e-01
-7.554562045868513653e-01
9.540966761423927966e-01
-9.754844595267700980e-01
-4.390435088797603469e-01
1.888067602802627754e-01
-1.151131034177899526e+00
-9.688082449984629640e-01
8.102954023149087082e-01
5.738834183083381113e-01
-2.406083502724376544e-02
-2.310103400321317224e-01
-5.398453990045792850e-01
-8.296375640163089482e-01
-3.578540959382148223e-02
-3.692857879529458653e-01
1.399387749735961251e+00
1.761810572522604090e+00
7.138161097268300725e-01
8.899265548794230707e-01
-7.008644645909445359e-04
3.852500315470435144e-01
8.850525084574210055e-01
4.682681231792484855e-01
-9.956524264154131831e-01
4.653683192354559073e-01
7.554861386501718901e-01
-5.192439404744204623e-01
1.164019105342270155e+00
-4.140236172888629440e-01
-9.455739724843101879e-01
-1.609409891504567369e-01
-3.919835891718908005e-01
-8.637944900785587965e-01
5.785132619629156370e-01
-2.705494829249527333e-02
-9.648559655286454984e-01
5.508493771590644572e-01
-8.380316919482615479e-01
6.898058482870909058e-01
1.403914870823826933e-01
8.147039194758816105e-01
3.956261295055067961e-01
9.103904713057666687e-01
5.109977206036637742e-01
-3.088842223186218927e-01
6.390304378009799002e-01
-2.023158187853128231e-01
-8.213318438480443628e-01
-6.688253996816608815e-01
1.098112722968546340e+00
5.754783087597270530e-02
-1.039141643938602755e+00
4.704435269784070783e-01
2.125988854853876342e-01
1.006254910085491616e+00
6.665071091619567678e-01
7.054327418537982286e-01
-6.811207034537700711e-01
1.489991686212154276e+00
3.102808941945994214e-01
-1.409845109999432466e+00
-5.101272266696541546e-01
9.568521713232870374e-01
8.006229459263717319e-01
-7.373760840654759452e-01
-3.349662208326251722e-01
-6.667197825989807924e-01
-2.395108145134778876e-01
-1.514758210591519161e-01
1.152151600250628793e-01
4.659217022763279537e-01
1.006261798443580435e+00
-5.454575606431537604e-01
-2.935590320005454501e-03
8.036853316622486476e-01
2.768739444467960276e-02
-8.897453282916383266e-01
6.992607859883703814e-02
4.925400869613680843e-01
8.456869138440897826e-02
-1.394560402396582965e-02
-2.589871859423094613e-01
1.229040104015424184e-01
-7.204973294120113891e-01
3.477544572095326858e-01
-4.737830010592245511e-01
-2.319295686828353187e-01
3.566753725374268713e-01
-6.913016126455053811e-01
1.054304372110460353e+00
3.577381562089898548e-01
-1.553683373924927835e-01
-3.752331096036904401e-01
-7.068098885800420117e-01
-5.548107945824323206e-01
3.040627600089472193e-01
-3.789380275890725791e-01
2.143189770831188667e-02
5.634790665662373632e-01
3.646066577966906586e-01
2.851309534603717055e-01
-1.246594926763917033e-01
-4.806748314310642645e-01
9.928056648486287550e-01
7.158867003466899970e-01
-7.452556740616956832e-01
-8.301043602952087319e-01
-1.177836865330560423e+00
1.019817696048153755e+00
8.734590226306735428e-01
2.507413520429420117e-01
-3.767254126951223303e-01
-5.662993585856329615e-02
-2.786468853907930754e-01
4.207824508789474449e-01
-9.424362937459090928e-02
1.441002289722923546e-01
9.954364035295724111e-01
-5.433851385439000259e-01
-1.121792701453716123e+00
7.770569841728600657e-01
-6.926145973360497976e-02
1.095034641242562667e-01
5.314919464685257111e-01
6.592034879756891730e-02
1.024801314643169370e+00
-8.860633317140912402e-01
1.478279136792039816e+00
-9.813024658211568774e-01
-6.022880861157420274e-01
3.566223907199768117e-01
-9.051610994521008813e-02
3.639546985213699681e-01
-1.924071331735621726e-01
4.582947791227314771e-01
2.313784390502724442e-01
-6.627631186817239950e-01
2.298990280412822607e-01
-6.168639195838498956e-01
1.258882013845753045e+00
-3.388037925594153954e-01
-5.205018277485498057e-01
6.543086844939244306e-01
-2.521642317434746872e-01
-5.981265123719264887e-01
-4.280849881919035482e-02
3.299254115951872901e-01
8.841573300080536324e-01
-8.056809715030912589e-01
-7.493494115953873713e-01
-4.160349900366366871e-01
-5.666870128974894616e-01
-2.238601502067150140e-01
-5.004951782233199031e-01
-2.071544946590042624e-01
-5.598448107187280476e-01
-3.044291779898925521e-01
9.604989054233512569e-01
1.150276110437183696e+00
-3.936576516748702126e-02
8.956420699625424753e-01
4.419088354241105243e-01
-8.139222243283941172e-01
7.755040777330364232e-01
-3.386399159168749229e-01
7.897051772690444338e-02
-2.699946888662065336e-01
8.598077146051941178e-01
1.289431096564281898e-01
9.214775223749548383e-01
7.163991290345845808e-01
-4.938151924571564932e-01
8.911259010572637473e-01
-4.078575100466759196e-01
9.265331495959259200e-01
6.245274059681906742e-01
-3.341176312661127690e-01
-2.825110328579159003e-01
-9.619854837127745917e-01
-2.412064285228047722e-01
4.644950873643737266e-01
4.413959259089627607e-01
2.497518283692581331e-01
-4.943780067121589239e-01
6.238366044532952515e-01
7.006976909104306595e-01
-2.998725796174541713e-01
-2.184559546078991277e-01
2.439764390282563866e-01
-2.982094963140876076e-01
5.662594193532644038e-02
9.612983294026373748e-01
-4.986648393165538096e-01
-6.597400853091280881e-01
-2.512243155109016302e-01
1.358465626246345148e-01
4.943543596539834439e-01
9.401591556594075527e-01
-9.400440893480308535e-01
-8.307646038601590455e-02
1.816346756110489569e-01
2.231262432541535334e-01
5.283341116448172503e-01
-1.086362008876893270e+00
-7.837457125677140812e-01
3.217137490768904318e-01
4.606915329932025349e-01
-4.761991933192479820e-01
9.756910431314138599e-01
-1.149844442419360568e+00
-5.092723907871639089e-01
-1.074327497213055427e+00
-6.068259951632473115e-01
-8.316370043231834375e-01
-1.153501150965115851e+00
7.500792190307770113e-01
-1.622685901451614843e-01
2.800281964367337117e-01
-1.302171236046402836e+00
6.177367947552042660e-01
5.994640015305079395e-01
1.679444615836991339e-01
2.910576305885879123e-01
1.260224731514963281e+00
-1.173567566171657139e-01
5.675220715877065114e-01
1.201929319005067498e+00
4.425691465023744442e-01
-8.442936834881211716e-01
8.820017389075884839e-02
-2.647537416708461988e-01
2.750900967512273088e-01
-9.183464293591427907e-01
-1.338942106905008922e-01
2.754323950837604951e-01
1.516842561039836723e-01
-8.641887117642077509e-03
3.224374993218100394e-01
7.600174997358888351e-01
-9.089160984058587411e-01
9.108376195599140468e-01
-1.354737111894529500e-01
8.477389236823420493e-01
5.994664119202991470e-01
9.125666821623061864e-01
6.616839740968738504e-02
-7.821507361674238101e-01
-9.396238047877993882e-01
