-7.608421704540362374e-01
-8.091363868144771931e-01
6.144260747660712507e-01
8.022233760323198570e-01
8.344528898275003215e-01
-5.487367534018933179e-02
6.395271108714664088e-01
5.918967968343342712e-01
-2.306128163773306650e-01
2.507534649904292756e-01
-3.574537075376492123e-01
-4.735158937389605249e-01
8.861327516350587796e-01
-1.087498302146772122e+00
2.349048443304073697e-01
-5.269678219978113365e-01
-6.251784316831647814e-01
4.004375658642039815e-01
4.806383906558089336e-01
2.398962605075756760e-01
-1.365237395383556152e-01
8.148749177501337648e-01
1.050078473527571998e-01
3.355519579063164226e-01
-4.302181112886567238e-01
-9.875760339145602806e-01
9.603605301625817159e-02
-8.654997565194366693e-01
-5.074904793616421550e-01
-2.251292506026210116e-01
-1.038077204292501721e+00
-9.034546415683575304e-02
-6.732780707839391976e-01
-1.168822430241515553e+00
1.292495176201237661e-01
-8.339078052103754413e-01
8.094306174839656087e-01
3.210152706263487143e-01
1.304592098274106826e+00
6.503642822248023592e-01
3.399788678525588193e-01
6.297270704987117940e-01
-3.537764207331450805e-01
3.961021144488197088e-01
-7.165626150781332360e-01
1.160751837876167203e-01
8.234734024863733515e-01
7.810397306962524322e-01
-2.301174476231533372e-01
7.659973702977256327e-01
-3.089318765147166523e-01
-1.107219052079964960e+00
3.868317830244230038e-01
8.622448319407917117e-01
4.066502447842756940e-01
7.004683871992362088e-02
-6.723871057052297484e-01
3.653697938489363084e-01
9.468679308493206381e-01
6.375260141111867007e-01
-7.047668068259083096e-01
-2.871573239308559122e-01
5.321183929991928352e-01
1.223692370625415249e+00
7.830977028732943879e-02
-3.377995058446854326e-01
-5.707905854779040666e-01
2.596711438921956994e-01
-7.850903444485383131e-01
1.159957633657687781e-02
1.423916975090698811e-01
-1.320234901527598703e+00
9.844287004812919406e-01
2.055504772256744328e-01
3.721506695267620124e-01
4.436470678156694269e-01
6.312795059440790002e-02
7.265561127367308192e-01
7.857013200061224723e-02
-3.917942922887256985e-01
-7.808996379748940342e-01
7.790718218622243452e-01
-8.541294607920324466e-01
-9.758622807469596871e-02
-1.278852339707681196e-02
5.817647459079269279e-01
3.560771742463295642e-01
-5.072317245564761379e-01
-6.490394758933815123e-01
-2.786899722162658466e-01
2.227916249777432411e-01
-5.050910986435622752e-01
5.400032544684032487e-01
-7.072533045399349572e-01
4.257149557190567091e-01
-8.758201120029307507e-01
-2.245173192755565150e-01
3.591839761116446539e-01
5.958095435292076747e-03
-9.279485302391563550e-01
9.660183101564208119e-01
-5.858763527214965183e-01
7.917398528067747243e-01
-5.432613611204593074e-01
-2.305885085244843702e-01
6.644942598463754457e-02
4.063060859453169194e-01
4.782122208339023572e-01
-2.876306342916024050e-03
-3.329519254441652976e-01
9.726738124596989721e-01
3.258675435538621601e-01
4.322262577647497661e-01
2.030830789001814018e-01
2.136203619358750805e-02
6.877200281468669463e-01
1.518348064087806648e+00
-8.422997987050266921e-01
2.424201486238342085e-01
1.775461392593389309e-01
6.224509897322554330e-01
1.087245612664360372e-01
5.431660688981275742e-01
-7.937232112513425974e-02
7.202344257561190677e-01
-3.789568140452093115e-02
-2.967074094558572184e-01
6.204496587898009619e-01
1.059563386982988131e+00
4.838968632506576162e-01
7.792856010712363446e-01
1.104733815705575495e+00
7.134071371382957327e-01
1.328918629988685485e+00
-3.595962041729468539e-01
1.449900363329768016e-01
-4.969404305132828492e-01
8.711415062982748037e-01
-7.214338714484158643e-02
-3.612264450815994010e-01
1.336995921753446059e-01
-2.610344372081274678e-02
-2.971746986588386097e-01
-1.086676917492539918e+00
-4.189668509594710044e-01
1.732671196112924861e-01
1.380753018040641988e+00
-1.001348185114629530e+00
4.427276977077143627e-01
-1.688464555573925274e-01
5.763918860839121194e-01
3.808889501074372852e-01
-1.180919751763565007e-01
-5.929736022417102514e-01
-5.754673700559431726e-01
1.244844139764219815e+00
-7.696965595060480947e-01
-8.051519613500297545e-01
-1.091865019551180316e-02
-3.829656012907487472e-01
8.974788925308889720e-01
5.657489131421578055e-02
-1.413345487102718234e+00
8.648842417893067847e-01
-1.749746572653268495e-01
3.317040753162960875e-01
-5.995853609040513454e-01
-6.572386591635714925e-01
-2.564901841457326026e-01
3.155782560613977772e-01
5.089246864966689987e-01
7.939251464038339368e-01
9.332546085523807378e-02
-6.414819167184848681e-01
-8.578260065761913467e-01
1.634554138317501071e-01
5.519147026731465733e-01
-2.106405117425937945e-01
-4.163208666505462396e-01
-3.216781931953582863e-01
1.581482258389821371e-01
9.153063264964240719e-01
-4.822970736930318747e-01
-6.462172140791762054e-01
-4.303932988513223257e-01
1.425518094600879415e-01
6.325859841224373836e-01
1.858670767026061044e-01
-1.035365419046506030e+00
-7.310252312260882013e-01
-5.747514240893758508e-01
3.269014284552571592e-01
7.845610827243442165e-01
-6.278576964492155188e-01
2.682613679512115268e-01
1.924268729703073610e-01
-4.936090017448881984e-01
-4.307869928943546256e-01
-2.380336139452097211e-01
-5.113285865989305456e-01
-1.144689332678069160e+00
-4.908187457514445740e-02
-9.993550015963359456e-03
7.151442196685109387e-01
-5.064734332269991146e-01
-9.167008617158465267e-01
-1.611366056162868432e-01
2.612608709462138634e-02
4.321765623874409545e-01
3.004866127425182554e-01
4.729998998953908185e-01
3.974814857081254704e-01
-6.388418054429004789e-01
9.398866935504306408e-01
1.983081987270789437e-01
-2.161438217955580221e-01
-4.950892750511957097e-01
-8.590511426173805809e-01
1.458793331561130779e+00
1.839190938869197378e-01
5.864018980920149282e-02
1.181351606976604351e+00
8.635513521852733465e-01
-1.393070585071723988e-01
1.125819705771951007e+00
8.902830231390015392e-01
-2.100026713888865082e-01
4.717410828009057644e-01
-5.889499360712728837e-01
6.778698821368358551e-01
7.419998444910884672e-01
2.959688918217853182e-01
2.108762650901405133e-01
1.548624088242050445e-01
8.089971707299395964e-01
-2.811857687828273611e-01
-5.740099789551136311e-01
-4.469616906595902384e-02
5.009787427759786471e-01
-8.839911325257439056e-01
-3.469625554069957207e-01
-9.315359715736453161e-01
-6.818207078139759680e-01
-7.965139574712072346e-01
-5.171842745670023334e-01
-7.248206599736679578e-01
-5.648058328129540451e-02
8.578640435237615547e-01
1.077298785834948092e-01
-5.750911882886561299e-02
-6.243921570205774874e-01
-9.471684031787861446e-01
5.760265606527198434e-01
-5.453803989730581225e-01
7.347526830963775346e-01
-8.926555321445222013e-01
4.053651876349066985e-01
-3.740269335578674248e-01
-8.831136909043491023e-02
-8.389277168150821584e-01
-4.359846095326269655e-01
2.870390262861831632e-01
1.402211506731236845e-01
2.561773625698800516e-01
4.012246347055932194e-01
