1.358438997801213466e+00
4.105998644092798688e-01
-1.089273733223939278e+00
-1.688202109619155955e+00
-5.815979403587091534e-01
-1.851578305048590112e-03
9.554316477409963149e-02
-9.077004907466579287e-02
-7.444579597508360624e-02
1.736008687742278900e+00
3.216862912804854258e-01
1.366672194392634099e+00
7.537378591508709924e-01
2.048448143928426612e-01
-7.347605876633678257e-01
-1.545621751528463150e+00
2.448022761138649028e-01
-5.246611326749661686e-01
1.509391660867694107e-01
5.551032112755867054e-01
1.024634106414468615e+00
-5.811307660055249347e-01
-8.305240934477076120e-01
-5.432021476679278482e-01
4.294698379303993896e-01
-1.149184300863891117e+00
-1.191457978425797926e+00
-9.460100616819030472e-01
5.871702923441262101e-01
4.212014813851366890e-01
-4.240475977643209937e-03
-2.794366938015754864e-01
7.131884428169957268e-02
4.117908133170831153e-01
6.210789407115473448e-01
-8.791487783483427076e-01
-1.278928458415498293e+00
1.999875137003367109e-01
-7.798539627910631156e-01
-7.077848716803845086e-01
-8.767481039492585060e-01
1.268167821568298437e-01
-5.438420223384229368e-01
8.123241845732215305e-01
-1.388243568865264455e-01
1.798097820940386615e+00
1.597910857989137012e+00
4.246843097837568748e-01
1.544053987932906824e-01
9.276888660723102698e-01
1.096523562446505728e+00
-3.227034129848660449e-01
-8.459115002729669097e-01
-3.190076656528834098e-01
1.259988224690606451e+00
-5.514011231976690963e-01
-2.725120404210105707e-01
1.739893543292733824e+00
-4.780175110949095862e-01
1.115507677540892861e-01
5.729991543979080504e-01
1.454993132406805501e-01
-3.085084944379646865e-01
8.065551502591202793e-01
-4.746740787450618448e-01
-1.013480745130133975e+00
5.125730271125616966e-02
-5.094709696736902105e-01
-1.489984344585520315e+00
-8.796705863740094111e-01
5.860379207571930760e-01
-5.492452906281930503e-01
-5.112798934006002050e-01
1.303472994231826165e+00
1.292599119895537108e+00
1.794284773527969057e-01
-2.886650723493511261e-01
-2.223410291698766916e-01
6.065160251316505935e-01
6.268230442841222771e-01
-1.267247228006053827e+00
5.087084286295608937e-01
-7.146521092123868657e-01
8.163912413214220454e-01
9.111295729046033909e-01
-7.012850382078904543e-01
5.718743041668283844e-02
-2.701278279268723992e-01
3.423762180402855626e-01
-5.000237501842577093e-01
-4.383158430962437180e-01
4.689559234206436833e-01
3.719136916783927216e-02
-6.787057974334546051e-01
-1.448403216560789408e+00
-1.378468645841524343e-01
-5.565237127832767250e-01
-6.378006565276247430e-01
-2.878512685394568615e-02
1.301338685412606999e+00
1.473676661550232136e+00
-9.423126880835337449e-01
-3.171536353376063766e-01
-1.317583968270839845e-01
-4.382077333269011055e-01
-1.011431729693476500e+00
1.244116446031903411e+00
8.720041783123508305e-02
-4.995106167841492084e-01
-1.146793818358968542e+00
8.106990258949448025e-01
-1.167507614450263853e+00
3.678301127978531593e-01
-7.295713025064469726e-01
-4.530656727505571468e-01
1.122054779336026931e+00
-1.106441380007200381e+00
-1.232114999306888503e+00
3.617904364298971109e-03
1.145081410618455087e-01
-1.100990394097650871e+00
-2.009632012412719548e-01
-1.124291484235849514e-01
-5.464572583365197023e-01
-2.413999262816654834e-01
6.799196758175493072e-01
1.233773952451209022e+00
2.786457100254365327e-01
-4.321004652243037869e-01
1.066323048493915404e-02
-3.317626704737150489e-01
3.433170893536378054e-01
7.695834163387801352e-01
-2.922558535115777345e-01
9.837945684032907145e-01
-1.340142390174537734e+00
-1.973091092867512719e-01
5.220229917892587057e-01
-3.303783504658471259e-01
4.404606377489118096e-01
-7.417975952098287973e-01
2.950601957035164924e-01
-1.506296922623547030e-01
9.649272172339848908e-01
1.458846064937858955e+00
-9.421037817239135137e-01
2.663404148267482507e-01
-1.117884118581909059e+00
-1.089124718010942239e+00
4.965254750302600661e-01
-1.302234437756071728e+00
3.970663832116933523e-01
-1.201689342485615097e-03
8.277673970562957617e-01
1.271301853316275654e-01
1.006032946595643462e+00
2.087278219717530192e-01
2.183837297256888965e-01
7.102117878883416058e-01
8.851123191131067269e-01
-7.593303910423313541e-01
1.369469478107662452e-01
3.243330818296571993e-02
1.470519858484666820e+00
-3.846677269561482038e-01
4.886195762702668088e-01
-7.645054271837681270e-01
-1.184733353297114711e+00
-1.566203147447478017e+00
8.200104242427865842e-01
4.742784977526168788e-01
1.127845284798834058e-02
6.257745886027132887e-02
8.641796784919306695e-01
5.858108128938550596e-01
8.210603384337972210e-01
-4.652193791032528392e-01
3.458799482553469029e-01
-1.313238404816168547e-01
-7.825729071655709301e-01
-5.863820047361412158e-02
2.376237238750390501e-01
1.090069999872112227e-01
-9.954614083766224475e-01
1.549955046258054914e+00
-6.186884996961953265e-01
4.536861981488712892e-01
-1.315124956506839582e-01
5.034434368972607876e-01
8.044490922403618738e-01
-1.157276629184142536e+00
-4.042933996436571253e-01
-2.029327427491084967e-01
6.818626628255678446e-01
9.730144929305883927e-01
2.066417993762591498e-01
-3.042060021231969280e-01
-7.618017115622446322e-01
1.125534344752753935e+00
-8.300190083170650990e-01
7.819746641149102895e-02
-6.170327238547876902e-01
-6.304778084740871869e-01
1.104583244964600031e+00
-3.063262818871904103e-01
1.106530987823800993e+00
2.975547350710449068e-01
-3.169725021549705257e-01
-3.250547986833262071e-01
4.057602646713503458e-01
6.630915701711051491e-02
5.078411249190326604e-01
7.501553528233244617e-01
8.212237231669546889e-01
-2.784094718153921066e-01
-4.638613411783581997e-01
5.764312616223982166e-01
-1.598313964935282605e-01
-4.139838233753097008e-01
-1.336399513901039171e+00
-1.409205073357662874e+00
-1.203747117805143318e+00
9.141695036580304023e-01
2.778327408137831189e-01
8.304079118063251164e-02
9.481648140985748929e-01
4.929162004631580940e-01
-6.720638488265728849e-01
-8.484159346392832202e-01
6.978899297904163079e-01
-2.186620411830990096e-01
-1.040527989261478936e+00
4.449385196695812006e-01
1.074927963850214274e+00
5.761458055213958263e-01
-4.923661370050108621e-01
-8.220509835888857308e-01
-7.791513400032687997e-01
-4.059263496523441428e-01
5.201996777578037079e-02
6.687526796760367986e-01
5.253033888546199126e-01
5.545812528539533215e-01
-7.554793206049532639e-01
5.008004946737647511e-01
3.499924858085167179e-01
-8.180205508242177626e-01
1.722654738143978292e-01
-1.486382966251787729e-01
1.040752511922501178e+00
1.844151915391447349e-01
1.223046477115086184e+00
-1.539513588982013848e-02
-1.947796943950160231e-01
6.628339302111209141e-01
-1.186504123389759080e+00
-1.342866667368572742e+00
1.124548744442555925e+00
3.955645078151686089e-01
1.568618155254744018e-01
-8.416050772033523142e-01
3.091231764775733692e-01
6.610049888138472829e-01
2.546408439359792997e-01
-3.084530462119646765e-01
