-8.985658502582692664e-02
-7.132533600718399258e-02
-2.238352450546331751e-01
-2.098138777625042917e-01
3.637351924432836170e-01
-1.595547938697018941e-01
1.227847775762483939e-01
-1.550069410878734955e-02
-4.755193492275963107e-01
-1.374725095878323311e-01
2.089757960671489445e-01
1.786557436754808714e-01
-4.418140212780892195e-01
1.794633403706935026e-01
1.214230245723264823e-02
-1.594585802223471016e-01
-3.279153121235396928e-01
8.575912363255405735e-02
2.483229412945639480e-02
2.923259404110760684e-01
-9.146554956669131209e-02
9.297146798631161779e-02
1.475692949374869389e-01
-1.233201493712626912e-01
-2.633211089600333010e-01
2.342815516083188165e-01
-3.974573234321991666e-02
-1.473685231634930259e-01
1.937983610371900034e-01
-5.507122758650259131e-01
-1.260986894937975722e-01
3.807245486857766537e-01
1.826389164888337635e-01
8.371769464884204481e-02
-5.036191245675684103e-01
-6.342298130918204435e-02
7.063887915728850331e-02
-1.071160261189012530e-01
8.369558561435314070e-04
-5.167959395353310947e-01
-2.832906600948478237e-01
-7.584272797690547185e-02
3.255828437343132042e-02
4.383119517297693890e-01
-1.608695569825678295e-01
1.003242541914918934e-01
-1.738727620238421090e-01
-8.198379016153820031e-02
2.185626816129753458e-01
-8.972610957628505968e-02
-1.703541724414425751e-01
3.191500146548004180e-01
-2.724670937646798130e-01
5.991021428196136034e-01
2.204397924764556205e-01
1.663267463101477106e-01
-6.706336527613389331e-02
1.295555526116864142e-01
2.725735456324318573e-03
2.837824494526118846e-01
-9.436787275697366972e-02
-7.214575638668321855e-02
-8.363262512392898029e-02
4.752403358815585066e-02
-1.856332454982632107e-01
8.581870529479987408e-02
-2.801441331796374890e-01
3.210374445912792529e-01
6.231240443327866474e-02
-2.071805156219524435e-01
-3.524903909699232674e-02
-2.109671497802601825e-01
-1.217777056571841543e-01
5.924943808589305805e-02
1.405310005126436113e-01
-3.365983890953055946e-01
1.447234499630855042e-01
-2.639947439485642589e-01
-2.613984345989140978e-01
2.240275838717484258e-03
1.704378699788797191e-01
3.764482530832985452e-02
-7.279905115985026154e-02
3.146890734646474730e-01
5.218774431432141037e-02
2.772860531322735023e-01
-9.760622690489566267e-02
7.611357849342081927e-03
1.703849129635427451e-01
-6.995504337202303191e-02
2.649806390173672366e-01
3.189580319158081267e-01
2.728381708345720691e-01
1.085420878867897898e-01
-1.744399385751929654e-02
-2.111936556497138739e-01
-7.456352184624086277e-02
-1.288846570693585880e-01
1.409538531061242383e-01
2.583817280171515351e-01
-2.560526508190943962e-01
-1.031337527587495584e-01
1.422602814144638406e-01
1.632495974598407174e-01
3.329542211653098160e-01
1.819734021650134537e-01
-3.362958647754608066e-01
-2.819051551030792302e-01
-2.858886527320514404e-01
3.508615260928558133e-01
-6.245854260763555876e-02
1.339546009255624393e-01
-5.638577824470536459e-01
1.497064317765261776e-01
4.333565395152820521e-02
1.542673069177937228e-01
-1.736998610039077184e-01
-2.765787208626487859e-01
-9.564638974121188186e-02
-3.149628281354970305e-01
-1.481787281287669233e-01
2.843746634034083343e-03
1.684631083557559805e-02
-3.355538082254582166e-01
-9.876554100524127799e-02
-1.180195045330347803e-01
-5.023628645032407469e-01
1.647310464643982342e-01
-4.180993779290880230e-01
-1.453410538206194313e-02
-1.602923958027012985e-01
4.316430111414715776e-01
2.646028157599999986e-01
1.672594131177998489e-03
-2.038199344190354811e-01
1.100507846631490483e-02
-3.017900309088791810e-01
-1.770393385852316315e-01
2.016529679406695585e-01
-2.131312733838900964e-01
9.437021835968251171e-02
1.894038209934439942e-01
-2.105432993207886905e-02
-4.071416437503726504e-01
1.180721874473180388e-01
-3.030147077796975230e-01
-4.354968863046790317e-02
-1.571067304421099042e-01
4.339205375413195120e-02
-3.141650918394223169e-01
-3.796853592093049623e-02
3.412637103298616914e-01
4.537604270611589330e-02
-1.578500333952018719e-01
-6.651725298723761004e-02
1.763763107618062376e-01
-3.327864298068498594e-01
6.930827556240231058e-01
-8.034433105177171686e-02
4.421462299829766462e-01
1.014861440649833524e-01
2.296717641899646556e-01
1.698852015326986487e-01
1.520370399731753586e-01
-3.704148883078349219e-01
-6.286103068746130840e-02
-6.380948615924247891e-02
-1.979549720838183480e-02
-2.600432930147787980e-01
1.249787412308229900e-01
-4.198221327195376107e-01
1.481270341501692567e-01
-1.588069164118914578e-01
1.354494033137829678e-01
4.221618379593330972e-01
-2.035493053868042412e-01
-2.724192848540647471e-01
2.068261356066642964e-01
7.991771657245003158e-03
1.272790468467090153e-01
1.086564643891305137e-02
-3.239146413738884234e-01
-2.672049110045756626e-01
5.452993330430554453e-01
-2.731587881039457266e-01
-1.999188954952696995e-01
-3.747434648848299577e-02
-1.452688418611836063e-02
-1.198128150238472189e-01
1.245851171628831328e-01
3.745896406622363228e-01
2.490004610058284551e-01
9.257462958032466882e-02
1.637855196483449793e-01
-2.614514344171040561e-01
6.319744803352020379e-02
3.225274545943546123e-02
2.287209568073578225e-02
3.932194598453820356e-01
-1.208083517523020900e-01
2.982676758809901796e-02
1.843190494030880755e-01
-1.465932634414532365e-02
4.749509670181970566e-01
2.159878673998083531e-01
-2.979753124820876953e-01
-9.051942828731601720e-02
2.013180069535144834e-03
-6.395156150628508729e-03
2.624269047915419040e-01
-4.479949139110742662e-01
3.048146296792099419e-02
-1.947658037045441048e-02
2.402882833115324579e-01
-7.956507275712933203e-02
2.008015290488642524e-01
-8.221774711636170574e-02
4.523083758338668492e-01
1.397260133475731192e-01
1.574762400608500368e-01
-9.325044678507482532e-02
2.261272756240969573e-01
1.502040640235571267e-01
1.873506343393729900e-02
-1.180135162766104140e-01
-2.823607139972806879e-01
8.635092276124786692e-03
-2.968490657075079087e-01
-1.507937161474594556e-01
4.638207645411837055e-01
-3.825695730814017148e-01
8.973137105760316257e-02
3.997207592929695463e-02
-2.038531825681151322e-01
2.272882363187803678e-01
9.633168986038763426e-02
-2.710404429192853071e-01
1.467126209943713233e-01
9.107985812266869430e-02
4.053224331952341997e-01
-4.000240005912451824e-02
-2.079436478295181578e-01
5.097030369357657964e-03
-8.634838949052882351e-02
-2.713445730667986000e-01
-2.627602903964478820e-01
-2.050358558589989444e-01
1.243438894283533519e-01
1.697678423155830618e-01
8.508762709617287423e-02
-1.038267144712093776e-01
2.332409783854877405e-03
1.873455224241258044e-01
3.829345207777807847e-01
1.586322878828731742e-01
-2.932305182059357085e-01
1.895312409925935526e-01
-4.902722243403198621e-03
2.182872391936471201e-01
5.074857681483571636e-02
-1.547322750615487963e-01
-2.806805440611279678e-01
5.381487695630877699e-01
-2.667805352192003654e-01
1.660953945131332099e-01
