9.903003209273220087e-02
-6.606528033901446495e-01
-4.179327209834287071e-01
-5.677001778699715118e-01
-7.173582877154141002e-01
2.491607565489437626e-01
-2.654184011560152268e-01
-5.926713013628079896e-01
-9.166799314617215533e-01
-7.367305823165559708e-02
3.188603027640308785e-01
3.463491798113200737e-01
-6.950856886392182687e-01
5.354331175510327334e-01
-8.477884781705733452e-01
-3.167511595378545985e-01
-8.053851380679879490e-01
-4.561538989055071713e-01
-8.870318213130761187e-01
5.132420529018100197e-02
1.549727249043186816e-02
-2.183873961815732123e-01
1.575364779309307295e-02
-7.197726290547807881e-01
-7.992610873414325301e-01
-2.261023560901833651e-01
-8.754199864808620557e-01
-3.984611274395899461e-01
-1.985380954508242368e-02
-7.054312766764296860e-01
8.514412058458113997e-01
4.058821934393910258e-01
4.711445632339421596e-01
2.912432883137117123e-01
-5.707248578878028056e-01
-2.814879144184960769e-01
4.048670702327092918e-01
-2.637048896534388565e-01
-4.771153294217531649e-01
-3.848816393029543814e-01
1.593377408302441012e-01
3.128294654511472039e-01
7.372366914146466499e-01
6.622629519112437357e-01
-4.600825809874278249e-01
-4.639656391961037851e-01
3.520265489515514989e-01
-1.210315328463054119e-01
9.796264309875135634e-01
-8.040883931859101885e-01
8.864069615498326726e-02
8.143961867358420204e-01
-2.213864572101555961e-01
6.969302850370957536e-01
-4.082776267151271288e-01
4.411678643161398572e-01
-3.473767764029709326e-01
-6.084839926527363385e-01
8.517132673145386690e-01
2.252378889267823148e-01
-1.836276704052974829e-02
-1.533876498177184633e-01
-7.905328432490417168e-01
7.097974974716219076e-01
-2.286040180383042131e-01
7.770189685757140641e-01
9.636810024520161555e-01
3.079710550972851735e-01
-2.175115684330819477e-01
-7.630947630572990636e-01
-4.829556697206593974e-01
-8.345807063330283881e-01
-6.993497126935313002e-01
1.277956937526358860e-01
-9.557168776275806188e-01
-6.970406182857140642e-01
4.168938485368594016e-01
3.912444234291245770e-01
-7.458878580011278903e-01
-3.555831716594421987e-01
8.915714097130658100e-01
9.418824681444426528e-01
-9.068545520425281836e-01
-1.359931022666336364e-01
5.594316533063894425e-01
2.507190736426385680e-01
-6.932675444768348072e-01
1.503168211567121326e-02
5.910433277974485033e-01
-7.578761906890274513e-01
3.263630666481696085e-01
9.530834241312275967e-01
8.835034981147409372e-01
-4.076538960211104623e-01
2.012204974676274905e-01
-3.041971412936654851e-01
7.267319665350679969e-02
-7.757384312408148741e-01
-3.403819750946663336e-01
1.591367247918769046e-01
-7.212125798002386734e-01
-7.619404990439175851e-01
6.064296114549176941e-01
6.072967371248816359e-01
7.919865097970804069e-01
5.525319018307293106e-01
1.974840723850257440e-02
7.624300683181504112e-01
-6.202469239534782464e-01
9.568763866207310453e-01
-1.916270803983584070e-01
8.027455936168115258e-01
-3.614670987597912166e-02
-6.106799194568086619e-01
7.011821747342829036e-01
-4.115085614749882659e-01
-9.598343811270941828e-01
-1.521145634397391699e-01
-5.256069302625960837e-01
-6.054154098213284652e-01
-4.768022686930182275e-01
4.196782661063707121e-01
-6.306603567189636994e-01
-9.934395093473837868e-01
-1.220054998994082318e-01
4.095046636455715872e-01
-6.804105675082756655e-01
3.234694174182655146e-01
2.046017050855180042e-01
7.989265231113700239e-01
-7.947609191700317766e-01
3.870086306912314811e-01
7.780720634665054813e-01
6.349906871327621882e-01
3.002054395641544637e-01
-4.368667030572319643e-01
-8.588403219819240597e-02
-6.832481691938221413e-01
1.592336546708843503e-01
3.183151720256671702e-02
5.723163519924534537e-01
6.003086509048034536e-01
-2.916250282538368488e-01
-6.786157211714638482e-01
4.848668517369538744e-01
-7.481326196211735002e-01
-8.618960999405260726e-01
8.656859380083559152e-02
-6.160818979528921435e-01
-8.116920676103795973e-01
-3.266071743673175654e-01
9.235623846285865302e-01
-6.902390329731342700e-01
-7.853082323237872142e-01
-3.102968903202734108e-01
-5.779514616399641369e-01
-8.622526682389795027e-01
8.507689461339453807e-01
4.565854120505861147e-01
9.820064065096378858e-01
3.822611989037074665e-01
8.206199177408921575e-01
7.040483774550534424e-01
4.329312693564946191e-01
-2.700591430722871777e-01
9.866463630744348734e-01
-6.917169110077878713e-01
1.787544820561666192e-01
1.930814251397674486e-01
7.468331270666135335e-01
-7.181521400332235849e-02
-9.565024696038919583e-01
-7.192581903386796593e-01
-3.697579510302833050e-01
6.721511094399854613e-01
9.273269488610555999e-01
4.828864103033738697e-01
3.282532340557795525e-01
-4.181470416269903456e-01
9.615292721344337323e-01
-7.065258593264371889e-01
1.954442744991788938e-01
7.958782865633153847e-01
3.956416500289561267e-01
6.335143954087567586e-01
-9.108169811227533330e-01
7.118247885634820804e-01
2.327034569807446829e-01
-5.043492018884478956e-01
-7.969781408845322268e-02
8.053541360300429108e-01
9.122729766400408113e-01
6.593474999261876857e-01
-2.317229697324520998e-01
-7.775869816310843063e-02
2.924941728618020154e-01
8.619257135163058692e-01
1.601071807470304531e-01
3.232623579517051038e-01
4.523951699175692287e-01
-7.619643781921696668e-01
1.689274525722013198e-01
7.067838730619919740e-01
3.872923596126931489e-01
8.338464923902333403e-01
9.524796032710858285e-02
4.508020002036299267e-01
-4.193703443950096421e-01
6.182407065216799502e-02
2.723901469508920314e-01
-8.116050551745717101e-01
2.757442243659489201e-01
-4.666935147560833386e-01
-6.163298327789414888e-01
3.614716575087382200e-01
2.891250422162037204e-01
5.328049974707946834e-01
6.306391913457389808e-01
4.411802927351593517e-01
-2.156598577401782069e-01
6.169572119014561373e-01
-5.939635458186878214e-01
3.930170368639525069e-01
8.806925169041794899e-01
-6.109256483960356920e-01
-5.156374074922798201e-02
-5.717209161799883255e-01
-9.958760313537338149e-01
-4.281641724128388837e-01
-6.225936991151155286e-01
1.046342268910791518e-01
6.727989275465093844e-01
2.371567005498473879e-01
-5.253135308923517766e-01
7.810301796966954146e-01
-9.772860301069945521e-01
-1.344958149631676481e-01
-2.855005422356948763e-02
7.644982173916436974e-01
9.621037170561175245e-01
-9.562940107279793711e-01
1.977647671567037690e-01
9.653422515800551551e-01
2.140967764378620686e-02
-4.310596972723992337e-01
-6.238838320367243728e-01
-9.681180974220620072e-01
6.131475124347074424e-01
-7.945598022230930813e-01
-3.381892578377168057e-01
-5.289781687025614243e-01
-5.524219586224874412e-01
2.371247183575293516e-01
9.355031897456369538e-01
7.117780228745147486e-01
-4.945233645456847960e-02
3.801337152261701213e-01
-5.281431937591076764e-01
-1.715130204029156613e-01
8.176928488208679013e-02
9.769925038198712386e-02
-4.925976656654147412e-01
9.623797624951437868e-01
3.981413109174360976e-01
-9.226714237772764005e-01
