2.605961302815485992e-01
-1.618344948286185303e-01
-2.639350964098768904e-01
-2.077670090555538418e-01
3.104017261996865340e-01
-1.933227967008130654e-01
8.857594086152412172e-02
2.961541118729786592e-02
-3.924296099915343117e-01
-1.081234057217376199e-01
2.796782488643070885e-01
4.106286115550431548e-01
-5.028781698551405555e-01
9.658035037266526901e-02
-5.832953456635707468e-02
-2.381906000176535476e-01
-3.081413085315869438e-01
-1.463308011774853701e-01
-8.572145134176134551e-02
1.176549803087394985e-01
6.662546523891765132e-03
-6.136966729373917809e-03
1.328221977596550363e-01
-1.613879048244323544e-01
-1.423422292321119831e-01
1.943890154742175247e-01
-4.217547548716098910e-02
-1.652932611286259679e-01
1.080774218122237396e-01
-5.159968446287299670e-01
9.619584679334508559e-02
4.509594221879099640e-01
1.983096170534663361e-01
1.025816824720831300e-01
-3.895592289815780762e-01
-9.123913329004659789e-02
1.272331199360607346e-01
-2.083710590884413627e-01
9.899065587696192353e-03
-3.256824496584356798e-01
-2.878891778641414212e-01
9.232773479495443025e-03
6.171671892556414296e-02
4.319738352837437789e-01
-2.688472835814694761e-01
7.524397704741450643e-02
-1.678434209657641563e-01
-3.624055574426308102e-01
2.783185341205757779e-01
-2.268763487602426243e-01
-1.213083807419264998e-01
2.810437969623013066e-01
-2.363518542104770526e-01
5.078975719831144708e-01
1.025668577341455612e-01
7.141279482856852101e-02
-7.061175885518117257e-02
5.862991143935315091e-02
1.459644207126665344e-02
2.208511419235785755e-01
-8.076139760720266181e-02
-2.065204971819240565e-01
-1.655685119272287675e-01
1.208829773227413640e-01
-1.324015600804877013e-01
2.919616970205544254e-03
-2.808270059461506762e-01
2.211563320115923215e-01
-1.321282886960642999e-01
-2.806898444566514605e-01
-1.616053046075676680e-01
-3.388597059052534388e-01
-2.609952254587065701e-01
1.285227557842640311e-01
1.089117760164558385e-01
-3.624830883762742983e-01
1.504846520543023924e-01
-1.301231835160001071e-01
-2.962183976751578407e-01
-1.437161252217953877e-01
2.961687111563734431e-01
1.514635108403273867e-01
3.717888843694988621e-02
8.362198791121835950e-02
-8.089690217709430420e-02
2.839456834602475110e-01
-2.813909883065567330e-01
-2.283001738282778442e-03
1.114288504064814833e-01
-1.764691638067895085e-01
3.607543356035118887e-01
4.224799349856541708e-01
3.177135694879860139e-01
7.821402247453936030e-02
-3.650407498402605255e-03
-3.161444626442189154e-01
-2.166204293770852482e-02
-1.546792644056293187e-01
1.598703273466493546e-01
2.653972591674224057e-01
-2.185307686265816063e-01
-2.290741405865953650e-01
2.653661339269752228e-01
1.536119673446621203e-01
2.213617302492825734e-01
2.287011577224772885e-01
-3.017315458043534626e-01
-1.499789297677435185e-01
-3.441541492207422781e-01
2.901510103597355617e-01
4.699493759327527664e-02
1.848948925828249878e-01
-4.550304325099653879e-01
2.255522822063411037e-01
1.637655209014986790e-01
-2.178118221263589116e-02
5.092818364919426966e-02
-3.815590944241276095e-01
-6.389731548887904455e-02
-3.340588169521547801e-01
-1.222330726547115054e-01
-3.010445858090680660e-01
-8.707286049882066725e-02
-3.806737643444242369e-01
-1.053806062207287841e-01
7.244836656398001562e-02
-4.224593921879615799e-01
1.383722176756028155e-01
-4.004911968131984468e-01
-8.766421150261619055e-03
-2.540164980559562746e-01
1.284795119219803161e-01
3.532445976286943679e-01
1.254846934390147772e-01
1.057991368825624834e-01
-9.324393466375394124e-02
-2.261781334368364038e-01
-1.497382159019375880e-01
1.327175452890521079e-01
-2.034394520396264616e-01
2.462002426369930830e-01
2.403069683290049996e-01
-1.261976006499609393e-01
-2.543503608624341217e-01
1.633660844562159209e-01
-2.546398983642274017e-01
-2.045770885063238551e-02
1.615721024266237871e-01
4.078752659938780778e-02
-2.230560967846746956e-01
1.321359853224412240e-01
3.562579651826695559e-01
1.872761594547787262e-02
-5.481830604606072743e-01
-1.903901687442324520e-01
2.661212947726313560e-01
-4.423150566424585151e-01
5.664646639085686441e-01
1.149547268806292988e-01
4.743929974589374265e-01
1.189683205167033075e-01
8.710401246600607550e-02
2.513812219721794916e-01
3.295561020760873899e-02
-3.017022213513420037e-01
6.781117125908807386e-02
-8.121558016956836185e-03
1.406309569169993112e-01
-1.009167136420756894e-01
1.110556494836608399e-01
-3.595015117194458876e-01
4.510832445827406278e-02
-2.645647422224468581e-01
-5.442412412504085695e-02
5.927354967573972289e-01
-1.283981036696041911e-01
-2.015749237967374707e-01
1.923227393820124698e-01
6.925545571090713226e-02
1.684603952097912805e-01
2.835982623144054360e-01
-1.741693824016781189e-01
-1.275315116141044203e-01
4.539967253367053757e-01
-6.941229172333332476e-02
-1.791407454246471409e-01
2.481101276483212437e-01
5.560656434312004348e-02
-1.225084472365187138e-01
-1.319357186789247294e-01
4.550594720702851870e-01
2.401106377943502124e-01
1.629904393951937258e-01
1.055148008218462219e-01
-2.334033425593729782e-01
-2.115519838106840172e-03
-5.572995380176914981e-03
1.060571950951889608e-01
3.157482828992435042e-01
1.151921989845880318e-01
-6.584217574257446304e-02
1.961526253786048946e-01
-5.649339235032339868e-02
4.484629547113457848e-01
-7.448093736510508212e-03
-3.082531710522661283e-01
-3.272588640955527428e-02
2.579845593967933781e-01
-2.625479959346308997e-02
1.878162040653759690e-01
-5.326479255715151906e-01
5.221541302568909193e-02
1.064419632904911317e-01
2.001337076590393727e-01
3.237855327344815737e-02
1.173136474855605016e-01
6.773013726587295835e-02
4.155072181165047063e-01
1.901654099502696482e-01
1.063790649487138668e-01
-2.434321540160966080e-01
1.379393371132900670e-01
4.503230879904878553e-02
7.125597246524371930e-02
-2.673493810253921854e-01
-3.910144632524692465e-01
-4.083406429398672016e-02
-3.033875376301095605e-01
-1.653569998526841778e-01
3.963145089932406107e-01
-2.658356667045756461e-01
1.315435972966509937e-01
3.309610169853823280e-01
-1.428513036797409985e-01
2.518151099093134393e-01
-9.139613242151331529e-02
-2.406610087333559966e-01
-3.785083733784029569e-02
3.617004013474028890e-01
5.385742732049786374e-01
-4.677258835860587660e-01
-7.889084134939715331e-02
1.315463675615069772e-01
-4.801061652375998579e-02
-2.742582189168341622e-01
-3.548814247240882347e-01
-3.941609904938964681e-01
1.483435754666657946e-01
-1.924081518178514250e-01
1.449258667354092200e-01
-1.771650165992711690e-01
3.013438187784691843e-02
3.112710501460451695e-01
4.345360810354046421e-01
1.971496776343606705e-01
-2.671915735157694982e-01
3.226421200329068761e-02
-1.371613585512694578e-01
2.004855191075561316e-01
6.341373997569992038e-02
1.486585388792310281e-01
-4.170621204106770286e-01
3.202230775522053596e-01
-5.156538241238767251e-02
-1.352330325087154096e-02
