-2.328244107155431203e-02
-1.543845938469532442e-01
-2.347764363804183962e-01
-3.645437740187996156e-01
3.282722954725446618e-01
-1.973757490385415758e-01
6.721331879368322437e-02
-1.858622202304884702e-02
-2.710287768071250047e-01
-1.109138341606306227e-01
5.927716474772881661e-01
1.350343278618162390e-01
-5.732361965287308125e-01
1.287746025655797655e-01
-1.187791687562957110e-01
3.250805142250301483e-02
-4.081430634698242632e-01
6.666811324951271711e-02
4.067785262255374512e-02
1.945437629945023228e-01
-2.556952154144607192e-01
9.966972332665410828e-02
-6.968519216624510793e-02
-1.597775802252850152e-01
-1.602020228396167090e-01
2.368790896939290958e-01
-7.496507308011472748e-02
-1.121872177602027121e-01
2.323048924830801720e-01
-5.832002525422862460e-01
1.841048039901901634e-01
4.864940041578789121e-01
2.280277972101836803e-01
1.579612922056025104e-01
-4.197265601087352138e-01
-1.218558476656848300e-01
1.457821816644543633e-01
-2.886391987657465630e-01
-1.070112469916207065e-01
-2.580578247157706562e-01
-3.385863913476319098e-01
5.313414655787315755e-03
-6.716324445807518584e-03
4.392836243564258725e-01
-3.165066561683567148e-01
1.633711382180704774e-01
-1.221789716852770130e-01
-6.869877467373242119e-02
3.230581238899053464e-01
8.814386557570594305e-03
-1.728922047920060379e-02
3.220081998813147939e-01
-2.468330845441517318e-01
3.889378532156519408e-01
1.134318408363398506e-01
4.333014371988648528e-02
2.828995441111199077e-02
1.018790274698966325e-02
2.057331682760826091e-02
2.028485073103551417e-01
-9.565383659960095819e-02
-1.432079893626421740e-01
-1.580797869680859724e-01
-1.961617523338924363e-01
-9.776317500140591088e-02
8.646217641823901456e-02
-2.325356684473828817e-01
1.938128527866044282e-01
-3.832984007034948015e-02
-3.626865569881069784e-01
-2.078610901133559619e-01
-2.721429884644176456e-01
-1.120811798501078344e-01
1.670103821823903378e-01
2.959027925947011473e-01
-3.935187643484180375e-01
4.972548351257741195e-02
-1.431644140898674367e-01
-2.163141077263494028e-01
-2.887882562475246884e-02
2.758124593497230936e-01
1.542389728943946436e-01
-1.191892414329383670e-01
3.482982425089563017e-01
1.246516797293921314e-01
2.051655158876604101e-01
-6.202219146354039092e-02
4.864907335125816246e-02
1.162613445633655374e-01
-1.689814183492140409e-01
2.827016753623245449e-01
4.408257247372109333e-01
1.895671555211201342e-01
9.096893287251339721e-02
-1.727095489000415318e-01
-3.902387033495711144e-01
-4.643271656662646685e-02
-6.399648800560220341e-02
1.258771355908923639e-01
2.946292138667102045e-01
-1.880886952258263300e-01
-1.440736579738298717e-01
6.544081630053383281e-02
1.757621658858418701e-01
1.488772997129584608e-01
1.186977418941422002e-02
-2.779074311873951375e-01
-1.898024818199949559e-01
-1.984625849472949621e-01
3.832934834767506294e-01
4.694032987901142900e-02
1.353954430744222781e-01
-3.224267226214179161e-01
1.735209683771001266e-01
1.104296959061099037e-02
-7.972171967393359981e-02
-7.580153581816136132e-02
-2.917850381185665976e-01
-1.019990678098982584e-01
-2.552253803035324786e-01
-4.377763906434745111e-02
-3.500864014595912732e-02
-7.077574396121381894e-02
-4.629604850803271110e-01
-9.986412060443719541e-02
4.224968220425251442e-02
-3.405489270472406571e-01
1.428255984777405396e-01
-2.555943500025119608e-01
-6.307727693325133889e-02
-2.585203236737735333e-01
-7.166165942083825569e-02
3.245226472823798392e-01
4.806701259546160288e-02
-1.368472372530236680e-01
-5.261536877708126309e-02
-2.043971231203993155e-01
-3.350050186929186546e-01
8.551138895315733846e-02
-1.538350692931352570e-01
1.469126724206694379e-02
2.471116139946932522e-01
-3.333635831592093868e-02
-2.762668962084778301e-01
8.780890426489916523e-02
-7.039064671194825151e-02
5.086358753698175250e-02
-1.883672849039476904e-01
2.010883964264436469e-02
-2.187500741195651244e-01
2.630536659831591573e-01
3.056270650889416629e-01
5.690281397966291677e-02
-3.392768222639358511e-01
-1.114563568743318078e-01
1.031116907212495798e-01
-4.125745995198808469e-01
7.259493335352833476e-01
7.079117212624941313e-02
5.724416345698916109e-01
1.614425140475663767e-01
1.585372843240936136e-01
9.905554431810989491e-02
-1.145407117545872988e-01
-3.127489275503874677e-01
1.007910518625396851e-01
-6.453231895414497134e-03
-3.678985920156734729e-03
-1.181301143831182676e-01
1.272942439466068221e-01
-3.252699110000799032e-01
6.770877341278691564e-02
-1.133877049889129990e-01
-9.483356765187378815e-03
3.660191046897333655e-01
-2.690557430882050127e-01
-1.274318992136582174e-01
3.004500071338449541e-01
1.060301016303603905e-03
9.688083345673675906e-02
1.126401511344370387e-01
-1.515116091306931423e-01
-5.597708770401006034e-02
3.777657007200011519e-01
-6.202800166710741719e-02
-2.049122883406831463e-01
3.230902781062323093e-01
-6.855928943594875868e-02
-9.903398655440714959e-02
-5.646822055016132574e-02
4.710723261739041545e-01
4.360279180591891679e-01
1.580609338637556649e-01
5.566894766943732142e-02
-2.055140571304086838e-01
-3.526974852310905961e-02
1.311330198335080577e-01
1.235195140796712665e-01
1.840110908563555858e-01
2.085665028092056547e-02
-8.023915868651060324e-03
1.515287231145724944e-01
-5.035919780076036217e-02
3.296124537277971278e-01
3.346035978795022792e-02
-3.663751006417156897e-01
1.723425248063374660e-02
-1.962129943785482708e-02
1.784334096057237085e-01
1.717337671708408231e-01
-4.119853943662644680e-01
-3.043773766203003786e-02
-6.501740083691109895e-02
1.297621032570359101e-01
2.243616691971783705e-01
-1.275487958683491074e-01
1.388426992970475116e-01
4.012222142547512416e-01
1.867140968638353882e-01
1.713644424152966361e-01
1.480162952373292040e-01
1.272414912721851754e-01
4.364809414794558473e-02
1.552131528898849644e-01
-1.647195769309242885e-01
-2.398500211248441316e-01
-4.616506214781782025e-03
-3.331040524461523211e-01
-1.625982252955917029e-01
3.999706935241869599e-01
-2.360813760464163802e-01
1.271296185486598396e-01
2.343894291193439339e-01
-1.405737039904119690e-01
1.577758480590356616e-01
-1.844356006222136191e-01
-1.521905095942443775e-01
2.587413138206154373e-02
1.886619416552159367e-01
3.896496321153051223e-01
-7.849890104979738437e-02
-2.690455892833963636e-02
1.843238395447102107e-01
-8.572496925688730118e-02
-2.468338360830670264e-01
-2.313095382071864436e-01
-3.168511479505292661e-01
1.005607921141042499e-01
-8.395466147125103806e-02
4.650846632686944648e-02
-1.568750819530874141e-01
-1.445561978700435901e-01
1.634522941525842488e-01
5.045631363318712204e-01
2.508941165601254464e-01
-6.197099598249694585e-02
1.280938805126520252e-01
-8.479141205006368587e-02
2.050850767419831744e-01
2.028458006721204840e-02
-1.901554182667487547e-01
-2.387531719066840197e-01
3.980015592998874530e-01
4.155410468556497428e-02
-1.404140627280853204e-02
