-4.587613034281505520e-03
-3.132410257777865636e-01
-4.027609337871040918e-01
-3.687400339047280928e-01
5.362844773767624917e-02
-9.522936132446428725e-02
-1.549643950681383053e-01
-1.776664823034074803e-01
-5.246669876437777269e-01
-1.100379268684504724e-01
2.807003583075448061e-01
1.064083892664143827e-01
-5.478333277737883478e-01
2.112703402072613479e-01
-2.232499548017589652e-01
-4.403139102039960173e-02
-3.723035431032674092e-01
-7.529550241978945346e-02
-2.800151482772273992e-01
1.247914412147967528e-01
-2.612492003425292975e-02
5.035083539337582847e-02
1.476289188202622171e-01
-2.624030696742179480e-01
-3.618259045675659147e-01
-1.187032145020602836e-02
-7.838662619962960543e-02
-2.169381180980781976e-01
2.115467023670288826e-01
-5.627117175208302680e-01
4.014442028192982681e-01
4.140670391798530470e-01
9.640194207333857568e-02
2.647015561080356405e-01
-4.078033311015441531e-01
-2.472108848321231955e-01
2.221929829718485849e-01
-5.240304476038297743e-01
-1.994835367972480622e-01
-3.840763878559549926e-01
-4.264284753528195526e-02
1.083961067429784902e-01
1.666283477975872840e-01
5.034535421818150391e-01
-3.707199065010162720e-01
-4.283434199072539555e-02
1.534087772183204135e-01
-1.206280038006578709e-01
4.902923777927191695e-01
-3.991712530595413200e-01
5.125100339669010074e-02
3.766422067323645928e-01
-2.730786247838128400e-01
4.471678062671807230e-01
-1.188098917214382433e-01
1.062367293420899833e-01
-1.724220589392474468e-01
-1.702338818212332794e-01
5.240493190047265659e-02
1.453973233683301669e-01
-1.358594802412823044e-01
-2.105655633971385554e-01
-3.100302137042574846e-01
2.818995495093195025e-01
-8.445188098011432998e-02
4.762271807642348698e-01
1.706599498368272239e-01
8.533456498543590119e-02
-1.546893756082270421e-01
-2.551564217904025433e-01
-3.841990335136681312e-01
-4.874586448854126841e-01
-2.551626657927894559e-01
-8.128081204086479161e-03
-1.415063405850957856e-01
-4.472258713105780048e-01
1.960846601547059642e-01
-3.656368817693778084e-02
-2.709003470075358466e-01
-1.260543605416345747e-01
5.029727095965037531e-01
2.669610400833793973e-01
-3.975512249669179154e-01
1.495016592800373911e-01
2.212629560497252346e-01
1.309092169713365061e-01
-1.643565585972064924e-01
-3.599102907778225502e-01
1.239629032501584488e-01
-2.100075252193240039e-01
3.999553612531043245e-01
4.942996706077231739e-01
3.176268017277553701e-01
1.699822661916298994e-02
-1.698856693508544180e-01
-2.785838424316147144e-01
-1.472365139177906068e-01
-3.714504942930575426e-01
6.761240622422939883e-02
2.553651011662079751e-01
-2.807310481397619073e-01
-2.392434361723570491e-01
-5.831758015905713632e-03
2.685703457307581643e-01
3.206665413387025376e-01
2.956346278382374626e-01
-1.202037955051114965e-01
1.338493525743653101e-01
-2.546344076271470080e-01
4.885189765558830555e-01
8.819948354057818851e-03
2.718272055861532532e-01
-3.661665952848132677e-01
-6.590681713816812226e-03
2.161922929520089798e-01
-1.014183704961898469e-01
-2.293211419848386889e-01
-2.643099457260653651e-01
-2.639115530191121217e-01
-3.058500957834123235e-01
-2.401528846153104801e-01
-1.430792498946949487e-01
-2.229493632806928693e-01
-4.262579298376512615e-01
-1.634652141818482840e-01
1.370911277196448508e-01
-4.006424077299411968e-01
1.773930566393183972e-01
-5.266316808412829786e-02
6.600602150376624899e-02
-3.069561611760442954e-01
7.573826641652116332e-02
4.899772199242520276e-01
2.121648043018295737e-01
8.603926923915206082e-03
-1.439418375228251334e-01
-1.187763392995421358e-01
-2.979068350730007531e-01
1.081197025985500271e-01
-9.794485844931893892e-02
1.366427180181042644e-01
3.587837142361305354e-01
-5.726215954118490936e-02
-3.813385055489179609e-01
2.703091491673362823e-01
-2.097680576525556007e-01
-8.584082241464684182e-02
-2.302284297877303931e-01
-2.689043916402990009e-01
-2.309536605237226259e-01
-1.753307423307683965e-01
3.700027826398704089e-01
-7.987660714905853165e-02
-4.995440779248431773e-01
-1.266071716075210241e-01
-1.863641475392252556e-04
-5.296751851924965671e-01
7.326346465375603856e-01
8.135687126121143864e-02
5.049538923598679840e-01
4.923479243931883076e-01
2.546816740755611930e-01
1.771689987218379447e-01
5.317158343969749512e-02
-2.077110335650893536e-01
3.281649597692982701e-01
-8.267102956861337171e-02
-3.678212132124425437e-02
-4.007248633412506533e-02
2.785209785380491354e-01
-2.800388063355523371e-01
-2.382220871884506708e-01
-3.405355047609687213e-01
-2.122946221049452076e-01
3.202289227277330674e-01
4.088731958826297141e-01
5.572236490743698312e-02
1.403738547432680506e-01
-6.743414972506414640e-02
3.071197301468891472e-01
-1.647084257122775064e-01
-3.916483578715017344e-02
1.409189431500548206e-01
3.861164338929135020e-01
5.930394586618564778e-03
-2.633545836218998959e-01
2.760517448311168853e-01
2.090053108878611732e-02
-2.699619138378199223e-01
-1.753773763034240096e-03
8.190686969794525041e-01
4.164861837920461607e-01
3.433207152539768936e-01
-9.187593912372774008e-02
-1.637918006153979145e-01
-4.828283676184895457e-02
2.077523904453910386e-01
1.912774399690470584e-01
4.392262296163593205e-01
2.536675975938847416e-01
-2.200512142083158040e-01
2.263791863785050706e-01
1.475365825805385334e-01
2.816793963049443739e-01
2.544452242507089235e-01
-2.184984313068623618e-01
8.334228188150930028e-02
-3.568146635175160203e-02
-4.672350548279412957e-02
3.387149617600430096e-01
-5.184459416572300139e-01
-1.676822879242541309e-03
-3.723408284400275825e-02
-1.442458952046205001e-02
3.186539734968619197e-01
8.785294327105425127e-02
3.566907168484782509e-01
4.694911733259143904e-01
3.353024855026314199e-01
8.827064974390301522e-02
4.144220979934372107e-01
-1.847258011030432634e-01
-6.774217229612036761e-03
3.445767921141150714e-01
-2.154563793166893726e-01
-2.315124957553524321e-01
-1.408703229530577083e-01
-4.960640644252010123e-01
-2.865008086914883068e-01
2.493093323246575732e-02
-9.523289921930909452e-02
2.974963679420721263e-01
1.443835479554093082e-01
-2.016288594499978104e-01
2.474449036328419393e-01
-2.585146141267177233e-01
-7.659088307836536824e-02
-1.743390077184060472e-01
6.305660225668479058e-01
5.123240827783395179e-01
-3.804376367064607467e-01
3.108671685171914001e-02
3.976119114084480932e-01
7.575807417037164204e-02
-3.263631031099183955e-01
-3.791986172817757850e-01
-3.612071327304263169e-01
1.648983786813752461e-01
-2.012253134643807173e-01
5.741043961739232537e-02
-2.924022696990480341e-01
-1.853578997264789807e-01
2.134526773982890480e-01
5.809810797363907930e-01
3.288764642491789902e-01
-8.169628091468528197e-02
1.210747980463957874e-01
9.669405170290268359e-02
1.134859881101492468e-01
2.593340441211337832e-02
-8.794750433659845323e-02
-1.817659617936873140e-01
5.205142875169791461e-01
5.150458423450665624e-02
-5.290517117048640916e-01
