-2.188381303261849320e-01
1.537544691974858102e-01
-2.318643941402988295e-01
-3.512500025120690594e-02
-1.214186628406155044e-01
4.553262441747907285e-02
-7.276884913577369440e-02
-2.379268516117207799e-01
1.244965565855256084e-01
-4.517041560342966583e-02
1.832630640557557644e-01
-2.247271927718797468e-01
-2.256161124478389401e-01
2.469327904324939427e-01
-1.175316948824354224e-01
4.410139769709280344e-01
4.018913813759914522e-01
3.004211744035826248e-01
2.325622460710291550e-01
1.630620053717020401e-01
-1.185518327494139157e-01
-3.103026365385459506e-01
1.414099227286720051e-01
-5.590242235872548704e-02
1.274765503855098403e-01
-2.902481688180831298e-01
2.022835836372419982e-01
6.806623361728240951e-02
-5.227047136441594910e-01
1.846965341495065971e-01
1.722188397154303663e-01
-5.057353377655384730e-01
3.190458880427047839e-01
-6.730548168721908753e-02
3.329082150607751700e-01
2.100744743384821422e-01
-2.556235035276219203e-01
-2.450516834887101758e-01
-1.595841708874927711e-01
1.366856010448710967e-01
1.534828775360152497e-01
-7.202744458266671645e-02
4.147893988764146389e-01
-1.728727081753836381e-01
1.350397941863944462e-01
-1.787249066810960019e-01
3.373242653821270642e-01
1.344374088182702931e-01
3.576248657447047563e-01
2.491335924424586679e-01
-2.600847828448649701e-01
1.898475591830797171e-01
-5.735213218892318832e-01
-4.284913596380883760e-01
-3.972800907925494451e-01
-2.779400263954195371e-01
-3.806333482036511895e-01
2.494370552665709506e-01
3.496359684252875466e-01
-1.849636638595310578e-01
2.523443997371372927e-01
-3.888423012533863132e-01
-1.316396375705225497e-02
9.860305016803233569e-02
-1.015615381108640886e-01
4.628335135420023200e-02
4.479426869455354066e-01
3.443239835626009382e-02
3.390501156226287394e-02
3.203803087385378445e-01
-2.625604388587445270e-01
1.215805212859705636e-01
7.298309200637737026e-02
4.266828790528996024e-02
-1.416691572030096546e-01
5.188629924717599873e-02
-6.955813264083396397e-02
1.197846840951830860e-01
4.778547694316245820e-02
1.392771854530108211e-01
5.006107930484021695e-01
-5.444337080350653002e-02
-1.506805421505268416e-01
-5.290293699702465213e-01
2.270879325284008710e-01
-3.157809771671542531e-01
-1.496380191551766048e-01
2.935403361004454981e-01
1.013625207171002102e-01
3.706713611834749900e-03
-2.694874790203895948e-02
4.977844386629746154e-01
2.142913152630867568e-01
-1.826565105779346943e-01
-1.694261226327687386e-01
-1.707775535310575576e-01
-1.055242908127993207e-01
1.394039963856141817e-01
-4.068940102047704510e-01
-1.110670236090575691e-01
9.943210309256858559e-02
-1.963687614730992015e-01
-3.048895899871072457e-01
-1.992189879160924382e-01
4.836409232056397556e-02
2.968054878753108583e-01
3.382391565000386069e-01
-1.388493982348999456e-01
1.723139131757600029e-01
2.341588974138369972e-02
3.724884743847134971e-01
1.781645406336975213e-01
4.461582285228208322e-01
2.804745187750339389e-02
3.151410814298133967e-01
-4.782902812118191571e-01
3.767688488326875751e-02
-9.261801409647164862e-02
-4.216414618479651377e-01
-5.787566813383584474e-01
-3.636194934916897603e-01
-7.598339903868353562e-02
5.431294873845595728e-01
4.369329491030795043e-01
-4.593301329083925855e-01
6.118894980416811347e-01
-1.647210353882390399e-02
1.020773653277296245e-01
4.356293321252311390e-01
-3.114639509304163445e-01
9.862542753603964485e-02
2.086798535972361757e-02
-1.470192922394136792e-02
-2.108948227056400837e-01
-1.680219168110199945e-01
2.926826377393187406e-01
-1.388924115191791653e-01
-3.796251889290064852e-01
1.623871630588935022e-01
-2.331068481003184811e-01
-4.318389454253816484e-01
3.545799708172714393e-01
-4.914004240276940300e-03
-4.557263626457879191e-01
2.098366450199865285e-01
-9.348823996590369112e-02
-2.208878733949046769e-01
3.050389127525429123e-01
-4.744017375631363054e-01
2.495559767907595261e-01
-2.893834645363601576e-01
1.497345077382914447e-01
-1.990555879729418443e-01
-1.824969210492679017e-01
-2.732704876282933681e-01
-1.884829773962324595e-01
-1.532041284198351061e-01
6.338669257207502072e-02
-4.098968658471773274e-01
-2.249150937175000975e-01
-2.694040708125413075e-01
4.012630344374540359e-02
2.272751936403568096e-01
1.912061639806469926e-02
2.555993245965116900e-01
-4.592007533697679833e-02
6.265241739534130883e-01
6.374979350041042048e-02
-3.897113903153747172e-01
4.229050594031776855e-01
-4.893726961709483902e-03
-5.939696965452241351e-01
6.332791074205954551e-01
-5.158769062219847878e-02
-2.109153172720357183e-01
-9.663880858735252044e-02
-4.686190027105369138e-01
-1.664314270580934674e-01
1.132666545723087503e-01
-3.962217994934384979e-01
8.665278753763315522e-02
5.712224420171144179e-02
-3.532450267499478436e-01
-5.195199265800652944e-01
9.871950289478752250e-02
-5.195572821460199553e-02
-5.941272668932024992e-01
-4.399688898789284597e-01
-2.818940219859853991e-01
7.804745344608630953e-02
-5.701503278431807598e-01
-2.793390658937804916e-01
-1.062799634404125310e-01
-4.337211216104743250e-01
8.651860557624102555e-02
7.169522352296159307e-01
-2.836452593112517157e-02
-2.218017457673143733e-01
3.505539775495257748e-01
-3.357670873382581078e-01
2.730470617781625697e-01
2.550047717810755704e-02
-1.023704500419060637e-01
2.009908502002948905e-01
1.912727229912172811e-01
-1.737898998604617273e-03
-4.066641129737842419e-01
3.180612856742168204e-01
-2.078003902080255982e-01
-4.370830658087302423e-01
-7.559621941789900212e-01
4.397893872662990145e-01
4.763092649965441350e-01
2.882060392866704346e-01
-3.577991578397011763e-01
3.496454605822141293e-01
-5.475925854065701870e-01
3.711133600849083475e-02
2.876906892656204695e-01
-4.984270895319689032e-01
2.138803498157884064e-01
-2.645097886586162961e-01
1.148322109117392853e-01
2.144456569747031638e-01
-7.181658383002524626e-02
-4.312161635540473492e-01
5.664280022061887188e-01
-2.077562801925183361e-02
2.033560628215201893e-01
-2.532637985563189198e-01
-4.265728292960679902e-01
-4.652310626447789810e-01
-3.100791986004665102e-01
-3.881780060322154724e-01
4.567096109577022944e-01
-1.748682888712576461e-02
-1.998016775147539170e-01
1.990416924629178352e-01
2.373844869384824849e-02
-8.170869395459785800e-02
2.230005428004576962e-01
-2.609832508468072354e-01
2.753742249655027896e-01
1.968352528845934007e-02
4.577168864025901174e-01
-1.029577412856573157e-02
-3.428697376251963469e-01
1.968147041612474113e-01
-4.132561917232984161e-01
1.167211450607104906e-01
-2.987588500001072678e-01
1.257128733713091390e-02
-2.407898367886653901e-01
2.280673831594138556e-01
3.211614253352987891e-01
2.767650657670116532e-01
-3.190629304988149006e-01
-2.804945678408956589e-01
2.795191973410289799e-01
-9.145980987848922883e-02
-5.722861724753839363e-01
-5.757322901371546564e-01
3.881870385264719059e-01
5.019712992474014701e-01
-3.144859334547723262e-01
