-9.559144181664783191e-02
-1.658561455546023189e-01
-1.698455407931183658e-01
-1.683040213175822919e-01
2.329843023450987038e-01
-1.991370129684674195e-01
1.277030325279236017e-02
5.874963581909918575e-02
-3.612721977480115587e-01
-1.215933811499470690e-01
2.383605585404182936e-01
2.555392819996206155e-01
-4.718267056583759222e-01
8.428349086387919298e-02
-1.244405882465212110e-01
-2.309904017213436356e-01
-2.952171369384530841e-01
1.228659473222387111e-01
5.821768248162710602e-03
1.569016121555438792e-01
-2.230036832635547417e-01
9.935720925528213066e-02
9.838611953126202847e-02
-1.091759485347525149e-01
-1.128106842898385781e-01
2.794500084475456392e-01
4.336617927432832864e-02
-1.657114553505159016e-01
2.776349802297688463e-01
-4.720894144248297675e-01
2.167336141615934797e-01
3.405223620631117054e-01
2.031461288931132869e-01
1.277799742690999829e-01
-3.667881529105257443e-01
-1.008772062496497146e-01
2.892927229899491109e-02
-2.359810838556518631e-01
-4.126915971096958846e-02
-3.756142456000001184e-01
-4.104522807815560448e-01
-5.285397720748072348e-02
-1.432387742216597315e-01
4.551682869742342263e-01
-2.135635499811149862e-01
2.075504941324510244e-02
-2.330125450100001272e-01
-8.017170588255698171e-02
1.909404910765586105e-01
-6.058107774214720187e-02
-4.711749325218473478e-02
3.089846440362379876e-01
-1.657943597864175722e-01
4.727191817268494578e-01
1.046451375489525076e-01
2.496088240232448296e-02
-8.799430132925067927e-02
3.808097959584434006e-02
6.788488409935097834e-02
2.249841821331262925e-01
-2.514229655501839522e-01
-6.860360069768682567e-02
-7.582641901151351838e-02
3.855110362151676490e-02
-7.713031133123149363e-02
1.899201642512848148e-02
-6.192702105775259591e-01
2.911295435986366864e-01
9.415571734036957963e-02
-2.986022422860026837e-01
-5.365725769630104447e-02
-3.181262644050221189e-01
-1.117151416973204414e-01
8.996875492178488254e-02
2.884273765712360160e-01
-3.809403246504207696e-01
6.719787622094970658e-02
-4.258451835001775265e-02
-2.166356297974729173e-01
4.046126304903287230e-03
1.393615988650862003e-01
9.222398254565941644e-02
-2.895290475232269525e-02
1.387107793752659357e-01
-1.449892355293379009e-01
1.759377991584986645e-01
-6.289128568482492410e-02
1.106415992067815296e-01
1.118512655590493537e-01
-1.470937733256317062e-02
3.135610342398671424e-01
2.135733774482130309e-01
2.006677146301377168e-01
6.577430095414982247e-02
-1.123223722456845042e-01
-2.243434594740492394e-01
-2.220671899126219415e-02
-1.433351206898600405e-01
1.156604569877595079e-01
2.499938515303167796e-01
-2.428719864590923871e-01
-1.321140887176716905e-01
2.026248761937154419e-01
1.816955148407601861e-01
1.719323939362278897e-01
1.436879767278703146e-01
-2.918125522971324881e-01
-3.019181000605531962e-01
-2.264807947760746343e-01
3.870639053202809543e-01
1.475821583089926420e-02
9.340350700300341369e-02
-4.718221414264302527e-01
1.948380963803695853e-01
-3.467953109553645330e-02
6.547661319065850583e-02
-1.461729375122680918e-01
-2.971235323684386920e-01
-8.309768928146973876e-02
-3.353106449113806842e-01
-1.162191045275109691e-01
3.470375437587716605e-02
-5.593082627853462885e-03
-4.832090021210556641e-01
-9.767485761364944064e-02
-8.507860316396528844e-02
-3.461057541487587708e-01
1.973331817378060071e-01
-3.545606044628449860e-01
1.361266910662415133e-02
-1.412370825534274565e-01
1.649775760205822728e-01
3.968376201755159371e-01
3.506050627230493377e-02
-1.364467208943941912e-01
-3.127075503266102396e-03
-1.019990378989727442e-01
-1.997564546650280048e-01
5.403036028263794033e-02
-1.283075049072338603e-01
7.728429139504930379e-02
2.561415799302774188e-01
-1.616754872561535217e-01
-3.430889381123670701e-01
4.523982264857095287e-02
-2.338109634462189335e-01
6.690136231985835402e-02
-1.770005595309396829e-01
6.135754611542017928e-02
-2.442527322959098246e-01
4.250514926767970381e-02
3.588551445945517004e-01
1.676262441110340506e-01
-2.373551596775196615e-01
-1.281038728271241545e-01
1.540933689438108434e-01
-4.094738035306620394e-01
7.035824924650195822e-01
4.704767395819152709e-01
4.134313635651587493e-01
-1.919651722738881239e-02
1.698040041204443573e-01
1.530269327986447103e-01
9.297937218700647044e-03
-3.279557472736875923e-01
-8.549485741787805904e-02
-1.514269158648126334e-01
9.239376550235960106e-02
-1.226807007751008621e-01
1.308018225657264777e-01
-3.919689281925600177e-01
1.403587510847679742e-01
-8.140990616000708113e-02
1.207049426560141692e-02
6.082379096879406699e-01
-1.215222978397662024e-01
-2.170926794518783787e-01
1.907968804386978023e-01
1.510548200521580862e-02
1.448709130988535543e-01
9.283706895858868935e-02
-2.306568335347005672e-01
-2.546661503116173231e-01
5.235851203914765328e-01
-1.171737165709623302e-01
-7.903143653652294764e-02
1.649789729246651238e-01
1.674311285226888837e-02
-9.891943800839371470e-02
9.443987647756037218e-02
4.360691313150686366e-01
2.522627890172335352e-01
1.342003813477165852e-01
1.289430269111502825e-01
-1.892293696202311248e-01
-1.123480544500033047e-02
1.689642785046058804e-01
1.942316938793179626e-01
4.101360776068524450e-01
-4.600730146034455459e-02
2.282317271325658842e-02
1.388428973442078496e-01
3.361721566919151361e-02
4.511433261353955393e-01
1.051332587548627073e-01
-2.793266677430068512e-01
2.905869341801983405e-02
-1.286972391906886920e-02
1.283338353391099904e-02
1.901192321712926736e-01
-3.782637487110237506e-01
3.184245659899542780e-02
9.929551482626647330e-02
2.384681316054544920e-01
-1.370609347762719379e-02
2.277405513608035947e-01
3.072246170776796181e-02
4.031566562362775552e-01
6.780977205778709882e-02
1.220411116083872788e-01
3.870818131469180856e-02
2.423945596776635458e-01
1.654015378867921271e-01
3.251200777018985189e-02
-9.530029308947493560e-02
-2.859229942919144785e-01
7.313926824381116430e-03
-2.460845298648134949e-01
-1.217440460180164996e-01
5.309336311350750792e-01
-2.888664244936199887e-01
1.227905725201150489e-02
1.944262582102158632e-01
-1.439652955842725124e-01
1.617875154936423976e-01
1.083149935313963974e-01
-2.099284431451376998e-01
-2.838377379558168490e-02
-1.855234876925912491e-02
3.470106392953332675e-01
-1.086195077267545633e-01
-1.571905834695792592e-01
1.141425326860741329e-02
-1.346692491296701821e-01
-1.785563972100461805e-01
-2.397587202373900883e-01
-1.955864114239745377e-01
5.259326226994366638e-02
-7.556506682342367665e-02
5.165438768931482350e-02
-3.896550007194965470e-02
8.346681493748795214e-03
1.183866880206233541e-01
4.380536033669127916e-01
8.963620811109829223e-02
-3.340236179888419477e-01
1.305335260146276433e-01
-1.515378121738158446e-01
1.582103101973324766e-01
5.490088579642835726e-02
-1.879869100006089644e-01
-4.411967238900910138e-01
4.051799327405943840e-01
1.652130967185312660e-03
-2.111709124666272946e-02
