-7.714669836317075702e-02
-3.794275235464904528e-01
-4.078508393047842739e-01
-1.014133360256700422e-01
4.879151025694109522e-01
-2.089033069422487898e-01
5.990585985791058166e-02
1.991744917354477673e-01
-5.681667416077195165e-01
-1.388885991618375448e-01
3.701116312892976379e-01
5.131945105326678469e-01
-4.728877515975254409e-01
1.948674638199526798e-01
-4.688106186449375601e-02
-4.207052866043186623e-01
-1.904592351485682178e-01
1.613862514002954995e-01
1.083654414411023281e-01
2.071189148011790548e-01
1.361576704541763161e-01
-1.392522880973469102e-01
1.197200090325290511e-01
-1.299173013899085349e-01
-2.951229466911232113e-01
1.446123589268653031e-01
-1.256724961280973885e-01
-2.028347516611487267e-01
4.059686160791718956e-01
-5.910801242588699100e-01
-1.264885292593324606e-01
4.156457302981612645e-01
3.359765574326861737e-01
-7.553174158932457471e-02
-5.699084478036324786e-01
-1.516964179135168456e-01
1.679147089435759632e-01
-3.151135410134002779e-01
2.390749941044856275e-02
-2.923147139576103837e-01
-6.409137785773421081e-01
7.444681028413541179e-02
1.140766095595261431e-01
2.822679178661472443e-01
-1.035211581191907149e-01
1.819727066261470627e-01
-2.471945817956113234e-01
-1.972502589303812282e-01
2.203050603578301236e-01
-3.445497673305228381e-01
2.025157548367007010e-02
2.737753996829624947e-01
-4.410960226295072006e-01
6.332036803688566584e-01
2.713775520179718681e-01
2.253523827833811555e-01
-1.486090051540485679e-01
3.158453912769031424e-01
2.235148943836287039e-01
2.005037173537966844e-01
-1.938178372372756364e-01
1.000435473015471033e-01
-1.019573096441769300e-01
4.576578159759838171e-01
-1.559411507812253905e-01
-2.057485760074160841e-01
-3.150492257235802951e-01
2.365678534711204151e-01
5.302455704817021775e-04
-3.562783483145106622e-01
-1.001868136456289249e-01
-2.988877588723983236e-01
1.168543043089019795e-01
4.164046960742762149e-01
-3.523624668734743892e-01
-2.699549808162133302e-01
2.427510851304663930e-01
-1.673062849049820611e-01
-2.179225483275096797e-01
-1.797304786003179888e-01
9.122299557954849369e-03
1.719061157861181965e-01
-1.436213874252925682e-02
2.198642300585971487e-01
-9.091442756077150467e-02
3.441807146428256248e-01
-1.810847972590291510e-01
-3.014189764642960512e-02
5.747280365077767073e-02
-4.888793583504769114e-02
8.531619279604690798e-02
1.216711976730778799e-01
6.365396859039116340e-01
-5.139240672744432858e-02
1.911649150820105558e-01
-5.277467351167648424e-01
4.916672465362259548e-03
-3.811041224557293328e-02
5.209808293792528300e-01
3.850995801285966857e-01
-2.295426067787227908e-01
-2.305894002327529835e-01
2.654847227366327611e-01
-3.339657920680544345e-02
3.608146610479445737e-01
4.094211064977243963e-01
-4.259991403025720214e-01
-5.607599450253658580e-02
-3.777170566384780992e-01
2.815418601165901591e-01
1.546457132371178989e-01
3.479558873782729878e-01
-5.428461748556347999e-01
1.441706841430301922e-01
2.953923598405292505e-01
6.630576588665948456e-02
-4.100031663049941155e-01
-4.145838253754968172e-01
1.810645950937195270e-02
-2.015149368052579493e-01
-7.505023119987463964e-02
-2.556838592440652258e-02
-1.571505401438642868e-01
-3.315065188063791579e-01
-6.315960275540372093e-02
3.140166424562140790e-01
-5.742365354782793530e-01
2.657995527596653251e-01
-2.805302793175526999e-01
-9.632621744889791060e-02
-4.411697010436723687e-01
2.327376588005360403e-01
2.999581847646005106e-01
1.809718551435740563e-02
-2.840978518597778169e-01
-1.035783059644753701e-01
-3.732831754850260975e-01
-3.939546784062700757e-01
-7.024579743542314070e-03
-2.972258993745256483e-01
2.253240982887257937e-01
1.453926343292016310e-01
-2.431699681340189767e-01
-2.079045401955645356e-01
4.854718765634728483e-01
-4.604505278321123218e-01
1.682009250797914524e-01
-2.255532073283550432e-02
2.093081290052926091e-01
-2.020233284772532389e-01
2.275390480898519252e-01
5.706281120932691353e-01
-2.340006650411492473e-01
-3.511991863972940275e-01
-1.219885655028598026e-01
1.365301981199766868e-01
-5.259862335339217099e-01
6.548737162148472457e-01
-9.451441935588805743e-02
4.467774125529462292e-01
2.271463423981901486e-01
6.800267209331650742e-02
1.003863888234179935e-01
3.030575065576081029e-01
-5.244103214490714038e-01
1.056249346022227753e-01
-1.061274712420371413e-01
2.850988377553708708e-01
-2.237055605143451475e-01
9.711299621580171682e-02
-1.727670139018777085e-01
7.354674040142672453e-02
-3.125932056384026492e-01
-2.410254697802762802e-01
5.144120357530113097e-01
-1.984139320702323905e-01
-1.822653846338150307e-01
4.439694440145747767e-01
3.380912974977079433e-02
2.877540491330489170e-01
-1.206009916196004172e-01
-3.588772534692741267e-01
1.137734897922447475e-01
7.302553192998650911e-01
8.543213200352721415e-02
-2.282088317487080409e-01
-2.587064551516453648e-01
2.639466534145387122e-01
-1.367401937409140067e-01
1.237578469892124389e-01
3.961921338144817062e-01
2.780550338047965697e-01
9.387182308198405156e-02
4.395551719635259480e-01
-1.189439943821365975e-01
1.313699647147853478e-01
2.376312352331959588e-01
-2.109939027039036130e-01
3.786691950310829280e-01
2.705828979582143301e-01
-5.457686876891271188e-02
2.284928625851587736e-01
2.094249545009668201e-01
1.852272450715720109e-01
2.364816157877712155e-01
-1.861897384293502156e-01
-2.641188368403381559e-01
-1.484189487948257558e-01
2.367502876682221757e-01
2.038181334228258423e-01
-6.441357796064790531e-01
-5.228240236957548692e-02
-6.930170289034981446e-02
3.024864230852477576e-01
-3.811084144765402026e-01
-3.031250912789068552e-02
-2.584690766741177259e-01
1.399221213741561054e-01
5.684970100330885567e-02
1.161843112916638443e-01
1.198556683825042768e-01
1.153872036640047616e-01
2.214309824459205767e-01
-2.902546061827533941e-01
-6.414128756923294095e-01
-2.381351248172866586e-01
-1.431936443499473577e-01
-4.975322834309173214e-01
-2.362403274160347622e-01
4.353391378874464368e-01
-2.419454088839983474e-01
3.053474637977690587e-01
1.545935066340807795e-01
-1.938152542514863241e-01
2.578604204516818377e-02
-9.777785714329709221e-02
-3.375699928700898744e-01
-1.530074061739832292e-01
1.196641498551114791e-01
5.558886416006491027e-01
-2.394278344782221901e-01
6.102407859655656353e-03
1.506499438286400538e-01
-1.723400824864818048e-02
-3.813085013803226286e-01
-5.494278261672935759e-01
-4.630025364753432848e-01
2.106681367912726643e-01
2.947486099524448955e-02
-3.806715733569213111e-01
-2.301057600711854390e-01
2.568090149259253940e-01
3.189429502571447528e-01
3.728071225357283969e-01
2.964364221524189991e-01
-4.391863550397348548e-01
1.394783327570106590e-01
-2.574488181337701853e-01
2.423017228475781160e-01
-8.787815444518487507e-02
-7.070758488895934057e-02
-4.450378537523816402e-01
5.357504076036379015e-01
-2.124788344361996928e-01
2.427952129462132569e-01
