-5.821000371062309831e-02
-1.982862980769354577e-01
-2.725469567589409725e-01
-2.174374250526006080e-01
2.449824944726533837e-01
-1.767553553731701366e-01
-9.663012431306149119e-03
-1.781414073358891792e-01
-4.138349276237346386e-01
-7.223470212011309788e-02
1.966177445690161785e-01
8.054286369033572535e-02
-4.377822973902089077e-01
1.864689873991519087e-01
-1.154371285749414416e-01
-2.562079196385866342e-01
-7.042711271319620492e-01
3.579461776197230549e-03
-5.437176149740498288e-02
2.061445858003413956e-01
-1.732477244707809616e-01
8.217534777529833523e-02
7.549774502381137453e-02
-2.625497341183653521e-01
-2.149370413618783004e-01
2.434466531401634493e-01
-6.244535368891730026e-02
-2.553002570689949513e-01
1.461321263904322432e-01
-5.607019981042340451e-01
8.602997127451697534e-02
1.659597933638831124e-01
2.842227697747284898e-01
1.649137934489397495e-01
-3.732835078793168004e-01
-1.366160339110569777e-01
2.525819303284046469e-01
-1.756952302751919603e-01
-8.326310973938627624e-02
-2.867842442508398149e-01
-2.908167334620842537e-01
2.774525193358537076e-02
-1.017613018747866999e-01
4.029353907234934917e-01
-2.015666727699786664e-01
4.228947961747868411e-02
-2.460593424999656664e-01
-2.487152021482516573e-03
3.752544926390161129e-01
-1.852246827960400966e-01
-1.176409392122042125e-01
3.530672837685983612e-01
-1.889262157336226711e-01
4.546632194224731194e-01
-2.498486002136778017e-02
1.049543625180418410e-01
-1.400272769574273657e-01
2.403006971865268016e-02
4.264434439528300702e-01
2.327028180769172283e-01
-8.429007794833898171e-02
-9.282023071324160823e-02
-2.483297935858602146e-01
1.614741246932662189e-01
-9.180250256030930700e-02
1.776560017145512038e-01
-2.024919787137257621e-01
2.329186789648904909e-01
-1.206957957847098473e-01
-2.529407156537368251e-01
-8.654091334723021389e-02
-3.128549000081466414e-01
-1.248699724978082071e-01
3.630780519180903249e-02
-4.351020010997929538e-02
-3.629572230466414640e-01
-9.675803425838552796e-02
-1.339744409519159074e-01
-3.787947427938833656e-01
-1.550519845042991618e-01
2.662608850868608545e-01
1.158546429161537439e-01
-2.238480830093508844e-01
3.326732092019854536e-01
1.073368835100706187e-02
2.275965665810955330e-01
-8.948061470666368589e-02
3.260449857290197845e-02
1.393242442941685921e-01
9.921539696005063358e-02
2.530641785319621140e-01
3.215487933968480538e-01
2.420429097638274740e-01
1.642338819247241011e-02
7.290098702933109354e-02
-2.487860983234130574e-01
-7.834060936901020289e-02
-2.654620564145575567e-01
3.064968190122585590e-02
2.731520464162020545e-01
-1.755492813132829011e-01
-5.358668584606856439e-02
2.070450939861952222e-01
2.291912466374243507e-01
2.338716275755241547e-01
4.514277015713426267e-02
-2.190453773355706124e-01
-2.998009421818516040e-01
-1.956330900472781631e-01
4.146551519638940753e-01
1.189907711810893470e-01
1.819996245370824606e-01
-3.348362994571399964e-01
1.873610774695595171e-01
1.658569347525889193e-01
-5.287277901813583481e-02
-2.649612375040690804e-01
-2.888637971205395560e-01
-1.101618762941251328e-01
-3.873072588632928692e-01
-8.578198613704227093e-02
8.198883424500537365e-02
-2.968022890841708339e-01
-3.815036469011331421e-01
-1.176463937597703457e-01
1.335860300703853309e-02
-3.556374452907640205e-01
-1.500721552198356484e-02
-9.239489454161115001e-02
-1.359691187656498768e-01
-2.139245330321781213e-01
1.820134094543274239e-01
3.285112668315383622e-01
9.052970505234292364e-02
-1.110100297286478604e-01
-5.874206083284636004e-02
-2.315246893368319570e-01
-2.480164940256676664e-01
3.036371572040085787e-01
-2.754167018001084377e-02
2.392827417088068120e-01
3.238287168598286137e-01
-9.354573300518058410e-02
-2.111331652174843476e-01
1.404552809179673845e-01
-3.413283490117908769e-01
-1.047632502781217223e-01
-1.402092148426204166e-01
-3.115878899478735642e-02
-6.528956941569903638e-02
6.993930815385845934e-02
4.622354859927921833e-01
1.030056201019202700e-02
-1.714287267909682666e-01
-4.762975783734352264e-02
3.130276138152643384e-02
-3.170289646782472603e-01
5.835121700622059038e-01
3.616310562265836331e-02
4.848626153154010909e-01
1.688480097404513047e-01
1.944404296559361367e-01
2.079877933957844649e-01
1.757915971995042681e-01
-2.590838859183969833e-01
1.778924294660862437e-01
-1.670244296246786719e-02
-5.467822759426796408e-02
-1.356094906093801566e-01
1.635144387337013339e-01
-2.555727514852533799e-01
-4.937293574627237003e-02
-1.833178655226525844e-01
8.353965076588489025e-02
3.989085750508153394e-01
-3.538154073032360319e-02
-1.004820696812749742e-01
2.477330226210179009e-01
7.286474492031499994e-02
1.871365970733150363e-01
-1.199490850721356416e-01
-2.795075398184780902e-01
-2.372649723638084462e-02
3.815852038261524637e-01
-1.162755225950899973e-01
-2.021688081310038521e-01
2.233706793479395269e-01
3.252261997903795054e-02
-1.529291878314525122e-01
-3.640408231608396189e-02
4.154483975128065998e-01
3.297922757943090866e-01
1.906431680920272764e-01
3.302891901103248429e-02
-1.388871208502076016e-01
-7.629194614460453605e-02
1.347823904119231364e-01
-3.839803443591723736e-02
3.657571560866217375e-01
-7.730367541721611113e-02
-1.357433953184949693e-01
1.329443314845319413e-01
-3.377434941544549263e-03
2.594779210473813214e-01
2.253771813280388558e-01
-2.998856056419920701e-01
4.970058433576877988e-02
-1.609236033068331129e-01
9.735535737139151824e-04
2.152261418543007787e-01
-4.603415406520968145e-01
-4.331743995276139680e-02
-1.262953319779255845e-01
-2.503802749181205031e-02
-4.167885024625997414e-02
9.079714819733543385e-02
7.746162046533129619e-02
4.061843948951522343e-01
1.688174842355311400e-01
3.059908586089383348e-02
5.237728719053311166e-02
1.515933506815927423e-01
2.096597885525583183e-01
1.484562394478097791e-01
-6.007459628907034499e-02
-2.879369159329348005e-01
-1.964528020100022587e-01
-4.231681728127412168e-01
-1.763057311993728171e-01
2.147041017491564119e-01
-1.509215577233876948e-01
1.158126201006682843e-01
8.587829298961559277e-02
-8.814736239924331196e-02
2.747486628529753339e-01
-6.614996788810170725e-02
-1.834289271613867012e-01
1.156119654890389870e-01
1.909436620587308120e-01
4.583126252245766641e-01
-2.325545865736668716e-01
-1.053661277171383803e-01
3.143985926122466190e-01
-8.646998895313236233e-03
-3.019842297913987172e-01
-3.189830243348021899e-01
-4.513987115879435352e-01
1.379609256610117574e-01
-1.671044705703134403e-01
9.772714106873549300e-02
-1.918523081301082844e-01
-1.095325256619401055e-01
1.038692776671253093e-01
3.317151576222546749e-01
2.923259271531296610e-01
-1.818514538627034050e-01
1.291449670878484501e-01
-2.195090671601567511e-01
1.259360227854732228e-01
-6.111456580750398992e-02
-1.314585114465249838e-01
-4.170320122539353941e-02
3.823112193184861618e-01
-1.636495781445543862e-01
-3.125144213503827650e-02
