-1.174399051555029772e+00
-9.191718684781302606e-01
-5.630579835739796257e-01
3.174777436302468892e-01
-1.395747935987017851e-01
-6.433024114313470321e-01
3.840101150972434207e-01
5.671477704358833805e-01
-3.988697698117767421e-01
-3.348297166578724227e-01
7.670629789064017379e-01
1.184072230222309674e+00
2.017246915254616302e-01
-8.362499852987095306e-01
5.603652158191871901e-01
-1.084937229661201208e+00
-5.993046040105509675e-01
-7.974684355070008057e-02
1.177540478508900090e+00
-4.352082678049251641e-01
-3.266405609390710119e-01
-3.951784402104119298e-01
2.190755812593905283e-01
-1.398246903789261419e-01
1.202055283569745114e+00
-6.967235428281250975e-01
-9.415455072079532695e-01
-5.301683194783691766e-01
-6.017402683488282111e-01
-5.532307745820330691e-01
-5.489674812058407127e-01
2.966039093368805224e-01
5.009344557884527482e-01
-7.918627446368109446e-01
-9.876201010114233902e-01
-1.970040780582080764e-01
-1.058959305793137684e+00
-5.633232359752881058e-01
-6.899595685881794171e-01
6.731192346938147386e-01
1.175064082570062007e+00
4.011452968234517358e-01
6.484245068086424979e-02
4.861291768444527817e-01
-5.914344408900690242e-01
5.242095290836703558e-01
8.812412106438037851e-01
-8.301569632397126641e-01
-7.409087733767637518e-01
3.809471296253418293e-01
1.076144996342669469e+00
5.138672743342098670e-01
1.159830618101800770e+00
-7.334354002946503748e-01
-2.133640917579364693e-01
4.550813326783138546e-01
8.668518033059406935e-01
-5.917029963453770969e-02
8.333209522576854322e-01
6.655537846981156580e-01
5.151035674150750143e-02
-4.030905906237977621e-02
-8.406531848804947860e-01
6.904005709733833651e-01
-1.620795242268262326e+00
-7.456509072532883087e-01
-4.779622855897749378e-01
-1.680114815403006001e-01
-3.069783859564589323e-01
-1.031261931261071130e+00
9.271903054179813086e-01
3.348062362595666808e-01
-1.361719899439174597e+00
5.001802713524862165e-01
-2.925775981277258797e-01
-9.049933107579635205e-01
-5.723810116014729221e-01
1.428200627854880334e-01
-8.485010210387409213e-01
-6.313887007430249998e-01
-4.035194652709384600e-01
-5.998980864352035924e-01
6.475987655112744878e-01
7.918928217826244342e-01
7.435344546075073335e-01
-2.474063652871936192e-01
8.178679366042995724e-03
-5.991545282070590561e-01
-3.314116039073361497e-01
-5.154875092857674757e-01
1.115211048032593855e-01
-4.721411928870530850e-02
6.198268089631004951e-01
-8.256041759048593498e-01
-1.804404602162585358e-01
-1.163390658282424495e+00
-1.853305787566519314e-01
-3.462153097459486073e-01
3.123453217162425744e-01
2.635282745469533783e-01
-2.953843663641575468e-01
1.139518254324518365e+00
5.153061154684420719e-01
-1.521854585497826040e-01
1.888469383457373363e+00
-9.310915288278334145e-01
1.071591166466347111e+00
-3.219513108353034281e-01
1.392391799092022042e-01
-1.198140894617970353e+00
-8.336135938955366864e-01
-5.963338704080568542e-01
-1.031087936052901499e+00
4.815738984397195388e-01
9.757833995631305379e-01
-5.150656406759714923e-01
-6.117829239383311135e-01
-4.592578964572646694e-01
2.313745612160186815e-01
9.086483836386055613e-02
2.688801800257378805e-02
-4.078670892876605780e-01
7.797556130385611128e-01
-3.164957798915255527e-01
9.944400719560145818e-01
-1.880367847656533309e-01
6.021086808006701485e-01
7.561872817376968925e-02
-1.062758624576518596e-01
-7.930260996742172219e-01
-3.638711544877193393e-01
-2.280482316960534828e-01
-5.442247504759455401e-01
-1.261582991716446944e+00
-3.300902162021641106e-01
6.006629743025599932e-01
5.077099356859532397e-02
6.154010979511522761e-01
-5.403809522999001302e-01
8.463176365608843232e-02
1.653233714756416450e+00
-1.102517762012605429e+00
-5.530746491728715242e-01
3.602509416144243914e-01
7.835331656729354055e-01
-1.397108077460029740e-01
-4.906546593131035361e-01
1.898993449193127625e-01
-4.185470892284731681e-02
-3.805157480640683487e-01
-2.919271561174686669e-01
1.342381764519398057e-01
-1.088026516390822707e+00
1.410746211279390039e+00
-4.742033568576077274e-01
-1.097285227710518507e+00
1.266306893900635000e-01
8.230496587652044171e-01
-7.218860615615581011e-01
4.555408189365885985e-01
-6.025991390902786238e-01
-1.094874628473262668e+00
-8.472950234012932569e-01
-6.990767149090788557e-01
2.265640818035407067e-01
-6.310198301709963875e-01
3.141687788212299548e-01
3.429102376651216311e-02
5.069986124581584708e-01
6.509023225486776365e-01
1.947929991796822080e-01
-1.022802960205581257e+00
-1.028301826390031648e+00
9.070028536747136716e-01
-1.699667079529989522e-01
-5.046987000593341488e-01
5.458493529628116736e-01
4.280176328253284534e-01
1.437609690405498020e-01
5.165055284181110373e-01
-1.277857798491090380e+00
-5.206951754924277198e-02
-5.107327063922484367e-01
1.052214213304323964e+00
-2.157427652817478503e-02
2.639663432489839368e-01
5.201221014648582663e-02
-4.611459582895205966e-01
-1.353515017001886145e-01
-6.411396377422131643e-01
6.281570497450853496e-01
-9.737546149384243011e-01
-1.699857999311218948e-01
1.212779060474236781e+00
-7.580881900654331540e-01
7.266829411908001246e-01
2.418487477785449258e-01
8.675526418535564055e-01
5.986039233519324654e-01
-1.723643404611655550e-01
2.790831193790071496e-01
-3.793358224169839366e-01
-5.523851527205811962e-01
-8.588550450524861102e-01
-7.922631051993906937e-01
6.675716886644578185e-01
-1.053017857072164443e+00
-6.169260033782208996e-01
-7.462062987382824808e-01
9.231178762654712600e-02
-2.707679835626493059e-01
-9.586878033443158031e-02
1.509747365212797288e+00
4.635215748686638548e-03
-1.873079036874605308e-01
-1.198291073299926124e+00
8.584204007699031136e-02
5.957034734198227710e-01
3.441368479859501228e-01
2.298998433396625407e-01
-1.143793948341071287e+00
9.222119581433327884e-01
1.405756585111488377e+00
-8.179569795657941622e-01
-1.981753547411468641e-01
-7.123423982038863400e-01
2.435740305868894229e-02
-1.980162269448857648e+00
-7.812502772731371170e-01
-5.845712161984002453e-01
-4.364870733862554197e-01
8.728174894164330011e-01
8.180874783668756756e-01
1.021777409657681768e-01
-7.024178866406141086e-01
2.736940097800442118e-01
6.568967619490240217e-02
6.468988514530027434e-01
8.032873139737788382e-01
-6.749074262892771348e-01
-5.255627010050791803e-01
6.308402650858919714e-01
3.994065361309134810e-01
6.253503290277571125e-01
4.798783334913240828e-01
-1.182789218894589212e+00
-1.040993340408594925e+00
-1.583275872995889011e-01
4.604716637807450552e-01
5.908450023355382719e-01
-9.596260942429559737e-01
-1.005482968918147701e+00
3.896121739743163559e-01
-1.910535865481058915e-01
-1.568182091809372958e+00
-2.561927622602631627e-01
-5.386261275802406434e-01
5.226901955001459488e-01
-5.239691318629083883e-01
-8.654615684647959384e-02
-9.874744175942685720e-01
-7.783013175004407369e-01
-1.539836838065244962e-03
3.083305276299292963e-01
-3.716382696285578935e-01
