-1.093583636321032726e-03
9.890785218892954311e-02
-3.210171112026345419e-01
-2.167325391621719444e-01
6.311452254453620014e-03
-8.263687400165618813e-02
-1.461605013518633422e-01
2.966204066242759674e-01
-1.685535437092245958e-01
-2.705506659670950387e-01
-3.716071521503432340e-01
3.809689888450411011e-01
-3.993852043573122845e-01
2.878376178117493245e-01
4.494111237759454425e-01
9.645081021561809076e-02
-6.462364900838474258e-01
3.078015177865849328e-01
1.856417362370438306e-01
-1.745737187251197031e-01
-4.451568719916262906e-01
2.822377208594797904e-01
2.866345264391728653e-02
-2.923873759791152382e-01
-2.399038812517695074e-01
-3.491431708616864471e-01
8.634617112538303663e-02
-3.624216513103647452e-01
3.951466952077625772e-03
1.644433168892060759e-02
-1.469940131007879680e-01
1.918243086793958996e-01
-6.095737096949468969e-02
-5.855671842700611585e-01
1.484666766378928138e-02
1.215755621455349711e-01
4.197337153037355439e-01
5.880264375805331900e-01
3.077574608937789780e-01
-3.582210715511549015e-01
1.752754758996501183e-01
1.241035260543675578e-01
7.112531158802060105e-02
-6.788684263709429123e-01
3.667333813766012751e-01
1.174872255710925212e-01
-6.515425306301956265e-01
2.332617945823884931e-01
-2.309684070028016067e-01
-4.102232893124114765e-01
-2.321497085219209056e-01
1.509822568699811240e-01
-1.009383112187812737e-01
-2.550658931257805406e-01
-2.602908337043495779e-01
-2.600957925581461883e-01
1.030245158138103634e-01
-1.103053333212846571e-02
-1.526916959804582585e-01
2.950433984696344547e-01
-2.293768126268850294e-01
2.105392677479953067e-02
8.432356745078692373e-02
4.215178333676579125e-01
2.434350555972634167e-01
-1.177756286228224814e-01
-3.203187451797765428e-01
4.140555916079743382e-01
5.613832770080080525e-01
4.172132731631840175e-01
-3.967323849870488806e-01
9.159140221218364797e-02
4.978080538198648153e-03
-4.193087277541632241e-01
-3.898759979225550065e-01
1.374679947478622821e-02
1.574845870837902895e-02
2.554040710851039897e-01
3.229376677125364026e-01
2.100416489770329798e-01
4.452127404824999246e-01
-5.515233408384913050e-01
1.887722595397396397e-01
5.490705734215568790e-02
2.796521266614023782e-01
-1.599673673392550399e-01
-2.056172951658638004e-01
-4.275196350768399878e-01
1.229647017781343304e-01
9.470613943506431265e-02
-2.931184236113429931e-01
-2.662863252024913474e-01
1.610946370234848934e-01
2.282253262860199916e-01
1.908359087915779129e-01
3.262299522954427711e-01
-3.014634902614371503e-01
-1.995197279472704921e-01
-3.513821001426838120e-03
-2.383371812498771836e-03
-1.606756810055608165e-01
-1.539641713500490283e-01
5.255198681483664869e-01
-2.492714557047461255e-01
-2.607337539326143316e-01
6.079042510168591873e-01
-1.593803135778117802e-02
3.054893423445516065e-01
-4.007227313945024294e-01
1.608433534125666142e-01
-5.121090117707445266e-01
5.098709136103392048e-01
-5.053910277136271223e-02
3.028842313328722891e-01
-3.808006496038052191e-02
-2.948232539845345723e-01
3.344640132406659916e-01
-3.968325803038368349e-01
3.586853027806288785e-01
1.458025376153349317e-01
-1.406374518983493083e-01
5.026877947405521407e-01
-2.609451191140945703e-01
-3.901054687996408088e-01
4.076029945823211875e-01
-3.608377095726774120e-01
4.352818310694854254e-01
2.128291368073891576e-01
-4.327413923738180346e-01
-6.265690910218054688e-01
2.422030636216377653e-01
-3.846453495425912195e-01
6.265286694188233474e-01
-9.697646829950568037e-02
-3.732675484577990810e-01
3.072121331660738752e-01
1.753712442400898741e-01
5.066327684866709369e-01
-4.970088204643813845e-01
1.451356925321804214e-01
-3.331978059775199674e-01
3.936545534621359033e-01
-3.573665609688724265e-01
6.810853068741967720e-02
9.128501764265853358e-02
-3.714977796639233887e-01
-3.555715549849050583e-01
2.207919435897187643e-02
-2.506286092300499813e-01
-4.723382272586749142e-01
7.185640945252960154e-01
-2.895952597370403669e-01
-3.576147418448262782e-01
-4.846339009686019272e-01
-1.168188054031172596e-01
4.756907541590542077e-01
3.287228720807890969e-01
2.720738021601448176e-01
-2.508728848822244784e-01
-4.441479829940528923e-01
-2.782521325620249120e-01
5.183417254456466061e-01
-2.511450452789991683e-01
-1.594390482682126464e-01
-4.488915046999468472e-02
2.325179888366665781e-02
-3.863406823964659620e-01
3.038559207999116940e-01
-5.464355327743074531e-01
6.090298928328273798e-01
-2.458680510112565276e-01
1.067090835942463567e-01
-4.055948469081355895e-02
3.631796929744735558e-01
-6.101282460306887145e-01
-5.079627612557220395e-01
-1.824891448887922263e-01
-2.801320411856097481e-01
-3.259202757910225623e-01
-2.092677609195975341e-01
3.296186440667897566e-01
-2.941521190285647513e-01
1.996114961135862509e-01
-3.803082786769531598e-01
-4.846155431439036487e-01
3.621642826133502080e-01
4.577802171870316850e-02
-9.937167582231938578e-02
2.415405752528689276e-01
-4.660473950407545418e-01
-1.910401849451622835e-01
3.104671348559543409e-01
3.911447606756349171e-02
6.822410460042421798e-05
-1.932496905909823759e-02
9.697004223706955084e-02
1.810890408800474582e-01
8.538922241707411209e-02
-2.583369363412039293e-02
8.558381500595574343e-02
-4.911698057091858916e-01
4.023708639082904104e-01
3.587872064322848442e-01
4.501305386822191945e-01
-2.624158068620487949e-01
-2.051886469342739938e-01
-2.284103041492970276e-01
-1.056733493694733128e-01
4.266608158424132213e-01
3.353001354269361522e-01
-4.438371242032294606e-01
-7.549100785870531405e-03
3.284980108402849597e-01
8.044419530604272062e-01
-2.667895060539399177e-01
1.110355596778332954e-01
3.781690687384806626e-01
-2.420343553798276481e-03
-2.468545211432881734e-02
-1.207029970669599439e-01
-4.562386140874860607e-01
2.457411534207042947e-01
2.362911370576398218e-01
5.004129632893614676e-01
2.851453705917929016e-01
-1.563954469146751625e-01
1.739982556736553998e-01
6.074133634292416817e-01
3.226321371861031184e-01
5.385143561518952460e-01
-3.381269356460027131e-01
-3.337582964396087482e-01
2.885606554806597890e-01
-4.739100616089385598e-01
-3.637202229426755307e-01
-5.298333258102039256e-01
-6.158479122193623034e-01
-8.815672353732273425e-02
3.478099847960756663e-01
-3.791581846174478798e-01
-2.515336705123353278e-01
-5.669094006375197115e-01
2.242318693959745313e-01
-2.606620106317739660e-01
-1.559474239651272853e-01
-2.745058887822181548e-01
-1.212317587052997997e-01
-8.774051089378100132e-02
2.384511360307860484e-01
2.750202825903089732e-01
-4.509010138146879454e-01
9.946152580421604994e-02
4.432199855750186268e-01
2.423952508805104489e-01
-2.079381741121601734e-01
-1.356577852515178373e-01
-3.193805986987017786e-01
2.863259663616184447e-01
-4.644356962052397231e-01
-2.507754875750780599e-01
-3.048264343283502709e-01
3.057824477455023393e-01
1.215831445424978008e-01
3.401517001382375893e-01
-6.027821751476369894e-01
