-1.805609840608894678e-01
6.698193705091289030e-03
-4.155218291605354830e-01
-2.496696988800222172e-01
2.608380290323843165e-02
-1.110351154643641480e-01
-1.766151865102810192e-01
4.183818935939265238e-01
1.319892263949227207e-01
-3.931379979681369763e-01
-2.049884189806627788e-01
2.256330232935881419e-01
-3.855303042879693609e-01
1.944573821348996590e-01
4.630100848344541054e-01
1.776219510072269692e-01
-4.001066728071834833e-01
-1.512851234442594284e-02
-4.673645425568426215e-02
-1.976226282552339675e-01
5.174394309961162508e-02
2.186242320563234753e-01
1.795300315013115267e-02
-3.277895029339726873e-01
-1.729599291295758900e-01
-1.768283618551177439e-01
3.417805727333300680e-03
-3.976476391846910374e-01
-1.731672134620214354e-02
7.735154411253687690e-02
-2.229741458088176087e-02
-2.454045105226600534e-02
-1.377663588026933061e-01
-4.830872933333262287e-01
1.663363043146939835e-01
1.198856170097906820e-01
3.338392507392647923e-01
4.643244383747147652e-01
6.673389776099351856e-02
-5.278275674937953355e-01
2.390361698744719876e-01
-3.054856240367117559e-01
-2.448822901633636584e-01
-6.249534039683916076e-01
3.037356029787268152e-01
9.736094530180683382e-02
-4.304451567794097544e-01
3.438056870670417320e-01
-1.176422777019996702e-01
-1.451931310071686299e-01
-2.415692898213104012e-01
-1.263404583772824996e-01
1.314267949672640878e-01
-1.095470670398970003e-01
-2.994779426833142910e-01
-1.029323862974472065e-01
-7.750220787486571117e-02
7.613500449292802397e-02
-1.404593186265426508e-01
3.726100476176533172e-01
-6.329465847962909009e-02
4.479238437461873640e-02
4.907573238645485114e-02
1.759445912955908964e-01
2.797354491878348282e-02
-2.258932064889427327e-01
-3.107258460014878931e-01
4.199241108978449821e-01
3.916316489256846944e-01
3.081377149535486915e-01
-2.634856143947000851e-01
1.342889756823215652e-01
1.768654721142341180e-01
-1.335110173516169674e-01
-1.095333772441881293e-01
-3.885567129276866483e-03
-2.015893953632270086e-01
1.494791052981539470e-02
1.619805243062781008e-01
3.889631151293700961e-01
2.918437605035439919e-01
-3.124629934858687008e-01
3.686160150270254010e-01
-2.466091239441694713e-02
3.625895950075685992e-01
-4.223612622150631490e-01
-2.817688338693304928e-01
-4.703618524120050659e-01
1.957986497889768751e-01
1.737260870205442342e-01
-4.021089000883426023e-01
-1.389069855647724339e-01
4.131883063015589358e-02
2.717992160031745819e-01
2.225397036534127460e-01
4.150049579459090809e-01
-2.048528953725963775e-01
-2.448566149787255730e-01
3.024626408746795836e-02
-7.338543817409992620e-02
-1.693749402295146034e-01
-8.352070872610964369e-02
5.174355845833054079e-01
-3.532382184404559977e-01
-2.161485017995866675e-01
4.935521694316010732e-01
2.444393475527761872e-01
5.406772051420030145e-01
-4.262623394053014492e-01
1.854127503355937345e-01
-4.117311271907591053e-01
4.690610037464624238e-01
-1.021566094857668805e-01
4.462429152438184277e-01
-1.480300007418695017e-02
-2.858097658388755735e-01
1.386567205754934418e-01
-2.567105613694201094e-01
3.723641340736798533e-01
2.489698167462825462e-02
-1.697859899036874010e-01
3.049268529114442794e-01
-1.796103432580110626e-01
-1.458404416584705432e-01
4.750541076488131731e-01
-3.105279962635100199e-01
3.617536749654756134e-01
-3.284225385680433762e-02
-3.046575389400648648e-01
-6.188464187766504754e-01
1.212843584043439005e-01
-4.371617247035768372e-01
6.678546058477308200e-01
-6.267940626163220896e-02
-3.875082820697368091e-01
3.670096869513526650e-01
2.038671965941529218e-01
3.496487292670871216e-01
-3.060271601200894032e-01
1.418822290584926815e-01
-1.955438041652582393e-01
2.739487211992429061e-01
-3.107090855887520986e-01
1.734988083437488948e-01
-1.321316352711920245e-02
-5.831445443898619629e-01
-7.527163909479479831e-02
4.096979133536277767e-02
-2.384472091101537683e-01
-2.790063389849056774e-01
3.905131550025556786e-01
-2.498011706842953039e-01
-2.393106895608319851e-01
-4.051457151780892274e-01
-2.069639689748031530e-01
4.937875699997586465e-01
1.441299877682729880e-01
2.603541818179486711e-01
-2.525625500174318860e-01
-7.488788037510623052e-01
-4.283396287919228884e-01
4.584453863634140869e-01
-8.784609968099769961e-02
-2.226150114845359962e-01
-1.600119726577779178e-01
-1.260801130557494265e-02
-3.102034531211526058e-01
3.556528490127783826e-01
-5.171053264614989819e-01
3.405931208561167045e-01
-1.767859997485108359e-01
-1.121846533712871630e-01
-1.712709994087267817e-01
1.244190909162955216e-01
-4.949960291817231406e-01
-4.713638257723469782e-01
-5.771170713005480124e-03
-3.523291854827205749e-01
-3.037335567816747406e-01
5.246830225539172998e-02
5.009360374696478768e-01
-2.976572766948890614e-01
5.271239593986795646e-02
-3.506017451128595752e-01
-4.813918980237822387e-01
2.611157423213276707e-01
1.810980766546189669e-01
1.269591970474309717e-02
6.557495431501378369e-02
-2.826716275806903100e-01
-1.088485584782585142e-01
3.082560050335358959e-02
-2.744922999220342774e-01
-1.735711863190723958e-01
-7.323667960507640462e-02
-2.875161909672940275e-01
3.718919724941480154e-01
-4.401481435538034948e-03
4.818741619005315058e-02
-1.623485559695767577e-01
-3.364665785274786880e-01
1.271224587056892785e-01
2.652816658897959035e-01
3.190675194797102376e-01
-1.120729291235564307e-01
-4.474156345431827275e-01
-1.983237514255379863e-01
-8.802669105104687919e-02
3.292903581089981491e-01
3.102940332337510987e-01
-4.056561444652682091e-01
1.239729591664666397e-02
4.906767810141152708e-01
6.125795205210559091e-01
-4.179097937609316249e-03
1.195688457961011086e-01
4.529286710317533826e-01
-1.052846256713288325e-01
9.210634136174006281e-02
-1.185611590622636380e-01
-2.172288037020964069e-01
8.900763773404082868e-02
1.966669936938643948e-01
1.776258073146592953e-01
3.121421031026524462e-01
-2.420484992421244597e-01
1.374970306449415647e-01
4.598689411120120973e-01
2.435062834002463816e-01
6.025159100293284720e-01
-3.843190676521138771e-01
-4.264105274213929597e-01
2.338383711473863980e-01
-4.750553396965147557e-01
-1.719795566392133546e-01
-4.153437460516087865e-01
-7.369917754384878172e-01
-1.193335474349859343e-01
5.785514650473998488e-01
-3.312218637415855760e-01
-3.009146707560101386e-01
-4.898276812599919872e-01
6.978573851572024422e-02
-1.853560301828716950e-01
-2.196146674231781726e-01
-2.366829648876481451e-01
-1.582279411241098444e-01
-1.530289391050064507e-02
2.582747082378270553e-01
1.783446144497490282e-01
-3.185653769048264472e-01
3.213006104796392037e-01
3.197478786563096032e-01
3.519789930076682727e-01
-2.190288582329886213e-01
5.254646832695303305e-03
-5.436279640585092165e-01
1.592091951347404111e-01
-4.028899271290929951e-01
-2.900404049845750065e-01
-3.127135334921472554e-01
3.574042425995076488e-01
9.883241356992761295e-02
3.167462448549512866e-01
-3.016122999808859007e-01
