-4.523416190154409822e-02
4.942021029398735443e-02
-3.590398409111593692e-01
-1.464384980918571610e-01
3.416234894707589898e-03
-1.757923472349665062e-01
-1.171845921545777991e-01
4.042574805698879725e-01
1.181854370145453553e-01
-3.021392940601206889e-01
-2.254196907543683237e-01
5.012615520012555503e-01
-5.114352714232541786e-01
3.349305970037844693e-01
2.456600726323260320e-01
7.026285162787651584e-02
-5.673487365661460391e-01
2.113782557755723990e-01
-9.124914395742325657e-02
-3.062298697251279456e-01
-5.665063683503825803e-02
2.675097369877139641e-01
3.502945058103697218e-02
-2.528748132947296057e-01
-3.364707320717083006e-01
-3.659267182499992277e-01
-8.464264326040243924e-02
-5.727476275716050225e-01
-3.381486383476536156e-02
9.085548145323736613e-02
-1.468617654741931067e-01
-1.275657764131984950e-02
-4.047688496193550811e-02
-4.571849767044212642e-01
3.052201339393060264e-01
1.844785384998662292e-01
3.092060552808931218e-01
5.887443022225105071e-01
1.117623750162496654e-01
-5.198474676220108392e-01
3.160872338638646140e-01
-2.095769937452900133e-01
9.424276449959795299e-02
-6.120072794635372793e-01
4.426649317979481912e-01
5.796254033023063440e-02
-5.783091166744507294e-01
2.206966006236301958e-01
-1.333770967209442770e-01
-3.143096395122435549e-01
-1.264442428901486060e-01
-6.535277631164447543e-02
-1.379514318074266943e-01
-3.288344015992464286e-01
-4.379337576476716176e-01
-1.420789073839403560e-01
1.762283234324856784e-01
-6.025125736884678895e-02
-6.932060722855119816e-02
1.635546345715749306e-01
-2.825638353473542974e-01
-2.902666747476129183e-02
1.752717908434853200e-01
3.783602332522385536e-01
2.077203657272438386e-01
-5.029588123677934675e-02
-2.458613689006022840e-01
4.437794226489838456e-01
4.329562949868596133e-01
2.702539165156083167e-01
-3.752032827757371125e-01
1.019881263604235921e-01
5.523721327825549532e-02
-1.570554525579208049e-01
-8.425661638749593063e-02
3.846341739665731785e-02
-2.996530109683970267e-02
1.861569784254612503e-01
1.840258741368040740e-01
1.711240518210880024e-01
2.863835995836364057e-01
-3.717086912888860617e-01
3.518644538948862976e-01
-1.861117671004268101e-02
3.522450616783379673e-01
-4.711312928440518633e-01
-2.068748582785008283e-01
-3.791507177191947853e-01
1.082933664482605557e-01
1.816049961281333280e-01
-2.965037932630801842e-01
-4.555502157978048583e-01
2.566045373896699289e-01
2.024610669594792411e-01
2.597676199236976791e-01
4.001417549024382514e-01
-2.472589384908682464e-01
-1.291683415963555681e-01
5.389079630185854286e-02
1.703302091117420147e-01
-6.170818385034923526e-02
-2.453892334483335769e-01
4.869557782461066964e-01
-3.437305575356162102e-01
-1.959244625138660267e-01
6.563406638277625715e-01
1.451406261360837224e-01
4.555717700789622682e-01
-6.451164231043809982e-01
1.724386623877753877e-01
-5.515729917992915343e-01
5.494158240461338716e-01
-1.603383130993572825e-01
5.428985249599971308e-01
1.103074627973185950e-01
-2.253687184564493462e-01
3.658796629525945532e-01
-3.218560503676822226e-01
3.237113898600464945e-01
-6.997721201440024186e-02
-2.931409800390719633e-01
5.127051063484120430e-01
-4.846990063895112444e-01
-1.661166147489781530e-01
4.961744247072132907e-01
-3.558230877967168415e-01
4.154878656903182588e-01
1.500091233497013454e-01
-3.473010867975843130e-01
-6.247661866278941822e-01
2.986202702040447465e-01
-3.202264704320536559e-01
6.831536210305607648e-01
-6.021086286989454917e-03
-3.692724444677085160e-01
2.730674667637774666e-01
2.307925333797312684e-01
6.136090323093676968e-01
-6.257216817229578343e-01
1.005710003655503892e-01
-1.452295961360814125e-01
2.771573001615788012e-01
-2.025336793685061920e-01
-5.319076761378239288e-02
1.069984909059526132e-02
-6.439528190978880406e-01
-3.766209575987529146e-01
-2.740195589125582476e-02
-3.542533672139014933e-01
-4.934041190399425236e-01
7.835068911505300715e-01
-4.710268441864379207e-01
-5.109149739957064007e-01
-3.161822220646184900e-01
-1.321942323032778144e-01
6.169384920346876466e-01
6.202685298181670470e-02
2.424155136923714648e-01
-3.076459442292669433e-01
-5.654822323186332600e-01
-4.296600175311245939e-01
6.373920798939847199e-01
-2.400913226738298767e-01
2.721108993161547307e-02
-3.525380479898581609e-01
5.426202333741386719e-02
-1.900035926004740583e-01
3.788179227694814521e-01
-6.354682291432325325e-01
5.571763173085331200e-01
-3.477714084553203966e-01
1.068895786558174688e-01
-1.161623008399888940e-02
2.802443754569871048e-01
-6.514540844466748526e-01
-4.496378774264860878e-01
-2.229752544959641980e-01
-1.901743820799283724e-01
-2.887659149543410075e-01
-2.870199188592598705e-01
1.124992569380553337e-01
-3.899267940583396319e-01
1.552290530985134531e-01
-4.537061356356577035e-01
-5.733065915434402138e-01
3.593081833201998143e-01
-1.215470498969318559e-02
-4.118167315457254424e-02
2.284333474550834797e-01
-4.301868649118451571e-01
-3.154800544574932752e-01
2.623621610325531650e-01
2.819222327567203618e-02
-1.139795581666206425e-01
-2.048000356904882968e-01
1.369460907630874746e-01
8.918212768480110464e-02
3.462596147308985572e-02
1.671912770465754927e-01
-4.554059073034476268e-02
-5.004378644477798233e-01
2.886494861445788596e-01
2.553225820909418298e-01
2.074233033594931608e-01
-2.706473539301447184e-01
-2.668057092914240536e-01
-1.336915218052068255e-01
-1.055760338584184749e-01
3.084415086622637192e-01
4.926935658468193369e-01
-5.460824280457420299e-01
-6.592238776454913129e-02
4.788918109102416887e-01
6.632736263427616574e-01
-6.451580766775016906e-02
2.273396686490488164e-02
5.086154212714126821e-01
-1.204290960218002554e-02
-5.308263186623289609e-02
-1.283959162471694504e-01
-5.485572520729095070e-01
2.850144363601395670e-01
8.744434786210407429e-02
1.727982819862747821e-01
5.761119382486237228e-01
-1.015774470355455261e-01
3.609980675701602859e-01
5.292094932348101466e-01
3.714227820001912428e-01
5.985616201618800813e-01
-3.308182933389157698e-01
3.368729406792531078e-02
3.915496215985659889e-01
-5.149019812724879852e-01
-5.096380957072582651e-01
-6.155876441803654897e-01
-5.071043335115705819e-01
-1.323898674422930022e-01
6.563186839371915049e-01
-6.913800255149815666e-01
-3.479420580009362496e-01
-9.376549895597703355e-01
2.190496577029340253e-01
-2.689891123081836755e-01
-1.856490455261440298e-01
-3.280627032550695876e-01
-1.326787987366457311e-01
-3.140686042986043369e-01
3.833018085567307942e-01
1.687732933091923571e-01
-4.115138336050857548e-01
1.597175760412987144e-01
3.356211395170745626e-01
1.758640998620721874e-01
-2.452816605249030779e-01
-9.796805253018016357e-02
-5.519016220027370689e-01
2.902648913129114439e-01
-4.879019909404618827e-01
-3.689756905629123507e-01
-4.097221748729107382e-01
5.732089470799586195e-01
-1.824071817587536934e-02
3.275893518285213357e-01
-6.494980427637777609e-01
