-2.795966265694732056e-01
1.279493000574833395e-01
-6.148428902830709308e-01
-2.362993888697920153e-01
-2.655890983230901892e-01
-6.989301823325394514e-02
-8.749025181966130216e-02
3.657533700551470757e-01
2.715443786306842577e-01
-5.784526975301018670e-01
-3.927244962208127910e-01
6.011840853704861765e-01
-6.018422196626840304e-01
5.890446772358691740e-01
7.253488919967292503e-01
1.936665139858538276e-01
-8.104315494596188163e-01
5.186626891421939334e-01
1.633720619674858265e-01
-3.031343206522710276e-01
2.044955331743897320e-02
2.568673902991576163e-01
1.850626309856570062e-01
-4.185046055096156570e-01
-5.049763908120170619e-01
-4.800379034280971013e-01
2.251498672898549769e-01
-8.904414590272673458e-01
1.554684064060942728e-01
1.166775346789072354e-01
-3.063368351446264515e-01
-1.634433838176069798e-01
-1.375381295840060747e-01
-5.466234820599051858e-01
1.185353293011847109e-01
2.468714463491407662e-01
6.626275651280532086e-01
8.252205597462123343e-01
2.916875753125119375e-01
-5.764908280571511279e-01
2.813254678207346982e-01
-1.107302813814629583e-01
-2.194609681418696612e-02
-8.721711216249299348e-01
4.945031748929064608e-01
1.381310537297402719e-01
-8.909783860436449876e-01
2.487850069863443148e-01
-3.360848489598188826e-01
-6.880865599754303341e-01
-2.898442533931207543e-01
9.208766964065767668e-02
-7.453683929290930155e-02
-2.920965758581960947e-01
-4.084061281411641153e-01
-4.146984528666377012e-01
1.057880873612732087e-01
-4.946297532642335293e-02
-1.650848661790617067e-01
4.995081096545666566e-01
-2.463857951228568544e-01
2.403844099148788604e-02
1.954901019247081706e-01
7.066190190688046435e-01
6.106442571322029389e-02
-3.888328950669341921e-01
-3.619251001581210159e-01
4.950486896475106424e-01
6.328596436079990672e-01
6.286413450817200932e-01
-4.111476911928793609e-01
2.583067613357969972e-01
-5.341435139202493909e-02
-3.298248212147932290e-01
-1.984409552575464586e-01
8.279320746318294399e-02
-8.440630970906748409e-02
2.302943803042818982e-01
3.771922260208306343e-01
1.241904627130635541e-01
6.859150979689938588e-01
-8.406952263390423674e-01
3.307917316633923743e-01
1.164596387409527756e-02
6.047286784784837721e-01
-5.949101847932612985e-01
-3.482276926788628324e-01
-7.239057878059502737e-01
2.527052900456447926e-01
1.684961204427660730e-01
-5.018572002449466218e-01
-3.253601704387009685e-01
4.167159344315596314e-02
2.254123462312940251e-01
2.225222316627419317e-01
4.250617416118643854e-01
-3.240652121194346758e-01
-1.818228625126231401e-01
-7.697853862570158689e-03
-6.292250250256192778e-02
-1.414813568180202097e-01
-3.813107703554144412e-01
6.966819654958902319e-01
-5.230909247943390517e-01
-2.724234257006464821e-01
8.063217536092714965e-01
-6.597571914911565250e-02
4.864198632592906524e-01
-5.344843105501053682e-01
1.122885005810956849e-01
-6.996360561682144485e-01
5.971916132339349925e-01
-1.137576162818111913e-01
6.234082640548512799e-01
3.043254024286027870e-01
-2.849992396412359130e-01
2.858001923082326701e-01
-5.992469862924039159e-01
5.176476337491542346e-01
9.981979274437774441e-02
-3.339699226219773331e-01
5.940905375071020567e-01
-3.371053029051417904e-01
-2.581408426526923816e-01
4.848543020336559817e-01
-5.920413547319021141e-01
5.030158749875820456e-01
6.347153445846032138e-02
-5.156970077886393611e-01
-8.189210996806350895e-01
2.696645099798846701e-01
-5.318779190408922108e-01
7.901593870520714491e-01
-1.556879440724726060e-01
-5.681289365005693925e-01
5.487123683682806341e-01
2.880879501159380740e-01
7.976855295469017504e-01
-7.504195494821888079e-01
4.570917531947216172e-02
-5.933317631221884936e-02
3.254584936670641415e-01
-3.371048660436218869e-01
2.239433707496095716e-01
1.742436486097432291e-01
-7.171671982131151424e-01
-5.667385873621793024e-01
1.847784167127403121e-01
-4.683824174169605725e-01
-5.192469938177245448e-01
7.475501586644679453e-01
-4.802030543531616291e-01
-4.475631069485923597e-01
-6.537272561491891398e-01
-2.496452341484208248e-01
6.113766523506836137e-01
2.195448415488996941e-01
3.099552536693247484e-01
-3.545261726499497890e-01
-5.583780222583725195e-01
-5.785228950492085076e-01
7.133771878954082712e-01
-3.040453976924117896e-01
-2.263584005881512373e-01
-1.125518368424929250e-01
3.030715034413212772e-01
-2.212862837836327978e-01
4.166749354673832673e-01
-8.368275435586947086e-01
7.718031692845359615e-01
-6.894880629185650145e-01
5.031519351946950325e-02
-3.955318147686853747e-02
5.785067703547293050e-01
-8.027233959409458830e-01
-6.960896232327089539e-01
-1.564185904524271198e-01
-2.218130297499369408e-01
-4.422829094666896887e-01
-2.421744089861697369e-01
3.847855328346643788e-01
-6.599524045443103670e-01
1.153789328410551041e-01
-4.203895484132724181e-01
-7.672754472963451144e-01
5.354693430095015527e-01
-8.236617512927929541e-02
-1.288511707811110796e-01
2.726353257028600319e-01
-5.983586243637274427e-01
-1.567606079599587199e-01
4.852307880201595092e-01
1.947274752373390205e-02
-9.158937005172218537e-02
-2.544247632824836458e-02
7.049517933739912756e-02
3.172098484078325065e-01
1.491047883287939801e-01
-7.684073472538005545e-02
1.318145395933006947e-01
-6.236079438860063773e-01
5.218971213203651427e-01
5.735785691928320107e-01
4.776863115291149486e-01
-3.309647800927491001e-01
-3.176208823064367026e-01
-2.746112624753346276e-01
-3.476250241999883084e-01
5.211116224014572529e-01
7.774075046853545778e-01
-5.417873880695271982e-01
-1.156550569088829472e-01
5.483001314474396093e-01
1.095414936521729388e+00
-1.900837149292005090e-01
3.733574523280636659e-01
5.297772883935232269e-01
-7.737345281929264296e-03
-7.203984419157283270e-02
-1.066942908358209374e-01
-6.062268254389571176e-01
2.698550565281226388e-01
1.485121248911588365e-01
1.627260714830308652e-01
1.048350060762495706e-01
-3.842278974196143837e-01
4.359441826321518998e-01
6.086147223819214913e-01
3.668443721918811518e-01
7.429993014821534292e-01
-5.525561803908403125e-01
-5.433352445423622612e-01
3.597542937507542948e-01
-7.956910054051111736e-01
-3.096328253763283578e-01
-6.466140759559511064e-01
-7.057577261854821593e-01
-2.725596659838501745e-01
7.741851137426534191e-01
-4.391606244558111660e-01
-3.349975977139104666e-01
-7.070606160920003269e-01
3.695504889121683512e-01
-6.128372672843349633e-01
-9.115225621648659349e-02
-3.427043128398799543e-01
-1.139476055891739392e-01
-2.169898429981030330e-01
4.748117791242350005e-01
2.663094682891655185e-01
-4.094116794724749209e-01
1.286962465143742795e-01
4.896241812254337744e-01
1.518298760168971251e-01
-3.774713011096275106e-01
-1.725980375002444944e-02
-6.501726330745580817e-01
3.650443546588352794e-01
-7.196807931843747230e-01
-3.939573167492105843e-01
-2.994786448501081111e-01
8.627032735408979303e-01
2.041573261076641277e-01
4.617110738513185986e-01
-6.898654062707094692e-01
