6.400528785405701360e-02
-1.961176622703680872e-01
-5.494702180577542006e-01
-7.005203692345307598e-02
-5.002450613388553791e-01
5.020883995448166548e-02
-1.319347787347608936e-01
2.027432407445839413e-01
4.412917556040600875e-01
-4.398511818720861610e-01
-4.206472490554008514e-01
7.147190943285159914e-01
-4.700824403396592910e-01
5.013146202974934074e-01
5.435259082659544827e-01
-1.274403450169639962e-01
-6.236070028068489979e-01
3.984979255105882689e-01
-1.164734991370032224e-01
-2.379341263719388921e-01
2.938782596601963171e-03
1.487693083742245292e-01
4.332661020659123174e-02
-2.341423358899654417e-01
-1.405429721092658069e-01
-3.626967010951084314e-01
3.331498439846267701e-01
-9.232479615327553457e-01
4.217776064507310352e-01
2.943005121513767586e-01
-4.381474539566643234e-02
-4.058171344124600344e-01
1.254155437324954159e-01
-2.293301618563062805e-01
-4.643344401420090861e-02
2.807028292574665906e-01
4.909017180078607545e-01
7.738455227152981619e-01
7.701690847118791705e-02
-3.273022744597570699e-01
1.449906648732323111e-01
-7.283348319866400633e-02
-9.193589727100681674e-02
-8.317196304161337261e-01
2.210281074420318292e-01
-1.710390273183864940e-01
-8.088292210373322355e-01
4.009079415989336148e-01
-1.473371307957008769e-01
-5.745856488950242813e-01
3.356299735512802140e-02
2.479271959564134375e-01
2.621637368052001649e-01
-4.980914682696185869e-01
-2.504695801249990916e-01
-4.944311415280008282e-01
2.326498410479036494e-01
-3.005944294234746961e-01
1.861329684917365501e-01
3.050460670966159693e-01
7.042070420633783634e-02
-2.591775566002882947e-01
2.657985251051573350e-01
5.229295937864942845e-01
3.322637759049728023e-01
-3.577676661024709048e-03
-3.410460836143872632e-01
2.940119384503546707e-01
5.616886786910739726e-01
7.504469287221903206e-01
-5.823525247194244470e-01
1.931302518176634120e-01
-5.691219483690701519e-02
-2.425460636625936806e-01
-5.649930837498422509e-01
4.860480685912843546e-02
-2.185436160145539652e-01
4.646802214660993302e-01
2.243970282589324849e-02
1.032642032863080317e-01
4.312987885087593565e-01
-7.770188022170473330e-01
4.046001848011460122e-01
-1.817854770441448276e-01
6.634410758399167385e-02
-2.067339448985177075e-01
-5.163562200115009437e-01
-5.834268262143816886e-01
-1.090920563310522340e-01
-9.220921182036856401e-02
-2.694339355845335460e-01
-3.495653539310720204e-01
3.451444269823135125e-01
4.754417496649301356e-01
1.210938303554275342e-01
1.338772558929948175e-01
-1.859573308870298147e-01
1.027001190301621847e-01
2.754891835198285399e-01
1.390316672753266758e-01
-3.394294546831444492e-01
-5.062532399610620848e-01
4.012225118860165418e-01
-2.308852455653049862e-01
-3.201952961015315235e-01
7.130834474406940737e-01
1.520308779441538194e-01
6.540219543469942831e-01
-1.995901538589334168e-01
2.898527087988459483e-01
-5.667291975094227441e-01
6.239384955184841264e-01
6.826475428214229257e-02
5.007122494052252959e-01
2.200174211944033731e-01
-3.820060403058139764e-01
1.656815241329915311e-01
-4.359870009320480078e-01
3.664479665176172407e-01
1.472335787727446776e-01
-2.655360140437015293e-01
7.018760669983608036e-01
-3.497745995171167577e-01
-1.449733384632797550e-01
2.907962607516994535e-01
-2.251607102039083208e-01
2.912743524589338495e-01
1.048477054624400440e-01
-9.063483270825878346e-02
-6.748314988824472005e-01
-7.806270263462966597e-02
-4.121143888950412615e-01
7.395538930311087444e-01
-1.800843590546824524e-01
-1.522505744108080261e-01
3.166424306355203333e-01
2.148990098301192253e-01
6.066231977503311334e-01
-5.084444892217790946e-01
2.688960509740210281e-01
-2.855379600598464407e-01
3.042664816514542014e-01
-1.782926301221330334e-01
-8.719946484181262392e-02
-1.792892065146270975e-01
-6.465277059848965058e-01
-1.878150289123651229e-01
2.615538629451699126e-01
-1.136170707934175406e-01
-5.853364347800424916e-01
7.520086020902785329e-01
-2.394917068653389380e-01
-3.504409016853746728e-01
-4.742955793770112782e-01
-2.576403712480980213e-01
6.263557895576540302e-01
9.219863504397518561e-03
5.285592772008347318e-01
-5.490519663985735654e-01
-6.895477734442811979e-01
-3.588063629016587930e-01
5.127817575837264608e-01
-4.045765863736019430e-01
-4.382230322612047924e-01
-2.942038470604257938e-01
3.602932725456840513e-01
-4.748674006849802343e-01
1.199253526204989706e-01
-8.862064725377464258e-01
4.417976468892900188e-01
-6.560746505318313382e-01
-2.963796878255064993e-01
4.392231493324250113e-02
3.556818379024062615e-01
-7.998164983986228993e-01
-6.071936821266686879e-01
-2.917464599664664204e-01
-1.993950369040510262e-01
-4.994124406740008126e-01
1.162460278601983865e-01
-4.727442698997375015e-02
-4.902140934610723644e-01
2.458063970816305455e-01
-1.528980868752161104e-01
-8.139397125268135191e-01
8.026433272687835685e-02
2.644411179499150943e-02
1.006614472752469513e-01
4.414630090859489320e-01
-5.473743860183826193e-01
1.246477500234059732e-01
-9.436529627565581890e-04
-3.113703902401351309e-01
-1.381273403333067584e-01
-1.979087153180749681e-01
1.278908041030570875e-01
4.238628885370741006e-01
-6.756478282126920920e-02
2.208389976967125579e-01
-1.603409635045054404e-01
-5.006057219382649137e-01
4.875938382817526229e-01
5.598657983244548220e-01
2.403904365426278167e-01
-5.003536053741888256e-01
-4.267459705881155863e-01
-3.167561379697758639e-02
-4.763809410769959118e-01
5.907410602408278422e-01
3.641634283414638684e-01
-5.139930229481010082e-01
5.905083831562951691e-02
4.157989638760141160e-01
6.121790848609919289e-01
-2.160369603690912577e-01
-1.349330311632646884e-01
5.727979688415725246e-01
-1.967517570760244361e-01
-7.376104686196072180e-02
1.196776993270072253e-01
-2.499837999435811087e-01
4.826754153667563996e-01
-8.186672765498492765e-02
5.094602233051979123e-01
-1.282835042565355632e-02
-4.329116752274455582e-01
2.807597706036293328e-01
4.206447813570901584e-01
2.784408255550341327e-01
5.898389103255312627e-01
-6.413299245397044990e-01
-4.372377516251656493e-01
-2.180717216342396014e-01
-5.969064586215122592e-01
2.051439666077348178e-03
-9.007775730958124116e-01
-4.864744432677537977e-01
-4.435194761560776744e-01
7.240574341575444217e-01
-2.108513836588781221e-01
-2.191279419967826492e-01
-9.507417668377329267e-01
-3.458968924474570272e-02
-6.064376868759947525e-01
6.344695551752277396e-02
-4.872110337476686093e-01
-3.366369631186041378e-01
-2.663917338765159348e-01
5.004976203306905624e-01
3.572242582934689326e-01
-6.181207042179981404e-01
2.062169792361578935e-02
4.417592952346650614e-01
-2.219502160816899661e-02
-4.518044517812064287e-01
2.306379561762592623e-01
-5.720754866356403401e-01
5.138794091373585227e-01
-4.719557463076113901e-01
-4.801714416278962672e-01
-3.076020818500019294e-01
7.693719014204578599e-01
-2.099539820464577933e-01
1.914468805304778698e-01
-7.271602068157912990e-01
