3.014527214454684398e-02
2.827129395230253139e-02
-2.538006924025448807e-01
-2.156056167724549888e-01
1.306318723668023762e-01
-1.178359020741677476e-01
-1.381152395464417537e-01
3.015696750551087879e-01
2.550851560151381481e-01
-2.185078387497259023e-01
-3.213558641605677724e-01
4.421243561679752965e-01
-4.190724968032122910e-01
1.698252682850421302e-01
1.563136412466410718e-01
5.533998849382829738e-03
-5.803787192735125888e-01
1.814975124029423459e-02
-1.016705013343289499e-01
-2.674178705743008311e-01
-1.396489376712633790e-01
2.370377023219121249e-01
-4.525872341208151545e-02
-1.975526318963370942e-01
-2.010432756686741651e-01
-3.641738860107729958e-01
-6.804485081160727145e-02
-3.244957548045093731e-01
-7.004965757683703775e-02
4.643371266910255313e-02
-1.820719144018956293e-02
7.192179083766692127e-02
-9.457199496519760884e-02
-4.180917365334120284e-01
9.504483062493486456e-02
1.003021737583860429e-02
2.384501259533401418e-01
7.554853199169282441e-01
1.352506926353591321e-01
-4.017502079060776277e-01
4.654242981727435557e-01
-2.051580706503189633e-01
2.092189020258369836e-01
-5.313092505895600226e-01
3.753070260752680576e-01
-6.929127138118447438e-03
-7.985068743126881863e-01
2.266833855894347938e-01
-6.706200924088280557e-03
-1.821375803709251451e-01
-9.659163330949285808e-02
-8.814941626550058806e-02
-1.315699048700633422e-01
-1.894713878856826850e-01
-3.365204674757695802e-01
4.321717872213759470e-02
1.033507203755640175e-01
-8.856652868370769316e-02
-4.658342498366899176e-02
2.640228250474488947e-01
-1.922642034503854180e-01
-3.221979471825023311e-02
1.000534659163416079e-01
3.341538939410748088e-01
2.417924649863171793e-01
3.306877167793849381e-02
-3.059099641392539204e-01
4.088286014179592365e-01
3.781498137621129296e-01
3.097467470795602362e-01
-4.050556799269257602e-01
6.409775317248657400e-02
6.512096323632365902e-02
-1.549555010683801859e-01
-1.082418941265867462e-01
2.702587875447298726e-02
2.199396146545141983e-02
1.239578751880382329e-01
2.244337418342079726e-01
1.867577348232926648e-01
2.619928791290739301e-01
-4.282613756208020206e-01
2.835952464136543005e-01
8.399902367560034555e-02
7.459574710014982291e-02
-3.724497013576171245e-01
-1.522807488822406907e-01
-3.936830715093250221e-01
7.459248906152846081e-02
3.141258904921067074e-01
-2.972329841330343392e-01
-2.840651975742549684e-01
2.469715261254953054e-01
1.968947906881045040e-01
3.432555160257217963e-01
4.028850145796392668e-01
-2.554425723633571010e-01
3.129016173325063765e-02
-1.379079264793993398e-02
1.040004598022701565e-01
-1.487214841091393791e-01
-1.786465549052367874e-01
4.039937441349512048e-01
-2.372391800682805696e-01
-2.056328683045519634e-01
6.909707532922126916e-01
1.839950712671640232e-01
3.811607032387391847e-01
-4.858029119879776481e-01
2.009798150134679551e-01
-4.594262395571291346e-01
4.482312971981621263e-01
-1.597577866666144986e-01
4.212461036307677542e-01
-1.110277920000564411e-01
-1.762513085943478441e-01
3.846272506627812504e-01
-2.481978183921393077e-01
2.529392445491501773e-01
5.204890510913687263e-02
-2.491322438337691680e-01
4.347931120851774578e-01
-1.892751718477118927e-01
-1.444298405641432081e-01
3.513920976959682418e-01
-2.592903699102022119e-01
2.330781310326142941e-01
7.638547223004601983e-02
-1.090696560685846528e-01
-5.344197856604167018e-01
3.026544825455091958e-01
-3.050833810566800919e-01
5.901732079726264013e-01
5.140936424818928763e-02
-2.919969106609904830e-01
2.074271877797727037e-01
2.153897543894250366e-01
4.347415799706464412e-01
-4.665788533902555102e-01
1.715259585224419570e-01
-2.013874336511926044e-01
6.943193156983207270e-02
-2.551692373784938406e-01
8.612125864333373959e-03
-7.838325498248825685e-02
-4.262443729234753897e-01
-1.673744370803548487e-01
-4.035715253093867527e-02
-2.811870246760304615e-01
-4.394180514280915384e-01
5.810478328067603115e-01
-2.975886063647640856e-01
-3.309668598818140683e-01
-3.714745460809120159e-01
-1.074615398242550479e-01
4.681139096977108283e-01
5.802558543645294775e-02
2.258678687131236429e-01
-2.510059033087949087e-01
-4.157532740414617289e-01
-1.295709859845907141e-01
5.937716634977319163e-01
-2.321076183136853155e-01
4.411803278019127417e-03
-3.202364552860085395e-02
-7.489371696148093560e-02
-2.745451345734370441e-01
3.428628545262893401e-01
-5.259469614460717812e-01
4.433682238119145413e-01
-1.485772860688784336e-01
1.250806076949316503e-02
-1.325794872203035768e-01
2.399059339798621238e-01
-5.596211728689648446e-01
-4.070789418333456977e-01
-2.140013258047287481e-01
-2.411672611639744945e-01
-1.939002956458850124e-01
-2.487225802789153617e-01
1.500550004913115132e-01
-2.648490628083434162e-01
1.669262516819648712e-01
-4.093518747456493800e-01
-4.173491683383687700e-01
2.283848702161782596e-01
1.473330637668943122e-01
7.949268657947763939e-02
2.188759735527378014e-01
-4.562285447662566273e-01
-2.248722765473676333e-01
1.551099063949990808e-01
-5.288246979607136994e-02
-1.186320197067845528e-01
-1.070153000046286662e-03
-4.095413624561427407e-02
2.849891355408851745e-01
-1.802786515356910244e-02
4.800111698394319421e-02
1.135991678163250640e-01
-3.093464447973490183e-01
2.717160114126948578e-01
1.552523632812275733e-01
1.280815073464554310e-01
-2.306744948048002897e-01
-1.650308309405211782e-01
-1.091163706242320730e-01
1.582322779880694641e-02
2.732923095264224722e-01
1.487551391933243927e-01
-5.457952706658832920e-01
-3.471368169500142070e-03
3.022583900416407343e-01
5.761016118659004759e-01
1.377714256255108127e-02
-1.882061372604101196e-02
2.953590363420054432e-01
-1.785490636821475408e-02
1.201131208591235816e-01
-1.876781129568923512e-01
6.647874930709063435e-03
2.433073857005503826e-01
8.911322893249326582e-02
2.562282633142796140e-01
4.497296735989002592e-01
-8.287666025073833764e-02
2.063351733464350024e-01
2.405068787538379715e-01
3.328033354106582076e-01
4.828592051320180767e-01
-2.783465223143550826e-01
-1.993627992862627984e-01
3.455711106247424946e-01
-3.910657695629323194e-01
-3.598831472454778746e-01
-4.551282223654652404e-01
-6.856978388959998894e-01
-4.335783140932669005e-02
5.580378728956794099e-01
-3.235061165058118471e-01
-3.732957268764596770e-01
-5.531871721621743898e-01
1.518241628705269686e-01
-1.200766469965750260e-01
-1.260522789683103939e-01
-2.706169737708513656e-01
-1.071487583863931503e-01
-1.299282531997662526e-01
2.015999355812991278e-01
2.830161099239754119e-01
-3.950477243150644635e-01
1.617038776170496295e-01
3.993275684506745193e-01
6.595758640018450913e-02
-3.265626937582833400e-01
-3.409759721219953188e-01
-3.574430327742836866e-01
3.232149387171703858e-01
-4.853814868991147558e-01
-2.789468637406503637e-01
-4.236156957009398760e-01
4.082611834949891882e-01
1.362745876860340932e-01
2.448693967717870956e-01
-6.598680030726815637e-01
