-1.020903022040354768e-01
5.657249388947203084e-01
-1.040782105706785643e+00
-7.056121418603955586e-01
2.282966197429809330e-01
3.541136012671963207e-01
-3.371832800064851199e-01
4.222248483591660717e-01
-1.038096930715990407e+00
-1.212504394686509945e+00
4.110943123083721229e-01
-5.623567362348600440e-01
4.171131438441992301e-01
-4.403936519220918999e-02
-4.329397588059061830e-01
4.461148179235411293e-01
-3.220463183888698788e-01
1.145887672988155082e+00
-2.071406361395735085e-01
-9.068003866960627768e-02
-1.205017185821088521e+00
1.543503837489702546e+00
-1.508767376764188706e+00
-1.175220754151789615e+00
1.986180167320273915e-01
-4.967295170421555661e-01
8.009350676940188984e-01
-1.656831537124207054e-01
-1.477151920965773080e+00
-3.647775962341650580e-01
-1.429600170093836109e+00
7.795821325758511833e-01
1.341844217219819946e+00
-4.839621871552510779e-01
8.962474662514768875e-02
-3.387873208328146535e-01
1.397464202715772430e+00
2.554696216933848962e+00
6.972325450402292457e-01
-7.923787833103627110e-01
-1.109889301065966061e+00
-3.221025120026019262e-01
-1.375664768213912925e+00
-8.231347863721956148e-01
-1.158249834015456226e-01
1.500925012285845295e-01
-5.591061967647631414e-02
1.254888684329459325e-01
8.943069519862243411e-01
8.750594908566478036e-01
1.157873606382837872e+00
-8.076572812104816368e-01
-1.109674097300329398e-01
-4.487447193292184444e-01
1.180419596317294761e-01
1.401657717288663507e-01
6.708215325027320208e-01
3.843241727951254294e-01
-5.546874183982016815e-01
-1.114286173883122233e+00
-1.933195820375348095e+00
-6.497958371891032758e-02
6.836329349049101722e-01
4.580179389005318291e-01
3.748511207527943645e-02
-6.906259467049427059e-01
1.001271105348323198e+00
-5.482638648955596716e-01
6.494013552279065404e-01
6.485639608263709111e-01
1.250274727448941192e-01
6.374529559909534182e-01
8.828725096780098980e-02
1.231483722323223784e+00
2.483037391441678121e-01
-4.290531959845764742e-01
-5.209992901789775033e-01
-6.019635854133609243e-01
1.077786680095503602e+00
3.862763390160822707e-01
-4.835787432040405398e-01
-4.900294875840172093e-02
-8.315645185571565179e-01
2.049309164077198209e-01
2.642205313831826885e-01
9.400246693500620143e-01
1.965465816272936372e+00
1.590006608238039520e+00
4.393254022964213079e-01
4.851454067024704164e-01
-5.372832354525889365e-01
9.716618949207272982e-01
-9.640454090335733861e-01
-6.943081895000385861e-02
6.208208455096755340e-01
-3.713312859380925590e-01
-1.208404593935311411e+00
-4.065689815727536738e-01
1.455087573720046823e+00
1.143657298521122856e+00
-1.150318027914352670e-01
-2.780218683596958895e-01
8.132445349853335559e-01
-8.246061727524394147e-01
-4.582154561098650269e-02
-8.271659704639648947e-01
-2.949498249970697872e-01
3.680759228076732614e-01
6.108266060204422532e-01
-4.023540035261859993e-01
-2.136001769044114096e-01
-3.805642076827280285e-01
-9.991824298689345740e-01
3.380704728376988100e-01
-4.224116467428569721e-01
9.259193084985277711e-01
-3.660241710738011967e-01
-1.382572895760903808e+00
3.006611813203224348e-01
7.934819480561694505e-01
-2.678686542461544695e-02
5.084990326244064329e-01
1.035703669985007735e+00
1.357746220455178676e+00
1.469823319707053710e-01
8.529395284893819262e-01
-2.255520267831956360e-02
6.801419294394532855e-01
-1.530558101597829790e-01
-1.460852653810752910e+00
-1.593539017825618131e-01
-2.055741992670108154e-01
2.170469893593991451e-01
-2.283086485729092230e-01
-5.495251130522842420e-01
-8.486382221217214639e-02
-2.815496148497451667e-01
-3.996165915290850190e-02
6.872502945353289316e-01
-7.114609055487264300e-01
-8.106467361953839657e-01
1.212167505832827619e+00
5.292991390924284278e-01
1.062002126418373771e-01
4.100860645757771206e-01
8.971353071253238554e-01
4.964441588595216448e-01
-2.605651433778198856e-01
6.036030704768603483e-01
-5.471128551912065596e-01
-6.380542328332009516e-01
-9.405544884259997573e-01
7.401476675826882401e-01
-2.066362198005721851e+00
6.184937760140856167e-01
-1.228445547960031581e+00
-3.323386044685024965e-01
6.352930982122340087e-01
-1.167958863300475603e+00
-1.019622947031302518e+00
1.222621407423295947e+00
2.420858833173963554e+00
1.628373299708324007e+00
7.797179257034020372e-02
-3.202233502609675431e-01
-6.799535791277629970e-01
-6.263131231901651885e-01
1.180969464789893841e+00
6.206561841784629108e-01
-2.725652402063418300e+00
-7.231792137732457881e-01
-5.308866073098670313e-01
-1.210081314993347590e+00
-3.920784416471899680e-01
1.434077322094201801e+00
8.832102834382570267e-01
-3.255631338759347737e-01
-4.345757955723590915e-01
-7.857216738953983759e-01
-9.667857464647037213e-01
-1.052705334126720293e+00
-1.543413048239547614e+00
-1.137587944881413571e-01
-6.365991570995694904e-01
1.223465319410492524e+00
-6.808472750166781884e-01
1.003693989966732314e+00
4.687748984280204478e-03
-3.226887351207658461e-01
9.645411190520162270e-01
5.997322136723686192e-01
7.463744741307435371e-01
3.746555678005464851e-01
-3.623027415794560779e-01
-1.127033184678211120e-01
8.087011678249202973e-01
-8.977602851667344508e-01
8.569233076050863929e-01
-5.632299128618474260e-01
8.001758571059320868e-01
6.877272846102105985e-02
9.021212268701372938e-01
-1.128715113370305945e+00
-4.481181854683565779e-01
1.531662488012084600e+00
5.189629294675873750e-01
-2.644596928607959585e-01
-7.875922032913643678e-01
1.101981998485532133e+00
8.980681175098383928e-01
3.762553112915862363e-01
-4.651905418683247029e-01
2.354983685282402650e+00
1.276732513647544920e+00
-3.454875074955979231e-01
-2.199419431781308165e-01
-3.006990822952909648e-02
2.554305992245526347e-01
7.369576861181847960e-01
-3.959137678359367363e-01
-4.038941843509281648e-01
-4.289718517933597264e-01
8.171730849486682491e-01
-6.871412415894913028e-01
-2.321144055754975621e-02
-1.906361656704649743e+00
6.161146277790074954e-03
1.460642930105260584e+00
-3.382908973126322327e-01
9.717604953002076940e-01
1.094645540321536270e+00
-6.246641874335616684e-01
2.573758873907473488e-01
-2.505533263929753396e-01
-5.190468916119632681e-01
-8.700220632987648584e-02
-4.984660799521675734e-01
4.893432460312127086e-01
1.493655422740135963e+00
-1.150246995986031084e+00
6.267680140663151045e-01
-9.727163004648529121e-01
1.245436956565906250e+00
-6.780660942850228468e-01
1.077942158712974940e+00
-1.257729592621879444e+00
-6.716644932686258729e-01
-1.267864710504370995e+00
2.775317786028214662e-01
-3.154349749444257389e-01
6.162188956566935216e-01
-3.153955353660992666e-01
1.363976871759647214e+00
9.846952617730050372e-01
-1.900154818992011996e-01
-1.570227239556147625e+00
-2.798961119237373674e-01
-2.158401713219259554e-01
6.677561447403386197e-01
1.202975266117727760e+00
-7.092624830363589705e-01
-8.473248981276293446e-01
-4.188358938059519865e-01
6.229557118752768741e-01
3.955513712828657713e-01
