-1.746989509772141624e-01
5.399144800132925637e-01
-1.789106068977275310e-02
-2.379441063490942421e-01
-3.304547638864943071e-01
-1.283500613026041126e+00
-1.056976463530907573e-01
6.107349896104637965e-01
-5.332219857934747953e-01
-7.873578099123320628e-01
-9.799791000413531350e-01
-1.023026053027350279e+00
-8.647575315984254996e-01
2.641459022849592664e-01
-4.070323694006317550e-01
1.019639584111373676e-01
-2.734054385412086896e-01
6.425205055814677824e-01
-1.269045737775679195e-01
9.651803192527144137e-01
9.857466970782146065e-01
4.699117267962119038e-01
1.926161821161092247e+00
-3.378817631752175643e-01
-1.301555373921123415e+00
-9.673553709794187050e-01
3.893066681983337052e-02
1.013068592123266498e+00
-1.039745828207158773e+00
-1.477949938842467170e-01
4.026613988078874273e-01
-2.116990768574752435e-01
4.805194210639103791e-01
-7.312962613139130097e-01
-4.827133616910711522e-01
-1.029749542050246047e+00
-3.065516648458118665e-01
5.037831564504888782e-01
-2.385989238562671311e-01
-3.263577478027875900e-01
-1.199663537524056967e+00
3.352126777656526113e-01
-1.906794445449225273e-01
-7.043293177527301108e-01
-1.000646951746020918e-01
-8.013757814929667322e-01
-2.044256173012144462e-01
9.146159747811397622e-01
-1.410450168326172982e+00
8.208778420821057908e-01
-2.282871058907431916e-02
6.923120585355810874e-01
7.203866911148038010e-02
-6.498894368759147167e-01
-9.360318953189877833e-01
-7.570412366572996099e-01
-1.044318526740367403e+00
7.215868374752110181e-01
8.351594439071274856e-02
-1.286590140303578433e-01
3.699975194692690095e-01
5.022890828167048127e-02
-5.594373827584425696e-01
-2.616877738540061560e-01
1.052187649990482532e-02
7.543826759438965190e-01
-4.530833748642617009e-01
-5.512041243497902698e-01
3.958612198396060933e-01
2.030374418955136484e-01
-4.177081138037656016e-01
3.567296476455999454e-01
-1.245043258856208812e+00
7.153354050743028214e-01
5.073705345476202666e-01
7.619275217798311406e-01
1.016174178126511229e+00
8.284615015614018585e-01
-8.122124467950144755e-01
6.630808887561072673e-01
-5.474359602075321574e-01
1.466215130483443652e-01
-3.498790812856622523e-02
7.465461022579502615e-01
5.085775876895338721e-01
6.548291286473391093e-01
-3.876640581317559175e-01
-5.496307018779069686e-01
-1.324775630299094287e-01
-1.536714640333116000e+00
-3.876997958163873048e-01
1.908060663060811235e+00
-4.190994347219275662e-01
1.233034779679293425e-01
7.603655970824325649e-01
-1.355781681789562931e-01
5.855186135391365898e-01
-3.026175193828941623e-01
-3.520723960400891639e-01
-7.172604483141501452e-01
-2.272869710462279702e-01
7.855788983263360947e-01
1.477635336063785276e+00
9.652242605000048714e-01
-2.775233110383997226e-01
-8.947807730527159720e-01
-8.120959818992825596e-01
4.404471475195266272e-01
-1.258584998433464053e+00
1.362537908405671683e+00
9.405284022761196683e-01
3.182378087573700109e-01
4.413906556788051438e-01
1.697688261301307788e-01
5.864090317757040260e-01
-9.566493704248325569e-01
-1.907525177319885357e-02
-5.978977759467207775e-01
-6.879523015121242757e-01
-1.395825656002178117e-01
-1.986435153753017824e-01
-1.596299273554008247e+00
7.356724146704891609e-01
4.002773119520471878e-01
5.610815511474995798e-01
8.241281901766719376e-01
-2.015003403051489062e-01
-2.634527170178526112e-01
-1.393972274031956449e+00
3.875530492710449471e-02
1.750189976187936924e-01
1.590651212509510137e-01
-4.897952885310716264e-01
5.637697917574553408e-01
-2.135635700589917363e+00
-5.243036379946888204e-01
1.007960677979009123e+00
-1.022787852408652221e+00
-7.138541773777447030e-01
2.516159849878173427e-01
9.949252454780437294e-01
-1.448032795999653621e-01
4.668416941869452108e-02
1.252379718676981391e+00
-1.298677028715911286e+00
-4.980364250836640805e-01
1.108422552154780805e+00
2.825494683827943221e-01
-4.070847943087105292e-01
1.325110326987921638e+00
1.000443994403939829e+00
-1.093567430448397215e-01
-2.045295910984837318e-01
-2.856806948473156194e-01
1.073944982130798476e+00
7.272481874503162746e-01
-6.675989494590270912e-01
4.167883346595177008e-01
1.254490939978563091e-01
3.629850667087496374e-01
8.896584032896883709e-01
-1.035153416452185282e-01
-1.080033587471795453e+00
7.829085422088366553e-01
-1.112790161813186129e+00
2.868649243118610026e-01
3.570617727554518117e-01
7.589305749644095211e-01
7.488381423182099983e-01
1.286393677360334165e+00
2.150168961229337317e-02
-1.867297661946731302e-01
3.392216893272764766e-01
6.588088009109860366e-01
-8.293420897804920644e-01
4.293382421023127504e-01
2.763585489165708009e-01
-2.600711567356561171e-01
-8.281802980893611110e-01
-6.442211286128662895e-01
3.049377617523266748e-01
8.189633922711463399e-01
1.347644669762073644e-01
-9.644381469706401200e-01
-6.558194131852906894e-01
-1.534565436224761825e+00
3.693355019617079460e-01
4.972995305608052252e-01
6.449325934866053656e-01
-4.948059864522085793e-01
1.413655306497617059e-01
9.090694506225727167e-02
2.209245380166059425e-01
-8.419471728184801940e-01
-5.699583894085941127e-02
-8.591738844309851908e-01
9.974729466789170051e-02
-4.131292409898926210e-01
6.611964566193605508e-01
-1.661173441440696230e+00
1.048034953549120907e+00
2.105162710131737169e-01
1.287586986309646742e-01
-5.082674226840711018e-01
1.196460794129033944e-01
-3.542253054065472861e-01
1.492872178053467613e-01
4.615300602117895501e-01
8.719832309216239974e-01
-2.756531667057122159e-01
9.134447774966305555e-01
-2.778943710845175330e-01
-3.568686971235226491e-01
3.530824817551523886e-01
-5.233962697213332405e-01
-9.471403070780355371e-01
3.419115160312421464e-01
6.186491736686312581e-01
1.861869245804592676e-01
-1.334680275006000505e+00
4.808841330499125655e-01
-1.984624862011680202e-01
1.118416407550314684e+00
9.547662221366878255e-01
2.637845511813247112e-01
-1.163623025202941585e+00
7.357364355530158218e-01
-2.731343243136621912e-01
-7.805518913184207319e-01
-4.921615861576927875e-02
-7.932752312487680868e-01
-7.572216970052709772e-01
1.171863373091575289e+00
-2.499320287621848435e-01
-5.650637215719133133e-01
-3.389949595346489208e-01
1.842586956823506483e-01
-3.363404412245953323e-01
8.342395413147940531e-01
-2.786121832783660102e-01
8.440015290344223819e-01
4.873062843403047628e-01
1.542520943154890301e-01
-5.623193184292276658e-01
7.045130752421009390e-01
6.868910012343564242e-01
6.238453159083945376e-01
4.465119890805969161e-01
1.251708306344678778e+00
-1.681991474532505970e+00
1.552722873939538228e-01
6.275531382419285986e-01
-5.411011490009423053e-01
1.764808707710715519e+00
-2.487993706480569056e-01
5.802017634110587796e-01
-1.380633419603484402e+00
-8.431314457974674603e-01
-8.681166548005097017e-01
-1.138582324018827752e+00
-7.075241749980752948e-01
-1.712250474731708216e+00
6.073868939569009306e-01
1.005424469151255940e+00
5.592356133684694974e-01
