9.232993973081715655e-01
1.552995169634531658e+00
-7.466392948181301836e-01
8.256029398017292742e-01
1.527342131035664963e+00
-2.759401793647842105e-01
-5.380406405814208703e-01
1.536639874292305974e-01
-3.309597934838200972e-01
-1.835553623294106096e-02
5.259745185401413226e-01
1.175268059475789717e-01
-3.788318023529602674e-01
-5.545665267474395588e-01
-3.415277574504004265e-01
-6.565355153259625487e-01
1.127417071589422948e+00
4.051981036421395399e-01
8.392886139823221292e-01
3.066290604419016352e-01
1.604664913056714326e+00
-5.698459914778893909e-01
2.290822812789899410e-01
-1.322483875349554916e+00
-2.013459256035115441e+00
4.870332312643428918e-01
-9.661138542053775424e-01
-1.103850913885192186e+00
-1.740464515649428612e-02
-1.703059894773134353e+00
2.650803085194430864e-02
-9.723264632577974798e-01
4.954260111690255153e-01
3.286869307274446483e-01
-3.470659499890436095e-01
1.188138994014352967e+00
2.145137144547274444e-01
-2.931309787324429261e-01
7.990105663628330745e-01
-9.610967955494524873e-01
1.381932172281600035e+00
-3.668797694286826117e-01
2.788457332065368832e-01
1.226196835184211409e+00
8.972383289766987513e-01
-7.664231520825484090e-01
-9.519564727012639338e-01
-8.503699992891561310e-02
1.071401088425517401e+00
1.085926572628625741e-01
-5.350137188414636480e-01
-6.069034656010124928e-02
3.926617400075889663e-01
-6.441716792377907286e-01
-1.426225046698009757e+00
-9.849439964824676652e-01
1.233015060247644623e+00
-9.122853921185772874e-01
-4.985392532505722452e-01
-8.733669199187272802e-01
7.100148423918158924e-01
3.405408053622919762e-01
-4.791135403560120576e-01
6.264659001079558864e-03
-6.082425244330006420e-01
-8.409299650233006962e-02
2.689957601634265782e-01
-1.266852077939008669e+00
-2.020828616160931457e+00
3.233103298394777725e-01
6.763349750823802187e-02
8.171986917832585462e-01
9.698665130165872172e-01
9.650051176453156021e-01
1.858038079602015169e-01
1.918911657552150041e-01
-1.158235655994700020e+00
-4.443934326148427649e-01
-9.904106715507121628e-01
4.426235756086093209e-01
1.017922451159476882e+00
-1.567106400637490737e-01
1.586134920170740314e-01
3.721425352459430402e-01
-5.754555773134386598e-01
-1.463064765870442929e-01
-8.451693225803349474e-01
8.434746592292785561e-01
1.376850318693945141e+00
6.751237905645839366e-01
-1.655463777714699103e-01
-7.765661929335794245e-01
-6.424539884582907145e-01
4.565464916232563897e-01
-1.369195175690181454e+00
-8.796413726899747765e-01
-3.309860276631901854e-01
-9.680684793482328132e-01
4.573424040748672037e-01
6.517592798459899139e-01
8.098470939617214981e-01
-4.485461982928202751e-01
-6.892153444727218137e-01
-8.070940292441131092e-01
-6.489897895058450716e-01
-8.948009892348384176e-01
5.930709382879216784e-01
-8.450231816170084009e-02
-2.969993127436352243e-01
-2.520760525878625313e-01
-1.970275652053686821e-01
-1.851454171363571710e+00
4.162069687864139444e-02
-6.804103470012201615e-01
5.003562570524707764e-01
-6.518050943132053243e-01
-8.055158038314933489e-01
3.399969425070153983e-01
-2.005206525382098870e-01
-2.454604476191628026e-01
3.803846908424619033e-01
3.414608676637130302e-01
-4.860315869859877513e-01
-2.716017042193396014e-01
-4.874096501435472018e-01
5.709356121797359851e-01
-5.008135143168593317e-02
-7.923607055030452706e-01
-6.108095500666160804e-01
-5.322023666246569196e-01
-2.383768836867609098e-01
1.850438886170776343e+00
-7.796812447924789113e-01
1.342981981624900012e-01
-7.499368755266033748e-01
7.401978077006132750e-01
1.523906728388226384e+00
6.804680810491325893e-01
-1.568855640178778987e-02
-3.973010707940269337e-01
2.528920073156237791e-01
8.447565413177616778e-01
7.073620457190181732e-01
6.437925927875894905e-01
8.406621037462871371e-01
-1.630926278591151024e-01
-4.334683340087847059e-01
1.656740769794878831e-01
-8.552262113727027160e-02
8.258130746027514402e-01
7.508363983320121005e-02
-7.653534006585304139e-01
8.837218368713777306e-01
3.912813606274527234e-01
9.893436873285497146e-01
5.577362650989228232e-01
1.440903806545695276e-01
-1.505614187239526114e+00
-9.274797492293116452e-01
9.598056244240995571e-01
-1.276778157749781428e+00
1.365505002559418868e+00
-4.981075134674817217e-01
4.349350144400186968e-01
9.907329718343518277e-01
2.569129929654703215e-01
-1.919574459364291885e-01
-3.905044142165919885e-01
-6.871335578891974993e-01
-4.187825459372012116e-01
-5.855787286823999072e-01
3.924453742334981232e-01
1.384605045769190523e-01
-4.567643773038859711e-01
-1.505135221599366302e+00
-1.976335428879195388e-01
1.237422553986893714e+00
5.077225979053181515e-01
-1.882545167261137631e-01
-7.163595205176774838e-01
-7.893632886780459490e-01
1.180275382322968802e+00
-1.194184391195005079e-01
1.000348623742481902e+00
7.936805878121430124e-01
3.231037491377197757e-01
6.483630550695614891e-01
-3.149555498831241307e-01
2.111935965148403760e-01
7.537509755140847645e-01
-7.586875006795748000e-01
-1.469898351651744095e+00
-9.737128252711965692e-02
-3.470282756537507729e-01
1.487030500184770565e+00
1.290999594849909116e+00
1.604822138948942545e-01
-3.892896686021271591e-01
2.125572852820401260e-01
4.379227186434196950e-01
1.478709825908986142e+00
3.212136604154237629e-01
7.003771866842725125e-01
-4.881289302530144036e-01
-3.775813248084910478e-01
2.745615554789943014e-03
5.812776113120377008e-02
-1.128292303521362117e+00
1.453403432855439881e-01
-4.700608206309411785e-02
-4.986218846814220451e-01
-1.085226716827696114e+00
-1.575185303416719584e-01
2.920202920077850650e-01
-3.573983519214307125e-01
9.313428086039093889e-02
4.476753793386345492e-02
1.568186833291443261e+00
3.779951719056759418e-01
4.991717951729912617e-01
-1.854115603939992640e+00
-2.566919679821855205e-01
1.212554106776385643e-01
1.384174604818996512e-01
-1.394142711691914505e+00
5.398703720404405271e-01
6.377955035485265434e-01
-7.423731762785222843e-01
2.442354682771767371e-01
9.862120727697160083e-02
9.191616924094533347e-01
-9.226742680353283710e-01
3.512978106291201885e-01
2.502536970515014669e-01
3.128457085579414709e-01
-5.562246852244894235e-01
7.721254499128796800e-01
4.136513732104652452e-01
7.856110901104249589e-01
1.269639135514087691e+00
2.615578452740907056e-01
-7.507127595462811387e-01
7.120544830170563166e-01
1.240000853026546057e+00
3.405886594386173805e-01
4.686181027875749305e-01
-8.994204257835183292e-01
9.656699731403896036e-01
-7.117206732161451832e-01
6.974681752672307056e-02
6.255120080215027523e-01
-3.509835831503499426e-01
9.540590489017997111e-02
8.140559672636122901e-01
1.351351996328390426e-01
-6.016318076881242982e-01
-7.405198029513068159e-01
9.291244135916144620e-01
1.038125052475394217e+00
-8.385664228996758673e-02
-9.828378845979020006e-01
-1.214853468595065600e+00
-8.921768099533982088e-01
-6.791816095501137518e-01
1.018206948117454047e+00
