-1.387521185412880498e-01
1.380404403324748119e-01
-1.914532042361926645e-01
-6.005185181147270068e-01
7.051325312930604161e-01
-1.114977962048749438e+00
1.123264569395345358e+00
-6.212133820530976180e-01
-1.165196391784159985e-01
7.234375471859300077e-01
-3.802036193002001352e-01
-1.152955815109753535e-01
-3.939960547348719810e-01
7.794459506458613074e-01
-1.067417673847456561e+00
2.290949295506464756e-01
4.987255304291021152e-01
1.648844470545091090e+00
-9.833652744962367853e-02
2.232456275782139232e-01
-7.661588166633386265e-01
-7.087641318884729813e-04
-3.907848706399388861e-01
7.280785741991149251e-01
1.011274005299996670e+00
-1.038850827367985064e+00
4.939808916220801982e-01
-1.112760318825161576e+00
1.571843309388933019e+00
-1.309666606299884961e+00
4.883346327951149091e-03
8.310899483921985187e-01
4.211114914372047213e-01
-3.130678910101499790e-01
8.843134252113051819e-01
9.341878325446344444e-01
-7.778015194645243602e-02
-2.185911339182300406e-02
-2.434233259982741260e-01
8.631675527909064005e-01
1.260147393598632704e+00
1.643471733066260487e+00
-3.011820245470815949e-01
8.438729115816001602e-02
9.184807619109031096e-01
-1.332879254762433519e+00
8.657211852677312303e-01
-4.915990133631073511e-01
3.641107623988780184e-01
-1.188044355460726176e-01
-1.032159638059981344e+00
-9.361980204660520499e-01
-6.820541031737616944e-01
-1.052579559671799281e+00
-2.526746317995826052e-01
-1.301595122979502861e+00
-5.143993705750338208e-01
1.293837871140170348e+00
-6.955792400319961155e-01
4.604495245680391702e-01
-1.706913042497363586e-01
-5.537027124201696626e-01
8.193200564525418006e-01
-2.702236251741402251e-01
-6.213864659508728794e-01
-2.597904444523769785e-01
-4.657230956815497924e-01
-4.657542228845290566e-01
6.719994191536965422e-01
-1.115745592486650173e+00
-1.070521982944067085e+00
-5.151562783009240309e-01
-7.810550388169489322e-01
3.814382364376518453e-01
-4.147389036320489608e-01
-4.215457143388491312e-01
3.064998666732384747e-01
-2.440662343341592766e-01
8.472152461289033099e-01
6.823014179292583581e-01
6.257217065130133982e-01
7.220282687062911098e-01
7.200935715392819958e-02
9.834688406913550951e-01
-7.340942167633994764e-01
7.800048006406248291e-01
-8.332049827371864614e-01
-3.723391410476132313e-01
1.087181877691285603e+00
-1.420320512825080872e+00
3.971425009420699315e-01
-5.469757060074631472e-03
-6.278866382453244244e-01
-4.965712900710001487e-01
7.045257572657324108e-01
-2.686946683307306905e-01
1.105255454252040304e+00
4.679439861982422344e-01
-1.563065909829762568e+00
-1.850383933340209452e-01
9.756193424493857513e-01
-1.034856339327527186e+00
-3.164660844723387045e-01
-3.663658808958250024e-01
-1.291045367944120503e+00
-3.742030767449007755e-01
1.588449444842009450e-01
5.314018714819221945e-01
7.738966795730031212e-01
7.307549120057367231e-01
3.300274468369704395e-02
-4.730754498526956731e-02
1.045208185673463408e+00
-2.747134002957467014e-01
1.689575951286673261e+00
-1.417280624773473718e-01
6.103302221838362573e-01
8.156159832973670643e-01
8.076781400343685524e-02
-3.941816103143584438e-01
1.804315471264068549e-01
-1.136378059323160938e+00
3.481784091994037378e-01
-6.681353790917613500e-01
-7.886292346819919752e-01
-9.641875973353128959e-01
-1.236487758406143778e+00
-1.264330136220778167e-01
1.089660630871102542e+00
4.218052493701521244e-01
4.742720203216128638e-01
-8.749458937370313549e-02
-7.732750833773742727e-01
-1.182227815484778066e+00
-1.512554845497798173e+00
-1.119464221533148063e+00
1.285619700762401951e+00
-1.064701793552452980e+00
1.657588678259141468e-01
1.239354037216624294e+00
-2.689759580308221376e-01
-7.605767706710693243e-01
3.990475695379858134e-01
-3.701430576617251167e-02
-1.314652592965017130e-01
-1.727459437668671383e-01
-9.061185283097398235e-01
-6.315786779355231362e-01
-9.913121625686089899e-01
-2.921490384070201118e-01
1.047721087364987813e+00
1.456948858581848638e+00
3.265128876494145516e-01
-1.501253651349582219e-01
5.974149701147034586e-01
-6.368185375942667648e-01
2.748655553397287843e-01
-7.541870711660371152e-01
5.471340616942748092e-01
-7.190618978119459603e-01
1.232877811888138275e+00
2.879989084119619069e-01
-1.248140564633524852e+00
1.831517505110726862e-01
-7.483553083211904600e-01
6.831007626249103737e-01
-5.635072317969533895e-01
-9.565883574675899670e-01
6.497934541544196918e-01
5.084556954138632623e-01
-9.908115700061115305e-01
-7.014007112351018369e-01
3.217604995431329051e-01
-7.412916451941193863e-01
-3.844842812745772331e-01
1.135249989432288054e+00
-5.247174115724835275e-01
8.110382136019107513e-01
-6.869157723567567153e-01
1.019093551662411112e-01
-1.079717383878481041e+00
4.176830220714866648e-01
4.192076708242476468e-01
-6.310551212154432710e-01
2.447967546558127427e-03
-3.923061642082578127e-01
-1.220976289190761344e-01
-7.274927170818038524e-01
-6.934741330558041872e-02
-7.354001054825191064e-01
-1.832293419077333785e-01
-1.297787741055509869e+00
1.028669585165300271e+00
-4.381555131292423355e-01
-9.687032882131083600e-01
1.183022312198694470e+00
7.960579935886276104e-01
7.812809213990468127e-01
-1.477404631327991824e+00
-5.072198580401059420e-01
-1.076345522117601039e+00
5.312177474899915097e-01
1.077798364095695627e+00
8.635467781648620278e-02
7.700228501718832108e-01
1.776472797222486133e-01
-4.710288311943015005e-01
4.547666509788627076e-01
-4.036269822275109775e-01
-7.237638495115970017e-01
-8.305853592805542140e-01
-3.127716974311329223e-01
5.476216495136191353e-01
-2.831684404691092727e-01
7.255016163075700408e-01
-7.791564102209120879e-01
-8.837743338876682397e-01
-6.053443927240725886e-01
1.262800692680946746e+00
1.296125951424454303e+00
3.429887286893668064e-01
-7.651551161452005978e-01
-1.177537690287369654e-02
6.060931387450714247e-01
2.689870927882556662e-01
-8.057066736762255044e-01
-8.619062009803859503e-01
8.157750384076809524e-01
1.277768589461638626e+00
1.278935444578368941e+00
-7.036764901056313803e-01
-1.844414235737667385e+00
-1.082789587827215794e+00
1.507975955276202651e+00
5.663987339211945526e-02
-4.240241500387178508e-01
-9.290505506929399582e-01
-1.306017644869334471e-01
7.071415088297071661e-01
-9.971738558672548214e-01
4.391908404781433295e-02
1.117483512956301439e+00
2.362043186341224454e-01
1.237282562651997875e+00
1.207904034549852179e+00
-2.094128976311020462e-01
3.935282659316915455e-01
8.532716118759928747e-01
4.002465528685781870e-01
-7.921834047847198246e-01
-9.900605676826572665e-01
6.321057800802694082e-01
-1.213735956308898745e+00
5.317230034970112929e-01
3.459554353933486093e-01
4.471745309246759614e-01
-7.157495158651580036e-01
3.066742648939021487e-01
-4.904886236066794414e-01
-1.452682741790433329e+00
2.652621222365956211e-01
-2.800627340860371017e-01
-4.011081462452223967e-01
1.098374302232962840e+00
-2.709981359826041381e-01
