-6.234708434234292884e-01
6.523389375661787781e-01
1.657096621763294308e-01
8.513455184863347736e-01
-1.713159146514173781e-01
9.571275006583528366e-01
8.551822078208701772e-01
-8.160791907380462451e-01
7.965691804589594138e-01
9.510747131527674814e-01
7.044580822889769944e-01
-9.822362942554729859e-01
3.222555136212617022e-01
7.144333327267746725e-01
6.124825636031794307e-01
-8.772224391192771087e-01
-5.348093065481642761e-01
-7.258658313532573292e-01
-8.716042909847483422e-01
-7.489828019966315864e-01
2.483144863186694806e-01
-9.489293582928362003e-01
-4.849140407081908855e-02
-7.328243333903003975e-01
-3.744480631252569136e-01
-4.358388279464591175e-01
2.730650125439768594e-01
-6.139578661882150179e-02
-5.041964060560102379e-01
-3.615275413051546316e-01
-1.543278662473219764e-01
2.940468101209725571e-01
3.872182791227836152e-01
5.542225450849449508e-01
6.844736001532494285e-01
5.461750654894605983e-01
8.607808479136946911e-01
6.546477486766038023e-01
1.245527021205914409e-01
-9.945269964912510918e-01
5.414199448090186717e-01
-5.430322815932686620e-01
-7.907578694093380101e-01
-9.161223948799013250e-02
6.314751778519713810e-01
-3.504473104706198328e-01
6.434210808482427879e-01
1.987062212799228789e-01
6.149099521933336643e-01
8.856865110067750901e-01
-4.787696006409716265e-01
8.247088094488517207e-01
5.356050930168705371e-01
-5.931436270156607016e-01
-6.302710359854251099e-01
1.507892628694456061e-01
2.093287146055831105e-01
-9.085978906948906086e-01
7.095803279150882936e-01
3.258354108567178553e-01
-6.492075979459714929e-01
5.934391632341282641e-01
-8.112268327568794568e-02
8.317276623610592168e-02
-8.726523530651977278e-01
2.682983713322495412e-02
-1.881203624517711059e-01
-5.287731891493570036e-01
-2.773263768342086877e-01
-2.819805993618884621e-02
-7.651125970862793224e-01
-1.484957305632921276e-01
3.470594439526113462e-01
8.340137973501329238e-01
-5.610258651685895437e-02
3.615010233886570834e-01
8.130491691136634280e-01
-6.164301548965047672e-01
5.756884849320575981e-01
-5.667647811569382910e-01
3.874395133219756815e-01
1.851035570352663751e-01
-5.787220183631651693e-01
-2.595964385251676720e-01
-3.523820060116642505e-01
-4.286285740292368196e-01
3.922748121592412041e-02
1.930952767535718539e-01
4.105861008378752786e-01
-9.913729087972722454e-01
4.304831369838788557e-01
-4.015779457236239303e-01
-4.971463334774619547e-01
-5.780261222649045738e-01
-3.585094749061761288e-01
4.955999700060560453e-01
8.258240526851066132e-01
2.188652319813211289e-01
1.184944338362512450e-01
4.477466832388121709e-01
-1.084915358150384534e-02
6.193247985805314659e-01
-6.559084302700979308e-01
-8.994451989880654086e-01
6.625989170125718974e-01
-1.503624966865566570e-01
7.369661257075450500e-01
-8.530565579740692073e-01
7.151868070453417658e-01
5.768494016140199854e-01
-8.295810722316470098e-01
-6.622915030691844951e-01
-3.957076878701704103e-01
-5.885230940040120373e-01
8.692795368841037540e-01
-7.756715703385768101e-01
4.303199542117066567e-01
-8.298452010566514936e-01
-6.604550957314636594e-01
-7.259906468069481367e-01
3.558249924655236818e-01
9.569648737766667246e-01
1.332079465988602607e-01
-8.532808969316574288e-01
-1.534702554383735595e-01
7.288160111218699999e-01
2.635435168172486353e-01
3.125189643443024856e-01
-1.388605562200360133e-01
5.314046957488769429e-01
2.005308305828117366e-01
4.273092760235697174e-01
-9.442348022638864524e-01
9.492504560313399509e-01
6.244029765879055560e-01
-4.258555714946683501e-01
2.341949007669947846e-01
1.148730571774352338e-01
6.410694884140102356e-01
-4.771663670740518004e-01
9.467718929444712828e-01
-6.890557060318363014e-01
2.453671257827598762e-01
-6.503667655500982026e-01
5.982501889838753861e-02
4.458000288626284835e-01
9.273828601758222767e-01
-2.274368301126619141e-01
3.651801114106294488e-01
8.171673758265849408e-01
-7.076903058863113216e-01
-4.979166028888275530e-01
-4.445547707774253343e-01
9.893741077132303108e-01
8.281622841179347994e-01
9.072093793620741309e-01
5.520586468083101828e-01
4.239803104098596176e-01
6.908756097742629887e-01
2.940097943617119292e-01
1.708284528229326860e-01
-7.660534451534537492e-01
-8.031478135838794330e-01
2.196992492296352406e-01
4.947801245335994302e-01
2.719395121764349721e-01
6.680552092833025313e-03
2.962222405090164656e-01
3.057793223189853027e-01
6.244670813995705227e-01
-3.345585048126631378e-02
6.941214310723222702e-01
8.558999076611271128e-01
-3.908770262015721642e-01
3.088551143594886472e-01
-1.895466725146355280e-02
5.938574905427205231e-01
-8.122438514741681104e-01
1.298073794843068729e-01
8.740771945621392813e-01
1.095171951498663532e-02
9.079294752307860428e-01
3.730183784833505101e-01
4.976106899865118116e-01
9.404587304694747019e-01
7.228819857130390769e-01
-2.810281805550525203e-01
1.031061837849833740e-01
8.294119077638550941e-01
7.048681591548859870e-01
-7.429749747116749514e-01
8.558063384797720552e-01
8.570130455760534005e-01
-4.992868242106032195e-01
-5.171386617872377744e-01
-8.344110302051888084e-01
-1.272978264415074445e-01
-6.700759753821043940e-01
2.925277473462506439e-01
2.488825704742174683e-01
3.087710305996469451e-01
2.169352543441762649e-01
2.489233510362922619e-01
7.282680005600632445e-01
7.646238714402244785e-01
-8.991406273114950221e-01
-7.048877694532744709e-01
-2.743558438671125366e-01
-6.468173961588306042e-01
8.286594801356499396e-01
-9.156626948652932807e-01
-7.494966666719227177e-03
4.525981203679476650e-01
-6.167808890668564636e-01
5.823819472949927079e-01
-9.007325513908190917e-01
7.944134279244883245e-01
-2.490875680973088091e-01
-4.988692188551606677e-01
-2.407387617392222623e-01
5.471715556235949851e-01
5.820765292032852312e-01
-6.325806156729181229e-01
4.749961883240261251e-02
8.510196917000478756e-02
-9.544173787720324764e-01
-6.316518083510915815e-01
-4.255590117161447417e-01
5.729759975924593185e-01
4.184318393735899644e-01
-7.847203317724815719e-03
-1.002356827865766853e-01
2.551401589740227571e-01
-4.510376644733042895e-01
7.245785323347411211e-01
-1.795926647914329877e-01
5.178216213770074905e-01
2.056352372041339027e-01
9.178257778913327947e-01
6.238089341044321667e-01
3.117686303769948708e-01
-8.637469788224956257e-01
9.652499307657878003e-01
1.128749869662537542e-01
-3.291582752773480891e-02
-9.419152409515791913e-01
-8.844091096577564315e-01
-5.789750329469987022e-01
7.640347263595745897e-01
1.937458546928485514e-01
-6.584206705007449312e-01
-9.461294434479239346e-01
-4.163704460967365684e-02
6.086787612784001489e-01
1.491912359837992419e-01
-1.346782567558824084e-02
1.976707027745028267e-01
-2.576512674309676676e-01
8.695798651602897333e-01
-5.059450038294277530e-01
-2.390194487009840163e-01
5.008590994047943390e-01
3.942984801809878981e-01
-3.590857273914076497e-01
-4.015988692205740840e-02
