-6.878286880126799341e-02
-4.750133478713354507e-02
1.325728092815081638e-01
-4.143837677568011635e-02
-3.882192269148029284e-01
8.334511159716720408e-02
3.960322088120243333e-01
-2.021501236633748144e-01
6.031005869652204809e-02
7.663102226029092079e-02
-3.109087440491157261e-01
2.167660871101698139e-01
-1.038783559583879024e-01
-2.019957715853182290e-01
-1.443684685944607304e-01
-5.371061278782119502e-02
-5.223109036237170988e-02
1.181706151780789887e-01
-4.822469237665913400e-02
-1.645529803539592245e-02
4.736206543600673946e-02
-9.042251186706831700e-02
4.035358663477923713e-01
1.537911005596540731e-02
-2.161781278825314623e-01
1.085677700876415408e-02
-2.910037156050186979e-01
2.556686807341846945e-01
9.876156930533136480e-02
-2.536138166329478250e-03
-4.181102702824187611e-01
2.475778185149814237e-01
-9.271739310070409301e-02
1.589237430394819239e-01
8.461991621840125877e-02
2.287712478864103172e-01
-5.842334700845670525e-01
2.223331413349087793e-01
-5.758881139643776681e-01
6.624052813839820253e-02
-3.426127933507753243e-01
4.140910923782066266e-01
3.354756052046475312e-01
2.412879413971781573e-02
-2.505373648743425274e-03
-7.787039149371005609e-02
-3.174173435837931989e-01
7.046901521209408825e-02
-1.097935922607730652e-01
4.399102640204601844e-01
4.303498132233530421e-02
2.887359369468588399e-01
1.340588722967654967e-01
-7.548855284185486403e-02
-5.207488946590647927e-02
-1.253400025163473597e-01
-3.568757340749251217e-01
-2.225255765882323267e-01
1.184144912865880417e-01
1.190336869187041402e-01
2.447084779697693557e-01
-5.500572249296186156e-01
-4.448330004885625577e-01
3.278443602658216022e-02
-2.597291102696542286e-01
2.457298809104546122e-01
1.628115908264064077e-02
-1.390315932801260423e-01
-6.123050358247121572e-02
4.711370288615695512e-01
-3.279261423492292604e-02
3.272203668425034406e-01
-3.131945667324241289e-01
-5.617041500672430299e-02
-9.026853576947174718e-02
1.398816595328269963e-01
-2.154556629888889074e-01
-1.813156659898988443e-01
-2.123737883969208651e-01
2.735858991214832336e-01
-6.378716425373356924e-02
-2.531572515516665178e-01
-1.042729144403259367e-02
1.313227082810869417e-03
2.390328949518917279e-01
2.846830880879314130e-01
-1.241669559199078260e-01
-1.925226476886032489e-01
-7.954403075577648474e-02
-3.075245681687228672e-01
5.593153275039843692e-02
-1.065786182767787249e-01
4.896648931998492937e-02
-3.143355936286520991e-01
3.199166954951450370e-02
-1.087609256658130241e-01
-3.762375091228895574e-01
-1.003669547907457271e-01
-2.965009926469499013e-01
-2.915745424307141231e-01
8.997243214321129501e-02
-4.805443969889350297e-01
-3.658575857868083814e-01
1.178543153092008883e-01
7.878865807452301029e-02
-3.660316437545413359e-03
-1.634301646907080074e-01
-1.741117119440672711e-01
1.169977762770976759e-01
2.509658987151602849e-01
-4.141049862875993970e-01
2.206519312248874168e-02
-3.645601320629063280e-02
-5.974163489136274235e-02
-2.288736776187790534e-01
1.481145858435878315e-01
-1.185794818705477975e-02
-1.090696158062916532e-01
1.733518910565187698e-01
-1.136876830700193075e-01
7.830367534521201489e-02
1.961777947829068947e-01
-1.175229469642720403e-02
7.281854904439864079e-03
7.413549927828998187e-02
-4.274768484232955856e-01
6.322206122957856056e-02
-4.216799385385514021e-02
5.901279401254995172e-01
1.371756990807098883e-02
-1.741370323520858576e-01
3.287031966508203729e-01
-1.176812646924060290e-01
5.863637264403328414e-02
-1.305772422286001488e-01
3.857626734535809510e-01
-1.710136213783054748e-02
-4.864038212735624644e-01
-8.789328437487775592e-02
-1.668844309580521101e-01
3.630197684041703288e-01
-8.420521605894945583e-03
3.024373088322649394e-01
8.171915951325733896e-02
2.181048893521347898e-01
7.054013286531549132e-02
4.709779204266694719e-01
-3.281652275654155515e-01
7.103829057683186399e-02
-1.301099531101659879e-02
1.834268239529726618e-01
-4.842532959779583535e-01
-2.167261633253120823e-01
2.817187172994306543e-01
2.746014109784793433e-01
-4.693801320141192113e-01
4.078083953372853981e-02
-1.153477349627380216e-01
-4.334046133224659925e-01
2.021208611270474131e-01
2.157460928178035475e-01
6.923496187671689117e-02
-6.915964286087364354e-02
3.058477299091826307e-01
-3.486224422726837968e-01
2.330850699839371876e-01
-1.301211646930710841e-01
2.522058226817870952e-01
3.528526615696986890e-01
7.337614986544113704e-02
1.533292969165593878e-01
-5.294725568340903354e-01
5.842091639476910958e-02
1.485082498536840212e-01
1.288925131053500206e-01
1.643026554746666590e-01
-4.476955100869831061e-02
4.212618845719202088e-01
3.821441108412622079e-01
2.289229601829401162e-01
-3.512761074327683808e-01
2.792148868533919082e-01
3.994020645024073946e-01
2.363024223657470002e-01
-1.333448083233417791e-01
1.800332308436131401e-01
-2.647372274171415629e-01
5.245417467857239613e-01
2.383193114548931568e-03
-3.432465581257397869e-01
2.541779658217875326e-01
-3.600977981453821197e-01
-4.155534241944942586e-01
2.193056421683793958e-02
8.553317805808842433e-02
-3.169275397719701487e-02
3.126930883689664764e-01
-3.327308874484918855e-02
-8.247914771838264769e-02
1.632078304809290170e-01
7.543510853051631215e-02
1.737029946236703926e-02
1.862731430974918223e-01
3.056134067213681429e-02
-1.441411762242301997e-01
-1.713675785386970518e-01
-2.112670376348678158e-01
-3.783587789675655344e-01
2.070905083974261540e-01
-2.799862369914893900e-01
-2.618200126675552797e-01
-2.874337996513665061e-01
1.241415615011250140e-01
-4.569369552297231074e-02
1.853596357173031284e-01
3.316471606420519358e-02
-5.020989398725744790e-01
-2.306368321693849643e-02
1.283122947411705628e-01
9.771542994082016431e-02
-3.630143513544429323e-01
7.511521219894901069e-03
-1.025644179460913352e-02
3.575342602177928319e-01
-3.172662314237044701e-01
-5.539084144191405157e-01
-2.129802583717342324e-01
1.102570401248644527e-01
1.896860896741528746e-01
-4.134357208004010853e-02
1.126384404884212265e-01
-1.079740971741585120e-01
2.457419638659452399e-01
-1.941216699115001498e-01
-4.320236175364459696e-01
-1.175061840659896994e-01
1.806378546349486636e-01
-1.556446657950143544e-02
3.808631171123737502e-01
1.848627469790120603e-01
1.920633452718975009e-01
-1.400834335732412395e-01
-3.922406733943548662e-01
-9.754806885644823344e-02
-2.576344876187113830e-01
-4.106320618506988929e-01
-1.742796420653414946e-01
4.859182056648608805e-02
5.544507146724273472e-01
4.527167718196002388e-01
-2.068147397508740548e-01
-7.413730828019259034e-02
-2.616122307589819826e-02
8.314620653000402012e-03
4.137842215328350060e-01
-4.102223751963808285e-01
4.658284655401837560e-01
3.280841613728592288e-01
3.352960456399950440e-01
2.577886589221755065e-01
-3.793987977815262980e-01
-2.282717894210610776e-01
-1.307999983698933943e-01
-3.811580470775518398e-02
-3.246485384973316068e-02
