-5.753298869870872301e-02
7.928289805261448664e-02
7.803170218155143500e-02
-1.238242074745688100e-02
-5.390803525346674618e-01
-2.080837884403738125e-01
4.152164416117366530e-01
-1.384182992952167346e-01
1.617731345939350529e-01
7.767830835472286366e-02
-3.158475039863446465e-01
-3.530082237195797390e-02
-9.140687766064967135e-02
-3.800383752004664328e-02
-1.807375028024433283e-01
-1.036101923124430578e-02
1.191903106392440057e-02
1.809265595019544648e-01
-3.401523785296197561e-02
3.573472291471936624e-02
1.039126131328690361e-01
-3.759821706112784212e-02
4.821681931547118216e-01
1.462000197593165962e-01
-3.251863316682842564e-01
1.241152303954458774e-01
5.205267943623935467e-02
3.928662352718533812e-01
8.496586598713169736e-02
1.529296601350167983e-01
-4.063688504494238352e-01
2.252770757864600570e-01
-7.315277438886846895e-02
4.295613558179959268e-01
-1.073178008306194774e-02
2.682673878004206980e-01
-8.256865819282671604e-01
2.585723375762254417e-01
-2.461295056696116701e-01
-3.444378891495392114e-02
-5.465602986475300851e-01
5.676914174095943899e-01
4.819662030341538839e-01
2.143650934726996360e-01
3.620128756854414098e-02
-1.105898863013908828e-01
-4.120817037889367151e-01
-2.146329220168396446e-01
-1.340563252556356832e-01
5.645826416131494163e-01
-2.191610143718840387e-02
5.376375474414860633e-01
3.218711409053164330e-01
-5.112552664110527056e-02
-1.277467629360050094e-01
-1.633429636701753396e-01
-3.996206476470791080e-01
-1.265995766219609187e-01
8.662218863542309188e-02
1.542511062609381867e-01
4.697934699896064159e-01
-6.770920053094455771e-01
-3.054721494304246665e-01
9.222659065661532873e-03
-2.773588914740911515e-01
3.095440247812444312e-01
7.497031383707815355e-02
-2.477925354389625689e-01
-8.270643089092655220e-02
6.078883247134121426e-01
-1.370498091276629582e-01
3.607678731524679994e-01
-3.495754506429593622e-01
-1.178830144935975044e-01
-1.159708149400795335e-01
3.273320582247449817e-01
-3.270360391564702818e-01
-3.288611544093640315e-01
-3.323959098590195671e-01
2.720008088335599261e-01
8.691279262858599142e-02
-3.981115979526954063e-01
-1.260512881625331857e-02
4.811757739700490977e-02
1.349650080204997105e-01
3.242112350375917496e-01
-5.420497859826981513e-01
-3.430422979227674696e-01
2.110764788529435540e-04
-1.587054511585697658e-01
-8.951726946041210775e-02
-1.423774378741166635e-01
8.188388684380870641e-02
-3.936920036964289826e-01
-7.894386652433769969e-02
-2.050317772876731337e-01
-4.231386731012031222e-01
-4.814808799673902379e-02
-2.081109426073732283e-01
-4.517314204331527444e-02
2.430947971316858580e-01
-4.727192872061687923e-01
-6.141859987489007855e-01
9.078033262766704858e-02
1.846561097246177396e-01
-2.937124553321344145e-01
-1.882714153881656638e-01
-1.965596504885450957e-01
2.333523147852626378e-01
3.997859401521326461e-01
-3.727247878808518933e-01
-6.866694331754057135e-02
-2.783909351418563105e-01
-8.581602882500649621e-02
-3.922361470012161178e-01
2.692493437406264789e-01
5.420818107216505977e-02
-2.276767330710954551e-01
4.221456433692997723e-01
-2.230830881122777831e-01
9.982939493949281873e-02
8.664044505839249566e-02
1.456635801432124844e-01
4.881606263944878593e-02
1.366917413084314803e-01
-5.859551071855355620e-01
1.321555077218927177e-01
-2.545501042745129672e-01
6.561306676671159188e-01
-2.881029229712561354e-02
-2.629932167892313766e-01
1.980195221452669130e-01
-2.180002091125718411e-01
-6.894719503963109286e-02
1.267656851813683122e-02
3.734949792316059614e-01
-9.675057689230526226e-02
-4.224159898388655798e-01
-1.939434410689999388e-01
-1.393847141856313643e-02
5.239077706909326393e-01
1.096577369259447710e-01
6.092949880110152261e-01
1.041873528143027750e-01
2.436276018669005783e-01
-3.582900841163761882e-03
4.072879721886026871e-01
-2.627261459579726122e-01
6.236830323031889584e-02
1.226416272770139079e-02
1.287768159326907469e-01
-6.154013953261956438e-01
-1.880181865692464871e-01
3.451888705245266253e-01
3.227311959160374943e-01
-5.139931569065643302e-01
-1.710734962599017722e-02
-1.473819841995894775e-01
-5.768222093573177611e-01
1.993596674323011020e-01
2.578073352776948934e-01
5.517673507399631361e-02
-7.319571657053390579e-02
3.942241593134482303e-01
-3.872939050222710677e-01
7.250246703554291683e-02
-1.691210224201634693e-01
2.998944922755287790e-01
2.496659383166930368e-01
-3.609360803146149932e-02
-5.760618818593468693e-02
-5.449985975293678564e-01
3.066480711264524955e-02
-1.406680210402420084e-01
7.048735348768900288e-02
2.808051258283125740e-01
2.133604090042892643e-02
4.109945296853561580e-01
4.598285845959688700e-01
1.549578127399197092e-01
-4.024621017311309501e-01
4.344746746556435446e-01
1.285169023398036181e-01
2.322594913572129105e-01
-9.418058607229061463e-02
2.502607510570666882e-01
-1.053260440406268428e-01
5.715428874657936253e-01
2.191954575286375051e-01
-4.555854987632803055e-01
1.591414734359623551e-01
-4.748627705930131837e-01
-5.678889657357808485e-01
-1.221327538374122543e-04
2.489504182597097048e-01
-7.192782219581425607e-02
-5.063342674963385026e-02
3.000052097892997871e-01
-1.373684310826015775e-01
2.804239416380110983e-01
-2.043189124154818903e-01
8.196810730078850360e-02
4.746101218516563525e-01
-8.812730901436724440e-02
-1.180817108653246517e-01
-2.698624685462002182e-01
8.368339327039889253e-02
-6.101385786377817588e-01
7.214023405871988759e-03
-3.622224217085920905e-01
-2.729551306561021073e-01
-3.558003820168185727e-01
1.145844547569477012e-01
-5.911993338093354811e-02
1.788423570668923324e-01
9.632718939929721391e-02
-5.986410731302795885e-01
-1.682235572569628357e-01
1.689388876616213508e-01
3.067651751033401708e-01
-6.126251340205103313e-01
-1.505720637684393286e-02
1.365716444196172219e-01
5.244687298876338222e-01
-2.450005871543620983e-01
-6.312275489320724464e-01
-2.585111783077643777e-01
2.973844585665069706e-01
3.604886181624445962e-01
-9.670178259371138563e-02
1.135227853068923320e-01
-7.477425208822816027e-02
2.287014628662941418e-01
4.683100931806323530e-02
-6.432150981803759215e-01
-1.775422266880729572e-01
2.553755688634611887e-01
-2.777411897038786215e-01
3.478150698603864610e-01
1.588280880850292121e-01
6.985778717497118095e-02
-2.233015704447391947e-01
-3.740787945236848100e-01
-4.354587285126478025e-02
-2.535464270254885744e-01
-4.520136175395561007e-01
3.187539736348838360e-01
1.419378489593209614e-01
6.186894229469449558e-01
5.521210691147739880e-01
-2.658614114958949837e-01
3.791291865086464374e-02
-7.105475045384197254e-03
4.578094195217734252e-02
4.810577882451693155e-01
-4.913393396645757694e-01
5.334834858539457825e-01
3.294128660239107331e-01
4.102105693206827275e-01
4.126552439246377046e-01
-5.547560061860936642e-01
-3.503407184774641192e-01
-1.569363003872616402e-01
3.640073808553949408e-02
-3.145625663140561024e-02
