-1.047510070934270093e-01
5.640751452149272982e-01
-3.397115053030570486e-01
-8.739289771924052541e-02
1.662717302308137912e-02
5.098277674662834436e-01
2.015847865961290231e-01
-5.482585353818563156e-01
-6.715254514223161220e-01
-1.024189888718913255e-01
3.314538730077044582e-01
-2.311390543413925358e-01
-5.433834998147242523e-02
1.242504968490087264e-01
-3.676874341419411607e-01
4.000603646028576266e-02
4.181819228325311388e-01
-3.710694050682880607e-02
-3.898418468062780362e-01
-5.139628022550263298e-02
2.702510525067117197e-01
2.000573645867035899e-01
-1.057268753934331867e-01
-4.758141727085998807e-01
-2.556791215959977603e-01
-2.553368217464925816e-01
-6.779883124388192961e-01
5.791120272125280799e-01
-1.265982104660796359e-01
-3.092708444512369259e-01
3.762695649694161593e-02
9.064438232407878715e-03
-3.837164270149890366e-01
-1.738394318284137152e-01
9.139353208483658175e-02
4.545269365600650424e-01
-2.404546864771450743e-02
-2.982442300752994324e-01
8.784709052686365260e-02
-2.492597307815044849e-02
-2.466040939283263844e-01
5.329370586803482412e-01
1.117650839011705421e-01
-4.185821743302370335e-03
5.936183405448058892e-01
1.858672824924134659e-03
-1.686018431743306623e-01
-3.284474179016447226e-01
3.093372609899162629e-01
6.667684216282910858e-01
1.343910664526638543e-01
3.159502401104055114e-01
5.631351705137779273e-01
-1.479110519367653198e-02
-3.023658137010527547e-01
-4.682506951964450215e-01
1.832502528544643350e-01
4.688634854570101762e-01
2.477027709038046033e-02
1.142500788288075969e-01
-4.888016793726397413e-01
7.892823869116846747e-02
-3.412185616380497555e-01
1.961426788693567402e-01
7.078904382053279321e-01
-1.153851953837750494e-01
-4.362791937645151830e-01
-3.040055825916506138e-01
1.405090249650787215e-01
-1.915094181190958311e-01
-2.090929533048887512e-01
2.832190427311300218e-01
5.556670665675600418e-01
-1.630764823307569167e-01
4.852010567069935387e-01
-3.723030639758773130e-01
-2.848538902160566710e-01
-9.066318318715975710e-01
2.065526966649594010e-01
-8.278471224324424060e-02
-6.561798916671269799e-01
-3.175908114019835304e-01
2.261386637648813425e-01
2.790595667643803734e-01
-5.419635142578248521e-01
-2.880644109051653246e-01
-2.627954991834521303e-01
9.049808621071153691e-02
-2.131791541740487017e-01
-4.010244096132602465e-01
-5.935556279400899804e-02
-1.382371230186593136e-01
-2.601859056693268668e-01
-3.537842410131187831e-01
-7.104299780008807019e-01
4.311098006698704799e-01
3.089693320358597450e-01
-1.264685846456500840e-02
1.887319769327161501e-01
6.636431510503920661e-01
3.413779424208503999e-01
-1.370128021593797207e-01
-7.141921801950446014e-02
5.937413253222145748e-01
1.599073887029525687e-01
2.824407353821647426e-01
-4.625716399115477606e-01
-1.752155022573967935e-01
1.134642412184932864e-01
8.983551583067675428e-02
-8.326968618819582946e-02
-5.217072328399864622e-02
5.530680606338334027e-01
-4.925697301541928641e-02
-2.715775896066192630e-01
-4.199067090849489814e-01
-3.836863288822579543e-01
6.767522052632463092e-02
1.960162518740022897e-01
-1.416221519311209320e-01
-4.117610477569396132e-01
5.037544448468209146e-02
1.188067347423659020e-01
-3.214689892572422103e-01
2.826970052584304449e-01
2.294715432522977938e-01
2.323077639356118107e-01
1.805529791137067963e-01
6.253636898741074535e-02
-1.391867573314075901e-01
2.089212223456364259e-01
-3.988380310411590024e-01
2.590729540949039400e-01
3.809063290526332191e-01
2.448407175286445581e-01
-2.484089322270424671e-01
-1.238261726033487165e-01
-4.577294108358654912e-01
-5.382684509405136208e-02
-4.784088485015300374e-01
6.258303294506774028e-01
1.462958002658564793e-01
6.039882527579594207e-01
-2.236860079652580602e-01
-1.992000498001842423e-01
-6.385733558927981779e-01
-8.437959618897719616e-03
-1.891081098766708990e-01
2.583124265916479922e-01
1.949701534887657572e-01
1.403432749980179639e-01
2.414952205913728500e-04
2.474259919254923612e-01
4.332842120708103040e-01
4.600522324736663338e-01
-7.957292909604227193e-02
1.681063134071422438e-01
3.304187350578794979e-01
-4.573743683866186571e-01
2.406470993894448962e-01
3.156367185935956554e-01
1.329930991043015154e-01
3.525724895126167713e-01
2.906468985041453790e-01
-3.905713863661619545e-03
6.775283804112818276e-01
-5.430480399211604636e-01
-5.591320264106625082e-01
-1.814675954332554964e-02
-8.887471608389897748e-02
-1.165997573040803426e-01
1.898290798414042913e-02
1.884717900391249534e-01
2.079574616343735083e-01
-3.398309818621333966e-01
5.946604059994551328e-01
3.187389526614751722e-01
-1.836002325020801018e-01
-5.811590827060061915e-02
8.174888312775921428e-02
-3.910347189584173488e-01
1.467199286833137661e-01
2.298726015101926756e-01
2.425428690783991148e-01
-5.115438105825953485e-01
-4.761167688323657554e-01
2.277127368433022048e-01
2.670302133171658654e-01
2.645546503248982217e-01
-5.568788196475327190e-01
-4.777539601096192357e-01
5.506951350992124183e-01
1.611679133800119623e-01
-4.101969318687617716e-01
-5.408958689064385927e-02
3.615496247360198701e-01
5.724629549023146913e-01
-5.990313531716172646e-01
-2.302159154470410918e-02
-6.698689611712765890e-01
7.891127503189931947e-03
1.634990540447647245e-01
3.748002777072489966e-02
3.117264070551430399e-01
6.191844040031915242e-01
-4.216287248718356695e-01
4.041403889710490360e-01
1.205979169613191210e-01
3.781723337567349796e-01
2.231802812298117056e-02
1.226161847125956245e-01
2.346797600315877474e-01
2.685347841103776778e-01
2.547574489171536283e-01
1.018041521425058771e-02
2.026507393383475963e-01
-3.809447629116654577e-01
4.506773058823842493e-01
-1.602672347894434635e-01
3.546465693197761171e-01
2.062067442855348154e-01
-2.771895573197410978e-01
-6.602010510206774985e-01
5.351006059993463904e-01
2.756851302742563403e-01
-3.826311358519746131e-01
1.050161753761208461e-02
-1.222533053503110922e-02
-1.871101982436240152e-01
1.048849932816890984e-01
-6.672581219614632797e-01
6.621490389088853512e-02
3.144153572965305288e-01
-7.973685241989231232e-02
5.227703747017573566e-01
-4.652007944345249446e-01
4.424275357464174108e-01
-7.128468361762393957e-02
3.052002430929929289e-01
-1.217138992959532484e-01
-1.141564701772457557e-01
-6.457890871509286423e-01
2.375152937547791443e-01
1.178371036649718540e-01
2.998464055011113016e-01
-2.077057133854393611e-01
-1.802227879812968725e-01
3.896855817108244580e-01
-9.018151126727562417e-02
4.203296296689493783e-01
2.281958338233327221e-01
-4.557383304941372004e-01
4.379790470057404184e-02
5.437483469526345203e-01
2.798920444079524006e-01
-5.694090902773841778e-01
3.380466684559038093e-01
-7.747806622951065869e-02
5.460053300837619528e-01
6.693667341692937089e-01
7.065132015322939107e-03
-1.192566738675003291e-01
-1.224102720134068178e-03
4.836139171363901257e-01
1.496509361824600037e-01
