4.636969714949932264e-01
-6.701436004171423821e-01
-6.468623489835276796e-01
2.834858058725406860e-01
4.387073187978627331e-01
-9.146946564673295033e-01
8.732630252023958484e-01
2.692756558210662732e-01
6.537982292419663999e-02
8.938137185037531296e-01
-6.637430236058594613e-01
7.256393127252602770e-01
3.259496027874564383e-02
7.037397610301352469e-01
-9.096583839235017344e-01
4.235461450682955764e-01
6.111686177932300623e-01
4.539405187003575648e-03
-9.953597952827590856e-01
-4.352319496041245905e-01
-7.341340262920486026e-01
-3.917310365346950984e-01
4.917084848995134649e-02
2.862719163351648000e-01
-2.139272736231097038e-01
-7.578953418094886985e-01
6.989447831247270759e-01
7.557300030177982464e-01
7.779553733707442742e-01
-5.585007422118357656e-01
5.511015571872561747e-01
2.709978196194233746e-01
7.027619906407351902e-01
-4.992474360027578939e-01
-7.313323437930612236e-01
8.245624540531617530e-01
2.642250929329261755e-01
-8.408137166514433325e-01
9.850159552537411933e-01
-8.261714587496711282e-01
8.384263553112893952e-01
3.057090991681565839e-01
-1.192470569899839461e-02
-5.917450069942422619e-01
-5.451592396740578828e-02
-3.125451502264602333e-01
-9.249000497119381770e-01
-2.136311284118797005e-01
4.948223473462862732e-01
9.215669742514318585e-01
4.473016661297262164e-01
9.445299981361323649e-01
1.649838139765893441e-01
-7.326936824549079574e-02
2.381606808670688746e-01
-8.381138493945905488e-02
8.285556754686598246e-01
-3.757436146241155406e-02
-1.976914610003388528e-01
2.055688336898113810e-01
1.458263256701892718e-01
3.404314036669899846e-01
4.310204943644886377e-01
-8.679996779634229220e-01
-4.724096655060956440e-01
-8.270518676258402646e-01
-4.199321348760503003e-01
-3.462765802530389792e-01
7.062584499013411232e-01
-8.362886888552312215e-02
-3.617972317312614372e-01
9.059479138895174533e-01
-5.506017018297035825e-01
-3.826791937541358379e-01
-5.690873487727430291e-01
-6.563095496169268905e-01
8.078158524788254802e-01
-9.953645331825433651e-01
4.139171810652115813e-01
-4.110879392974473578e-01
1.861304856199144098e-01
1.821009270374185363e-01
-9.794026829499640208e-01
1.906811190095913933e-01
1.276163932592926376e-01
-5.459910101472955635e-01
-9.844132568948560369e-02
-4.018549243691373896e-01
6.104738927325195075e-01
-9.037355689230230915e-01
-6.744288306692056700e-01
-7.950733705492625258e-01
7.545584121336814665e-01
-6.524492142417890328e-01
-1.178946224039185697e-01
-3.437304780331933429e-01
6.550725448648300198e-01
9.553261068450245030e-01
2.503105247245351883e-02
-2.235453066883152928e-02
-7.246703315505991227e-01
-4.630711022354683237e-03
-9.964597788990605665e-01
6.691224894104097487e-02
3.390992948837359133e-01
-1.363905454321987509e-01
7.865669177730727490e-02
-1.617647974830855873e-01
-6.085185779604740386e-01
-2.382472474773495996e-01
-5.438845331361381596e-01
7.520239887443833648e-01
5.003550991828051853e-01
-6.583767012802963503e-01
1.564448274957921381e-01
6.098521075585345841e-01
8.772258749027339597e-01
-5.184460190689605952e-01
-1.880352375385550001e-01
7.993480069069458516e-01
-3.174087416109725446e-01
-8.946584445523371176e-01
-6.900958582294909327e-01
-2.255068729914266878e-01
9.293642465008344900e-02
-2.906369871073852806e-01
-4.293085547310062644e-01
-7.484328179918922075e-01
5.442752449883274668e-01
-2.045664357572478664e-01
-2.344092689092800441e-01
-2.270934701423339419e-01
8.708844003764295572e-01
-5.515479447478301989e-01
-1.662550448454847007e-02
9.402223082164982149e-01
5.412542115685670119e-01
-8.049412193389455794e-01
6.037535432224565568e-01
6.791701687210274230e-01
-5.344802464224387428e-01
3.256711279695267969e-02
-3.474743099775448041e-01
8.162595420748401942e-01
3.807350559071627227e-01
2.523310100988305216e-01
8.131636309597156664e-01
-9.375204988099594683e-01
1.014534575310088726e-02
-6.553853619141916109e-01
-5.690659609088324355e-01
2.391140177461963390e-01
-6.518620339286722576e-01
7.277106435212656876e-01
-5.537579340946106043e-01
6.639786660735702561e-01
9.465831022276194329e-01
-8.900336899649601285e-01
-9.504100041368841456e-01
1.571519402424610412e-01
-6.853893561054678063e-01
-7.888153458263633677e-01
-4.974105348496060675e-01
3.576583677674207706e-01
7.067659329894073750e-01
-3.869645645959596258e-02
7.282019088909137405e-01
-9.271426632195931550e-01
-4.394924200414445092e-01
8.224303114021558336e-01
-5.511385469932605918e-01
-8.752143064999102773e-01
5.842490584103794404e-01
-9.559747737814558999e-01
9.756382870903719251e-01
9.690446596908657284e-01
6.564478519742475982e-01
-6.510410906605004211e-01
2.921496830904604103e-01
8.813488542256282532e-01
-6.032156646234621000e-01
-4.581276117111974244e-01
-4.453566491826792539e-01
1.097187251239275518e-01
3.510677749268991121e-01
2.611997934893504070e-01
9.467120121368512997e-01
4.986647661792447117e-01
-6.118577264643816349e-01
1.448357046116217628e-01
8.186580826456251181e-01
2.694600639569539879e-01
5.634831363107866142e-01
7.491322480058417721e-01
9.346815623680964080e-01
-8.307901971547462239e-01
-1.045261869249618503e-01
5.096787305235972454e-02
-2.665023850661161209e-01
2.907934399434075612e-01
8.467287952449205068e-01
6.357353149375599699e-01
5.391339943363948617e-01
-3.059527080861190740e-02
-5.795142399621133755e-02
2.522676394266456512e-01
-3.433765798946755154e-01
1.499452055623078373e-01
1.716300291559493818e-01
6.935115178365525157e-01
9.843536642672250370e-01
-5.459136400086717078e-01
-1.203878170785788182e-01
-4.808645054936637742e-01
9.307588797399248826e-01
-6.515544635838863563e-01
-8.859943664264844365e-01
-8.348659490635113034e-01
-4.472338889986526844e-02
6.473773542076286525e-01
1.851283741066704902e-01
-4.211039562067175890e-01
3.026792919231988677e-01
-9.578789958804190263e-02
-4.922637346981957318e-01
-3.547191542873462389e-02
4.181686696100284095e-01
-3.122831345262717662e-01
-5.369869325055831588e-01
5.522853459631349438e-02
2.797576692034915435e-01
5.857390024172413057e-01
-9.303867054122785252e-01
7.244550626634020940e-01
5.255324473269984420e-01
-3.582657285153163507e-01
5.516050190283394716e-01
6.613634755437947099e-01
-5.296245114176569846e-01
4.234185770532787885e-01
2.221690014924915246e-01
-6.895208146204057087e-01
3.764275357332937944e-01
-3.542424673211297392e-01
-9.274545315092623810e-01
-8.557619438391255162e-01
6.267515067379658689e-03
6.441734369295013529e-01
9.143753641898264561e-01
-8.398766005515740929e-01
7.549651036298874462e-01
-7.532962256825361802e-01
1.445605322238767698e-01
1.488299962701569168e-01
9.981573146239748340e-01
-5.186891592848892341e-01
-1.127421423091199415e-01
-6.200199969054192017e-01
-2.137169758934720498e-01
3.476131761101717288e-01
4.597267839225733788e-01
-2.134822340159321374e-01
5.049831493329288712e-01
9.236746100422474903e-01
5.241554087901281189e-01
