-2.245081409248917970e-01
-2.298783454957971095e-01
-7.570296898754624859e-02
3.281328222425257124e-01
-1.528637603474983786e-01
5.026437351384240859e-01
4.866851920469389414e-01
2.016917147099176466e-01
3.951082743730007785e-01
-5.353202163283631299e-01
-4.457108591378432516e-01
3.926258484901408163e-01
-2.695694683979021899e-01
-1.787416904666593309e-01
7.609531576095607264e-01
-8.052754597683686733e-02
3.219884719836049181e-01
-3.843582033516625973e-01
-4.411772354198595369e-02
3.878375506532887318e-01
1.357690393396792095e-01
8.064761722688267298e-01
2.893470734014363943e-01
-6.280349985674927860e-01
4.369732785453346313e-01
-8.229666846365646382e-02
-3.838747001686572125e-01
2.916685699903102114e-01
-2.248747258588363884e-01
-6.598624454750273705e-01
4.839227586810744830e-01
8.818391033176437022e-01
-2.987479912269460081e-01
9.876041701590076993e-02
-5.654488371024981586e-01
-4.443941449229035223e-01
-8.672404688536716755e-02
6.114644442587977569e-01
-3.131886512621915308e-01
-1.486270522099959468e-01
-3.178395121328814188e-01
-1.611096775135575365e-01
8.210385478959181249e-02
-3.633137865720400539e-01
6.511004569617322435e-01
2.084160525942524433e-01
-5.514902419514250420e-01
-5.588698149734804277e-01
3.921434331695125008e-01
3.885369186866941549e-01
1.905802533540426058e-01
2.811240204935433473e-01
8.167303815983795179e-02
6.145538916331682033e-01
6.941285116480226947e-01
-6.467447790083391546e-01
-1.834126285417365665e-01
-3.375174249009189609e-01
-4.945611288820839224e-02
-3.596528553734641420e-01
-1.576370979926666749e-01
-2.198102118949560868e-01
6.889293327759593577e-02
7.886473452634897852e-01
2.771101897126766467e-01
-2.345394090195112025e-01
-2.144543367925999533e-01
7.597132213710852122e-01
-1.963985397040888259e-01
-9.174962831107266181e-01
-4.119804549864970467e-01
-3.122887551078148416e-01
2.957318509048091348e-01
-1.213478303416337667e-01
-5.266620868431489688e-01
9.321858812421224272e-02
-2.801892166563900721e-01
1.211493823322512542e-01
7.841325586714220641e-02
6.875466440880081409e-01
2.552755383667526523e-01
-3.400803446612636893e-01
7.433138854373455562e-02
-5.772940145258543820e-01
2.591206834824955063e-02
2.643776603648602119e-01
-6.295995546552385358e-01
6.625810870278969755e-03
-2.788741887061755298e-01
1.275582578990885896e-01
3.138458350358710458e-01
-5.711277032853789848e-04
5.238810773452056146e-01
-1.886822756307193760e-01
-3.527389671222758150e-01
-4.905151080907680927e-01
5.617880439671585346e-02
3.212103709454447453e-01
-1.994407757901243139e-01
-1.389507334297109820e-01
-6.604973156450583138e-01
-3.138368374229320024e-01
-2.389356340336600271e-01
1.395454164669631125e-01
-5.587303478140572821e-01
3.556098518930939090e-01
-2.159226429192051544e-02
-7.353828685247482122e-01
6.009007812204906207e-01
2.097860373793019040e-01
6.367675344343382005e-02
-4.358617785394861555e-01
-3.176072296052456778e-02
-2.731335637788204762e-01
2.598438084367564738e-01
7.052754066159347968e-01
-7.652939965687685087e-01
-4.222076771547259577e-01
6.685930566116519147e-01
-7.393785454659275169e-01
1.133917737856083852e-01
4.243459466368444399e-01
-2.780645347664052469e-01
-3.261217919790933006e-01
1.475606133916817497e-01
2.554854802550193815e-01
7.085983070904903203e-01
1.555755146733265315e-01
-1.412172804013467342e-02
-2.424382272253637893e-01
1.591689344139382012e-01
6.040282320794945203e-01
-1.950839455753496932e-01
1.761715917315340718e-01
3.727023025014418733e-01
4.076843617069241255e-01
8.058305376562974187e-01
3.324880346432992351e-01
9.830536435661352268e-02
-4.460815336929768726e-02
4.121347334301783683e-01
1.236388307238023287e-02
4.645498293807360790e-01
-4.242335062776777521e-01
1.799533824458049436e-01
-2.021809745311385909e-01
-1.587067953066745307e-01
3.137655976495182242e-01
7.857176005799794138e-01
7.087289684732223094e-01
-1.414167206223231332e-01
-4.740650060895467144e-01
-4.436840264959430735e-01
2.556270189383880176e-02
6.491301997382172839e-01
-2.352660837215861944e-01
4.534030561663582315e-02
7.815614961536513361e-01
-9.141462918268405957e-02
-9.516519473236417781e-02
3.898354954122645877e-01
-5.592797473459143465e-02
4.763642307005032661e-01
4.459779156539310785e-01
7.485484542235774086e-01
-4.266550757902680679e-01
1.642597693596924424e-01
-1.901164113828069935e-01
-7.401903788574388798e-01
8.966745014549990511e-01
-2.390191951327931275e-01
2.405931231922394664e-01
-2.068604072758899459e-01
2.808942967421800274e-01
4.550871904333969598e-01
2.314380356061802591e-01
1.947801230479633272e-01
6.506251406859486774e-02
-5.568018112615984450e-01
-2.831123502291594818e-01
-4.721965668098992985e-02
-2.149715471183779592e-01
-2.458011149940970141e-01
-3.957387828673329944e-01
-2.493700702221357535e-01
2.535933365182351240e-01
-3.987287468209421704e-01
2.171750849558835572e-01
5.452147534397465689e-01
-5.513773802496110266e-01
-8.620515241794768357e-02
2.324438382710682927e-01
4.177192348255769350e-01
-5.036543739131040809e-01
-5.296751701094407627e-01
6.825402848456256777e-01
3.155622516178636650e-01
-1.991261493965885698e-01
-4.884267629237815100e-02
6.667260157854641989e-01
2.984728464182814234e-01
6.646571065295303615e-02
-4.974370140913848548e-01
2.320066621390570738e-02
-1.414056075607230678e-01
2.683225854575893576e-01
-6.278004470103647483e-01
-3.133425048805583146e-01
5.050805784531147147e-01
1.339009019455443816e-01
-8.607069474136018750e-01
-2.167872424963313560e-01
-2.921370292346100461e-01
3.351800475227030285e-01
5.195244046615495881e-01
5.680182113358770435e-01
6.531478504042065314e-02
-3.930158183599286037e-02
5.266923572950393817e-01
8.081455442738688655e-02
-4.253392033874525691e-02
6.126818649190924893e-01
-1.696775908234899877e-01
8.522794413818672865e-01
-6.246113408234884590e-01
1.881041358090989046e-01
4.714564547529821459e-01
5.460790666018850992e-01
3.021817653112379709e-02
5.335929697804486782e-02
1.558446843196166220e-01
-2.773246615245479330e-01
2.745922833498217752e-01
-7.797691249059324203e-02
1.843675780910267736e-01
3.709574804112341084e-01
-6.194846406236896863e-01
2.227375042248201931e-01
1.192014938672318891e-01
3.031941815395555739e-02
4.555125646511585247e-01
-6.370901731222267106e-01
2.056020534024403101e-01
5.523455830193928495e-01
4.573866473274537103e-01
1.651981675097869973e-01
1.479026449418970879e-01
6.054919932011597616e-01
4.769001934244618823e-01
-6.363004603242751189e-01
-6.336491806118220715e-01
-3.938492269906171961e-01
6.679864002114092036e-01
5.462610215089981347e-01
3.293898833851505170e-02
-8.229976447928295524e-01
4.670634189344007314e-01
-3.860104629095824080e-01
1.526960389748635016e-01
7.194639035049044118e-02
-7.096711146653919000e-01
5.363877721575438517e-02
4.144651936586071228e-01
4.860506574672583957e-01
8.130778195021595156e-01
