-3.121759554932955483e-02
4.840721037593627152e-01
-3.748747920530897115e-01
3.598573044720224101e-02
-1.225341338841925698e-01
4.903170290339613491e-01
9.960524377048510236e-02
-5.347633374093376801e-01
-7.363234003189791377e-01
-6.668928748947644536e-03
2.348158208585749418e-01
-1.183450110749660611e-01
-3.167554810876820059e-03
1.351814492773129595e-01
-4.732286689714411132e-01
1.497596753783955181e-01
4.289684292371189755e-01
1.308172868822395363e-01
-2.122029513048577232e-01
2.422409797503031204e-01
1.808494954544909161e-03
1.229619908600521755e-02
-1.642024467239869834e-01
-3.403436321530780018e-01
3.165918464819672540e-03
-1.892370995308134130e-01
-4.937522926933954337e-01
5.304167410604050392e-01
-2.433100713346048605e-01
-3.638602983694764204e-01
4.042246673540760005e-02
-2.096212002991446055e-01
-1.679638297253582546e-01
1.824004052067061399e-01
-1.410538035949939761e-01
4.083488744154338823e-01
2.648998758365351813e-01
-2.054963071864862600e-01
2.315428595627778696e-01
-1.890808205058460700e-01
-1.997665175858595599e-02
3.715922001750131543e-01
4.509768932821360543e-02
-1.016378822272353821e-01
4.934686149348890272e-01
-1.157257120513163207e-01
-3.604572698654588958e-01
-2.818283571780821894e-01
5.183419306733738630e-02
3.592931148203576952e-01
-6.740475917367921843e-02
-7.812147464518182094e-02
4.037745943954474948e-01
1.200912555997985659e-02
-6.448885597333042785e-02
-3.437418909445068005e-01
9.775607243294107129e-02
3.737076699389432766e-01
-7.507561282092761745e-02
5.429161908098666112e-02
-2.010529807091490928e-01
3.755000822110788894e-01
-1.363859910147950660e-01
-1.315795013562987836e-01
3.565632001946911211e-01
-1.850005045444577112e-01
-4.165265049308771172e-01
-2.484514508290499024e-01
2.766705442761462908e-01
-1.765482062412067621e-01
-2.868910725090715319e-01
3.753503745847166506e-01
4.962439634775168695e-01
2.885426060248807989e-02
3.089359196755497861e-01
-2.598888933327026529e-01
-1.056843182011824589e-01
-8.044321851500920717e-01
-6.180172318222771494e-02
-3.630459391780355149e-01
-4.932863141947023689e-01
4.971312753004322738e-02
3.176686638733002832e-01
1.068855418367663235e-01
-2.596558932787025320e-01
-4.876986275201429799e-01
-8.823078873949434520e-02
-2.321439950112801076e-02
-2.609831874164404431e-01
-2.926958742889865794e-01
-1.500206529394614297e-01
-7.323952146160921106e-02
-1.200659096090973543e-01
-4.704496395477217874e-01
-6.356626994573065792e-01
2.223783754215183373e-01
1.371526110280159028e-01
-6.757924243374377471e-02
-1.861405806102045535e-02
7.493347001575736410e-01
1.173336755781382856e-01
-2.804070424043256932e-02
-7.911288268721308747e-02
5.823949634619507432e-01
1.102795576960870216e-01
2.677210621845804717e-01
-2.703230010889810520e-01
2.224654700025503057e-02
-2.013412731822795121e-01
9.836808318677223162e-02
-2.228351829667667983e-01
1.095830555984641519e-01
3.889957829905500986e-01
1.291080728380996911e-01
-3.132599074825862528e-01
-6.302299530524912985e-01
-2.868041528410554819e-01
1.619794367443331828e-01
2.549206678267145199e-01
2.037344134039387189e-02
-2.837093913118645117e-01
-2.048403925144141602e-01
7.374184164253874685e-02
-3.150882631483781782e-01
1.386998878573202643e-01
9.431556154370457357e-02
3.025571761144540961e-01
4.200376955929835399e-02
-1.817642969881968218e-01
-3.429984976106299766e-02
-4.284276312845197721e-03
-2.714594335310251405e-01
5.885906697517646891e-02
-1.392872524910783172e-01
-1.256469902730295019e-01
3.386547726788576018e-02
-1.122688811469600978e-01
-4.791783702060924965e-01
1.795035613058599544e-01
-1.763456189674418861e-01
2.976019805700257093e-02
3.154125740449675169e-02
5.925961671369426309e-01
-1.647547626254240727e-01
1.445479668959664954e-01
-4.448756910352493210e-01
6.447182378739456377e-02
-1.288287105090855922e-01
5.547830859772625439e-02
2.300949392885572320e-01
-1.641667837866189750e-01
1.217974732570313301e-01
1.178812042238564506e-01
4.166247009824364245e-01
3.864223304574537776e-01
9.783671714081958182e-02
5.076081379629067136e-01
1.880077893494144781e-01
-3.577769268552670745e-01
6.966733329259752749e-02
2.064614347676558825e-01
5.246047577701896947e-02
9.303075481724495943e-02
-5.637828729686411577e-02
7.341427173879033763e-02
5.554808332353518008e-01
-3.123225023349945340e-01
-3.512602609865660419e-01
-4.464746560968432809e-02
8.812367872981323458e-02
-6.611511214410326076e-02
-2.154405292966195262e-01
-5.544606234107092579e-02
6.011286158878159647e-02
-2.003313886467857630e-01
3.723355032233411910e-01
4.403971362723103078e-01
-1.040655206340798111e-01
3.286549211011876026e-01
4.014921753932608195e-01
-3.216063712225848414e-01
2.409078351072249657e-02
2.191239676770946609e-01
2.920318499312069688e-02
-3.315105463955971832e-01
-4.031450528335677186e-01
2.177875347475337897e-01
7.238251233599948820e-02
8.930116540804458602e-03
-1.686793920950453440e-01
-2.538921757128662637e-01
7.320583284172234029e-01
-4.797159819109758638e-02
2.492809765314343146e-02
3.316524167669223089e-01
1.502273682364981822e-01
2.137141509270065187e-01
-4.737863496349886683e-01
-2.922689681691847952e-03
-3.204062097008140153e-01
-7.283912645889090154e-02
4.127338628893254535e-01
1.303343846740575018e-01
1.829350092182744081e-01
3.815415844741590901e-01
-3.005308576705175705e-01
3.501598052923793891e-01
4.407138701450522000e-02
7.378376181240955956e-02
6.258437465575705794e-02
1.164884717250033452e-01
8.298293419038170471e-02
1.325800497497947039e-01
2.455884204373334767e-02
1.518952555257795101e-01
3.559768913112275612e-01
-3.591942417218698114e-01
1.524953113479636524e-01
5.544239282881048558e-02
4.352428151897066444e-01
2.208130341492586524e-01
-3.490777889084261121e-01
-5.552054234309335978e-01
3.577609826811825045e-01
2.285460539170835470e-01
-5.471514198350031499e-01
7.394630111270615591e-02
-1.669000735805452051e-01
-5.158736551851440810e-02
-1.410151171261405378e-01
-5.261719591642582960e-01
1.126571801008439261e-02
4.599175484084389032e-02
1.765621377231300915e-01
2.891792224938530831e-01
-3.047278274361256978e-01
5.101526501057231933e-01
4.202190563308545040e-02
2.461471155093891000e-02
-1.407726347083174678e-01
-1.458789169009767073e-01
-4.180157074163341480e-01
2.461093850143378226e-01
-2.944390304203091391e-02
-7.742720189812027365e-02
-1.094990989738446607e-02
-1.759861797549572560e-01
4.650739979539003643e-01
4.788422487546006856e-01
3.113325036958065617e-01
5.635440211528235377e-01
-3.650106566207753644e-01
-2.516210546104747370e-01
5.670634345514100616e-01
2.112596791991309675e-01
-3.552719877102428758e-01
2.523035888967235518e-01
1.371175061311393217e-01
3.303639560050608548e-01
3.974986415107942817e-01
1.684262101198742423e-01
1.491603385742964472e-01
1.245416912939457804e-01
4.140698413439816705e-01
-1.989648838968448297e-02
