-1.157493348996775362e-01
3.913334793825546942e-01
-3.557415817969462601e-01
4.100732019838244646e-01
1.449787538654236929e-01
3.065343131573112778e-01
3.512623759564649228e-01
-5.777668352113757289e-01
-6.729399780815323862e-01
3.452950638388161408e-01
3.195969547164254632e-01
-3.475950430143014414e-01
6.947359012217740881e-03
2.759176385434161660e-01
-6.278714406806922277e-01
2.455466990062445398e-01
6.643952066078046004e-01
-7.312708839452128351e-02
-2.505381833054557417e-01
8.102895757088424133e-02
-3.233415732514405283e-01
3.399926568148181616e-02
6.872129741048771390e-02
-4.569937943050529361e-01
1.065605424768822918e-02
-4.111594847369832717e-01
-3.600003759721086549e-01
5.670028265000601753e-01
-1.823488167434808016e-01
-2.013189582400898292e-02
2.013420546220631713e-02
1.142958745956190736e-02
-1.340391561134867127e-01
1.486533074237000873e-01
2.291751434478838390e-01
3.616275762265703797e-01
2.754042046132438859e-01
-2.712682892051012651e-01
5.586635978516583112e-01
-1.212866264317596365e-01
1.976018898555815251e-01
5.641961209123936838e-01
-1.994540970887488940e-01
1.754207212258594994e-01
5.463644221380342669e-01
-2.946790208832084645e-01
-4.452022561965872649e-01
-2.391126226860914028e-01
-1.204550348312830033e-01
3.428470070866768693e-01
-1.131291705954925730e-01
-6.008231643190675708e-02
3.805142650704403939e-01
-2.110223300163863169e-02
-2.145286501439606364e-01
-5.581347473824025407e-01
1.194707737445453027e-01
3.259155439991903158e-01
-2.922989000031545048e-01
1.506114996561203068e-01
-3.490175884465317457e-01
4.412744149948161776e-01
2.397252235813188137e-01
-4.234354020394943685e-01
5.422959614940429107e-01
-1.711874205109640557e-01
-4.658678424877128466e-01
-2.860568132586358558e-01
3.379604014573585058e-01
-3.069291048477467143e-01
-1.962889112603912745e-01
6.017235128093114671e-01
4.036284154007486191e-01
9.993422750038349900e-02
5.125553802904576628e-01
-2.758083089434976154e-01
1.437037889666648860e-01
-5.803469149413349459e-01
-1.181280277595882222e-01
-5.592834962872339499e-01
-7.059021704277299580e-01
-1.509700474208886534e-01
3.581805782901148483e-01
1.755644931993536328e-01
-2.097559340434464459e-01
-5.608404245565997703e-01
-1.202920270199418773e-01
-2.601191621931703279e-01
-2.742254653989314450e-01
-2.986682244064574610e-01
-2.202530204304763983e-01
-1.788760101825832005e-01
-8.336263548685829416e-02
-5.653882757038477536e-01
-5.424682638935286461e-01
2.391494437139222995e-01
2.641684156441136411e-01
3.074807723366595469e-01
-4.009179655397315800e-02
6.392168701932730013e-01
1.277344356201980391e-01
-3.420407929001872960e-01
-3.168132441659688991e-01
6.996061930409375185e-01
-1.247720853450822731e-01
3.291949883609663896e-01
-4.034007724561464725e-01
-2.781615992062147491e-02
3.711321468252187783e-02
8.515832453866750695e-02
-1.127505907203391056e-01
2.098018564363162974e-01
5.973408332799994280e-01
2.444480335151832662e-01
-2.169123472545756437e-01
-2.193740128371304832e-01
-2.087295807882981191e-01
-6.373296528561239738e-02
2.574760789926667792e-01
1.985285629599577994e-01
-2.905107284162149472e-01
-2.795850387523668990e-01
1.751570865678488131e-01
-1.109690654721998126e-02
2.018604280444172838e-01
1.073837325879443416e-01
1.973348808058928150e-01
-1.170150978184075763e-02
-3.123971166024884782e-01
3.026237573032869443e-01
-1.797748852865748426e-01
-2.616618664518458592e-01
-6.222583884103460861e-03
-2.143171828638145981e-01
1.160107209263243067e-01
2.550554859694456056e-01
-6.473849198033816421e-01
-6.521475536741028201e-01
3.642107740354730838e-01
-8.983891014705072675e-02
3.184363361860015340e-01
-8.426212492143336785e-02
7.832295254720389455e-01
3.672652828158716742e-01
1.249339282127511774e-01
-4.240237277750472655e-01
5.529144722953256708e-02
-4.273076476223147679e-01
1.354291827657839453e-01
3.692282528843020550e-01
-1.730566560275471621e-01
3.543164254958975357e-01
-6.582754884278393948e-02
5.895275470782496141e-01
3.130108987208326532e-01
2.092783962712753687e-01
4.601419806933099155e-01
3.013736442516955494e-01
-6.330253336392555052e-01
3.363672681871220371e-01
-2.329675526059607760e-01
-3.083347158800430199e-01
1.184403663496408632e-01
-1.339973041479574634e-01
-1.337701683248178064e-01
7.162772175335485603e-01
-1.857649102162409471e-01
-4.664914693759654174e-01
-1.987730846415757813e-01
3.164313334859421012e-01
-1.254599918654139556e-01
-3.885153147052122780e-01
-3.398108588987899803e-02
6.582930080671123285e-03
-1.032266668235896495e-01
5.813127075694239920e-01
6.050703990587222858e-01
-6.253846434182902536e-02
1.634278712528232647e-01
5.491263900371707862e-01
3.049527710719923679e-02
-1.535703431889512416e-01
3.413636839000838696e-01
2.819989349756987784e-01
-3.902332218066223435e-01
-5.481548462824392676e-01
1.920800510269070616e-01
3.460957433819158990e-02
2.532604604971070428e-01
-3.314056267750504214e-01
-3.435287683249764745e-01
3.709253663538799595e-01
2.891654438632371704e-01
-7.005184159524827092e-02
5.316931225747174583e-01
-3.245226719554566985e-02
3.773875021423187537e-01
-6.311377687843250373e-01
4.067119055853293808e-02
-3.059705127373680833e-01
1.099820481696309471e-01
4.040598685983693983e-01
2.231570294730503834e-01
5.213513669643166093e-01
1.431177893929624079e-01
-5.397485482969286430e-01
4.755516890218887127e-01
3.552192227346752662e-01
1.360460885016023802e-01
1.215317416781978577e-01
2.355758908148511965e-01
-3.062069832121051549e-01
4.980561578811401602e-02
-2.267123069400688862e-01
2.211050913078660418e-02
3.043820459759527530e-01
-2.744291426741434226e-01
-1.287267452202304763e-01
3.855419564508031915e-01
5.406413330068875478e-01
3.239367193003896972e-01
-1.432455532645100227e-01
-5.795082788368700610e-01
3.438391628798666555e-01
2.396631326091130665e-01
-6.130930916174154310e-01
4.517062276076844740e-01
-2.365696452905612368e-01
-2.920854837493930822e-01
1.035369727739312018e-01
-5.031696787325126152e-01
1.271671636997111776e-01
-1.276230121007687623e-02
2.803086877370162266e-01
4.593632171312369561e-01
-2.700590110722317361e-01
6.748475806968140533e-01
-1.852041686100622253e-02
-1.738887308192163528e-02
6.301039273173342226e-02
-1.553676467997023858e-01
-5.758995615925814882e-01
4.772129796409874114e-01
7.070523659309105313e-02
-1.848006606500599558e-01
2.935737827038384928e-01
-1.724138834485656191e-01
6.157862677307370802e-01
3.816350202431560978e-01
1.948490535492039821e-01
6.285309099282732070e-01
-2.412010305136406130e-01
-2.789361351477110396e-01
5.449938023931625297e-01
2.577262621373280771e-01
-5.574239824566189494e-01
2.692608582466873290e-01
5.093312935024069121e-02
3.122952623027955288e-02
5.503188663290778937e-01
6.930520933686840079e-02
4.148139307440412704e-02
2.519420471375253823e-01
7.192590393778416358e-01
4.297887802069527696e-01
