-8.800667576321670807e-03
3.860125486334047701e-02
6.685160606175363784e-02
1.830598221177875268e-02
-4.795601691277583400e-01
-2.846941666857359943e-01
3.992033285350181093e-01
2.423848929602553243e-02
4.432709748920913295e-01
-8.239458261799761929e-02
-3.262366088579742307e-01
-8.053368909140573573e-02
-1.273194864266956883e-01
-1.365817217830365693e-01
-3.265294717581435080e-01
-1.962163044617242641e-02
6.525727869377789814e-02
1.147530741254557674e-01
-3.589094424862297739e-02
2.956063427407029653e-02
1.051405461153023385e-01
-8.304293342723695348e-02
4.283980688055443187e-01
1.538073571753496016e-01
-2.928407279803736385e-01
2.614721619908437766e-01
5.819783765725500269e-02
3.106339178622916641e-01
2.156429538775841426e-01
5.363531086156299310e-02
-3.664779753505407189e-01
2.857655130322674930e-01
-1.528314464269172335e-01
1.693632406159273351e-02
8.023270047860475707e-02
2.814380736105286385e-01
-5.813943256229207046e-01
2.521685872677063567e-01
-2.333679905919293085e-01
-1.649028511541268949e-01
-4.078685781533115673e-01
5.323773997982126360e-01
4.052096853675678512e-01
-8.013984083236877498e-02
5.150289202400217675e-02
-4.848797716352885173e-02
-3.084729120472850528e-01
-3.803478328973783906e-01
-3.408138789906195454e-02
5.358076796582320611e-01
3.036342846643653309e-02
2.890297368388795030e-01
3.570496726023933975e-01
-6.805883946436201704e-02
-3.478884660021032138e-01
-1.971385146960238366e-01
-3.157466604276586430e-01
-1.087940550172212251e-01
1.553034519525696155e-01
2.457075011031378542e-01
4.960127857652122385e-01
-6.670936737479702394e-01
-3.730906360158440793e-01
-5.924913305495885241e-02
4.302753689873412002e-02
4.624115368669212689e-01
4.385490021489397983e-02
-2.165452928739790561e-01
-2.986046415343891480e-01
5.267065209539751880e-01
-1.310842259768513207e-01
7.380575474603614516e-01
-4.064540575603149408e-01
-8.692651271307182126e-02
-1.566621782949166597e-01
2.843897585911289161e-01
-1.873210100874572182e-01
-3.124945067522427733e-01
-2.832776664180455817e-01
2.618149598377810250e-01
2.230076898815019359e-01
-3.529734220010194434e-01
1.317635400698114745e-01
3.016215645866849454e-02
-1.037554999668791333e-01
4.644057593491868197e-01
-1.501613374086324948e-01
-8.778133282350888966e-02
7.526928363582956194e-02
-3.025777419748972852e-01
3.488324993473657099e-02
-3.374244582209863230e-01
3.436200085756344058e-02
-2.975380370522993090e-01
-1.728136653612971640e-01
-2.246002490993303513e-01
-4.707023630520856261e-01
-1.914766842292267568e-02
-3.687399916182743098e-01
1.976981274914049042e-02
2.668489445728217113e-01
-2.875169399572661266e-01
-4.818127088003177905e-01
1.689683177841767026e-01
-4.396454474277369795e-02
-1.871582912995908288e-01
-1.032825775848248556e-01
-1.284299831103597467e-01
1.971199472428764865e-01
3.385374869956193078e-01
-3.549917672223518172e-01
-2.519246897955414177e-02
-2.371157960486739713e-01
-5.658325955684700981e-02
-3.652531286516691456e-01
2.866436048217322341e-01
5.731590271376271750e-02
-1.023598168809053133e-01
1.100310813774035834e-02
-2.314929431370585655e-01
2.027513780271040789e-01
1.995530936114700560e-01
1.569801592217646286e-02
2.188009281640520831e-01
1.166024396390251128e-01
-5.896334749771219297e-01
9.521514531397851089e-02
-2.051373708168822974e-01
6.153697837477918320e-01
2.822256283781323510e-02
-4.832858151324683771e-01
3.449602054170934906e-01
-1.332890459430804697e-01
1.577093744576684720e-01
4.225273065793495875e-02
4.151549526925883971e-01
-2.844358046457615488e-02
-5.918228350988490316e-01
-2.393451483052616569e-01
-2.119981172496705757e-01
6.598730279643643115e-01
1.090682824809597606e-01
5.167707323148976739e-01
9.948434049446487626e-02
2.272445836047012890e-01
-3.422274574606595232e-01
1.713377433889755608e-01
-1.689511625673058293e-01
5.597416514563689077e-02
-2.566829605211613102e-02
1.607143747574212578e-01
-7.866622311254409805e-01
-1.729180768101671040e-01
3.107446671112492065e-01
2.582757859289864233e-01
-3.947929299778887291e-01
1.136733971291769563e-01
-5.822941141758784800e-02
-7.406354253472038351e-01
1.617405249238359488e-01
2.584710530811409335e-01
6.133641296466298826e-02
-1.404244472737656291e-01
3.631153026086010316e-01
-3.709812675102959756e-01
3.836141250472401842e-01
-8.935653932391290910e-02
3.091974790649623106e-01
3.252307188708830621e-01
-1.920143495429483815e-01
1.410796173565935785e-01
-5.554995363449406476e-01
6.099615634273600900e-02
-2.305457826439021307e-01
-1.494721110250682994e-01
2.684472563557132041e-01
3.570517050347090521e-02
2.297385917558252555e-01
4.375302361167305865e-01
1.688516038659343688e-01
-4.664241589698898682e-01
4.888044546519288991e-01
1.774041071669967273e-01
1.857390883932639181e-01
-1.165247744044012879e-01
2.344380139364757587e-01
-2.115582343543647159e-01
5.545770680264860975e-01
2.219567384849499558e-01
-4.415151553912249893e-01
1.254956017093060150e-01
-3.953646478804636599e-01
-3.432599605151805400e-01
9.068509106292893529e-03
2.591339627228573250e-01
-1.530655959217384066e-01
-1.882596714986184139e-01
3.483785997909014664e-01
1.463549548914769294e-02
3.418033251048967491e-01
8.093926294557089729e-02
-3.614374211871057008e-01
2.183833219266003156e-01
1.197036043204027234e-01
-3.930646495048298883e-01
-3.074981098327210227e-01
-1.916165914461897546e-01
-3.876871003218669287e-01
8.590443592106281057e-02
-2.661644710728710561e-01
-2.223212981530259258e-01
-2.816352400357136077e-01
7.470898496890437945e-02
-1.512980710463998069e-01
1.291485860066557689e-01
-1.762040517408969623e-02
-4.521801818354123093e-01
-1.322916843080378657e-01
2.288214570355717181e-01
3.046522292995607062e-01
-6.925184436841863578e-01
4.667047262533669666e-02
1.376804647692013717e-01
-1.435542049761577288e-01
-3.506400981744347001e-01
-5.670723818787386517e-01
-1.226953152010255288e-01
1.069249401693109364e-01
3.262909962717683299e-01
-8.600710689240408102e-02
1.392459578505454987e-01
-5.822293658252739729e-02
1.849342671300033270e-01
6.722738714355307177e-02
-5.934294775781259190e-01
-3.307154045079245819e-01
3.396771292628436023e-01
-3.274595046424019773e-01
2.614284283717372981e-01
1.259456692835712877e-01
8.179048545623253397e-02
-1.421933822245971812e-01
-3.586093565263982486e-01
1.095078976037049123e-01
-2.374477677712871770e-01
-3.583982473314284434e-01
2.768426213346655840e-01
2.745409384221149107e-01
6.391449541539759860e-01
5.290168861810271572e-01
-2.594430290329114985e-01
-5.483342298837991236e-03
-4.691540877502323181e-02
-5.152917015450421412e-02
4.432793522775620998e-01
-4.455562051985727523e-01
5.090995349283993221e-01
6.090690482654044224e-01
3.588359876396798875e-01
3.048167445836987288e-01
-7.606172884593960237e-01
-3.041315223749105900e-01
-1.348659994474072921e-01
1.417494291855979360e-01
-6.927587534080753562e-02
