-8.120263551224532472e-02
-1.460581288919858556e-01
-3.782413118988728895e-01
1.449696332650485253e-02
-1.496839155204469918e-01
1.140336774224766231e-01
8.597098777843883988e-02
-3.112189386530942459e-01
-2.054634044618291466e-01
1.533781957515598926e-01
1.970285547005210525e-01
-4.115530351038722279e-02
4.945846889505103872e-02
-2.006127506635639324e-01
-2.654021339182367489e-01
2.462715779449040909e-01
2.701167917947755459e-01
-1.760245984570540378e-01
-1.375238019855967442e-01
1.081111465018473328e-01
5.865990592085509880e-02
-6.340055405546586587e-02
1.696610744149470995e-02
-1.050846269815585432e-01
-1.935467432373488839e-02
1.104641839283087568e-01
-2.292032755298388791e-01
1.698138775358281061e-01
1.563925877709854140e-01
-2.399041615537672867e-01
-2.090976530202774686e-01
-7.963218930997503775e-02
9.962835893683133492e-02
2.671711797075956296e-01
-2.913418319844233717e-01
3.791624849429461874e-02
1.435198958241295786e-01
-7.726774145119465198e-02
2.001326421045068193e-01
-3.516585542119714525e-01
1.310717396640488364e-01
2.024456114378552773e-01
-2.111700930547621147e-01
5.380554852416796763e-02
3.526273687101506571e-01
-1.389954304607927127e-01
-3.277377557351762172e-01
-2.391472499947086550e-01
1.904048306357375431e-01
2.377672273529293223e-01
-1.226176380771007296e-01
1.686330884020443843e-01
3.182810816813074206e-01
2.407667703495222633e-02
-7.942782821823773931e-02
-1.295570130634303430e-01
-2.412284504128358598e-01
3.973188996488757896e-02
-2.339632709074523365e-01
1.258928433858227947e-02
-1.756591043417359554e-01
2.298912249712924682e-01
-4.907642555649974203e-02
6.082946007132383759e-02
1.792334629140588109e-01
-2.654307623010879191e-01
-3.110688415222133685e-01
-5.899923563249584446e-02
3.946261316742676328e-01
-3.151224077446535543e-01
-3.046637515467802704e-01
3.173215037621112122e-01
8.299969904503878837e-03
-9.523828653520423348e-02
5.109683456160160619e-02
-5.116281458813090599e-02
1.842261074969693824e-01
-5.390201123872291333e-01
-1.294606244320102295e-01
-5.024012095260864674e-01
-2.737606513676485998e-01
-1.468979447681531825e-01
2.072813963712468177e-01
2.014835607815748664e-01
-1.443519952792610694e-01
-2.121719349693195755e-01
-1.101797212090141753e-01
7.780922226105907447e-02
-1.108060782122791410e-01
-1.787279823035656801e-01
-1.744086505104129048e-01
-5.712776088977057631e-02
-2.253071403167630771e-02
-3.080240161676839339e-01
-2.318578975053789681e-01
7.853141377358208164e-02
3.047946322927390650e-01
-2.791954104441463080e-02
1.407700381881784035e-01
4.289098293682017671e-01
-2.359561724906004965e-01
1.113259999635077963e-01
-6.208244622632287657e-02
2.715239356350598321e-01
3.625097195675997530e-01
5.912160919826328076e-01
-1.067127599702941965e-01
2.318727433038743346e-01
-2.835997877544847445e-01
-2.568974088900716213e-01
-4.632678772477724083e-01
1.484626542813453909e-02
1.802169384309304789e-01
5.223060025870782108e-02
-4.573320703539395238e-01
-2.550485438308623398e-01
-9.564351877560633985e-03
5.933746827352154307e-02
1.770426254476086814e-01
-1.530161384489654441e-01
5.698709621427051897e-02
-3.956388492382402200e-01
9.523249041613093824e-02
-1.374038744358157538e-01
-2.361553458965574004e-01
-1.578269395143679921e-01
2.245585330030087645e-01
-3.925564468995518946e-02
-1.880790054052459415e-01
6.868729592392244787e-02
2.155610429801774752e-01
-9.863250144057317259e-02
3.510481557434835809e-02
-2.405917446136259241e-01
1.815369949002963723e-01
3.368127657459495383e-01
2.588208347365804074e-01
-1.808943169176853161e-01
3.481712140758249641e-01
-1.274218256223164092e-01
1.093738145275995610e-01
3.760850256111458734e-02
-3.874754425471232944e-02
6.920912750054161733e-02
8.585506839476433893e-02
-3.602309765090652149e-01
-4.142561198649583054e-02
-2.952973411639811530e-02
5.831286550014949666e-02
-6.580224664706840754e-03
-4.185257519373686286e-02
1.372649754818874024e-01
-3.626355300181660635e-02
2.702382811533371454e-01
2.354730705787395906e-01
2.998140220869878192e-01
4.247907066866551951e-01
-1.095150467758387036e-01
-5.447151297522205837e-01
2.003690687850919749e-01
1.196775253320218058e-01
-8.594372871469346808e-02
9.744361523788931667e-02
4.733156805020524716e-03
2.012227988777762766e-01
1.717166467594759549e-01
-1.134997104458481121e-01
-1.491285826268418102e-02
-1.670757204495347814e-01
1.476574008802276627e-01
2.632874377544656141e-01
-1.909522463487440258e-01
-2.239783449105318680e-01
-1.471094581118551070e-01
-2.519821761008000927e-01
2.434722137567740807e-01
3.114796887986237550e-01
-2.199552251233523326e-01
2.789712713552763845e-01
2.481686589259964326e-01
-2.168967642017397279e-01
2.260690612486167539e-01
9.283970430396518148e-02
6.515366196044002078e-02
3.732806962159325448e-02
3.306077979372853970e-02
4.389533513874742665e-01
-8.581426684109300096e-03
1.054344984842450761e-01
-1.974876218904166592e-01
2.276710411656259203e-01
7.174359028042089081e-02
-2.835736485218164904e-01
1.204931809703211204e-01
4.390714160406303801e-01
-9.575960924606105595e-02
3.253224692416625263e-01
-1.651258400090084288e-01
9.242576176960637380e-02
-2.995866914842302275e-01
-1.578452476950778505e-02
5.048716029713331555e-01
1.373654039076362965e-01
-1.508031915355377006e-01
2.989801648746254203e-01
-1.456205608315969124e-01
2.705414403783324984e-01
1.620047540397479002e-02
-3.491462782334982251e-02
7.086561505699079389e-02
-8.308847586417827946e-02
-7.494860625792840181e-02
3.142663929996184491e-01
1.301265143790159562e-01
1.416649584046847654e-01
1.724211888613323418e-01
-1.874485030026454835e-01
9.470102278587656797e-02
2.369473669281009220e-01
3.532229002520559935e-01
3.446114642867061928e-01
-1.313377357856352345e-01
-4.356562073424680159e-01
-1.099805642344096335e-01
1.716146127158056089e-01
-5.211370602490579262e-01
3.526908446259902075e-01
-8.207838316045910909e-02
-5.788074581366575710e-02
-1.053958258511215607e-01
-2.027575204547687471e-01
2.985919195248511182e-02
1.008992241895175362e-01
-3.180988793934919068e-02
8.747655894465156123e-02
-2.602027578509439332e-01
4.253978940138183895e-01
-5.931834111010103605e-02
6.430003627088867746e-02
2.058659158756199758e-01
-1.836038386420843493e-02
-2.227943357970103566e-01
2.706113130910000053e-01
-8.722928413733552211e-02
-2.689631842989759769e-01
1.171534171861310369e-02
-2.290915776176797869e-01
1.947260511753138856e-01
3.488302061622722272e-01
-4.671801394704866439e-02
6.406641288697166869e-01
-1.445269404671119251e-01
1.936268152285754995e-01
3.375613810270692849e-01
3.797416862389788039e-01
-3.692768910714093744e-01
7.857578222104658061e-02
-1.012466840632013920e-01
8.304902206436037826e-03
2.478177906633856065e-01
2.430147729910818732e-01
1.121115907101681991e-01
1.305609122965825097e-01
3.562157550112348137e-01
-3.685863608852286977e-02
