-7.518601058067617138e-02
6.176893408726756574e-02
1.198576155962139400e-01
1.109412493116575249e-01
-5.213475261067599398e-01
-3.223300810326179544e-01
4.745778951632194653e-01
5.639136940068294190e-02
1.489561878328615752e-01
3.239697527278150302e-01
-3.455591319984013809e-01
1.831258990816521937e-01
-1.559939537699651102e-01
-1.005513172566976504e-01
-2.263161908681048384e-01
1.984603955974037492e-03
-7.800373416505447521e-02
1.252653917085070900e-01
7.773760021788870406e-03
-2.967786003911549592e-02
-7.035101152640735322e-02
4.897008246532421477e-02
3.675963773950553515e-01
7.495271357684875346e-02
-2.134925123850970052e-01
7.258905244252986111e-02
-1.761310239459339469e-02
1.382822232265377982e-01
2.330438769564263657e-01
1.291459359146018837e-01
-3.377292886174679820e-01
3.857811806237321783e-01
-6.506525727314171892e-02
2.132506206015127304e-01
-4.615472935158015932e-03
2.022940328679910804e-01
-6.765428464483069781e-01
2.253702372486339200e-01
-2.368629030160929183e-01
-1.567128478257752699e-01
-5.219130371778142319e-01
4.302870244937727628e-01
3.737953127090866690e-01
-8.455003456294024611e-02
8.139427322816319976e-02
-2.850681760876874055e-02
-2.181870716845915326e-01
-1.553257355655598415e-01
-2.566375844219186408e-01
7.693842487738475899e-01
7.475941385833242969e-02
4.777227404137049938e-01
3.096664729240980463e-01
-7.063580763763353809e-02
-2.835507869100788447e-01
-1.409286743334042802e-01
-2.780393442289212924e-01
-1.152691713923400668e-01
2.302574375721997413e-01
6.291457830290425601e-02
2.207246051564756006e-01
-5.244198432456339543e-01
-2.553424858113957363e-01
1.068476112275300594e-01
-3.084746240149559560e-01
2.412968366495607808e-01
2.982069838546872603e-02
-1.402815081374635675e-01
-7.155076908866500607e-02
4.366170687006292739e-01
7.653803066516820519e-02
5.410222653764713563e-01
-3.306454241846086273e-01
-7.543358587495239964e-03
-8.879875261702091516e-02
2.606792900176161387e-01
-2.882837280120026935e-01
-2.869551888723150812e-01
-5.592931887172416516e-01
2.319652394726776090e-01
-7.318743122560307512e-02
-3.693747722771457687e-01
-5.118599640434521453e-02
2.729545796837970495e-03
2.437097639506040359e-01
3.583772849456163256e-01
-2.570513484969845219e-01
-9.735432747562386413e-02
-4.661137653760805133e-02
-4.029693677301491306e-01
8.098962056412271904e-02
7.968948717236024049e-03
5.100635441864034142e-02
-2.991462251703655428e-01
-1.100410247801175551e-01
-1.860226866308782867e-01
-4.962940296334280021e-01
-3.432321018265543228e-02
-2.553537443305183285e-01
1.433904034980404973e-01
2.665828713951376994e-01
-4.102215556617119230e-01
-5.470166076551643553e-01
3.219858218393150118e-01
2.041942983112730592e-01
-1.519693791333385502e-01
-4.644498526533333282e-02
-1.172543053610151792e-01
2.221426007206264153e-01
3.969353162739622798e-01
-3.690318123081753887e-01
4.759462776463021377e-02
-2.248091805555049727e-01
2.124915402249422103e-02
-3.032204867702705808e-01
3.335948923712395708e-01
8.496453123318208067e-02
-1.456499273889374224e-01
1.134836986623600635e-01
-2.029224669312424401e-01
5.346333426556430096e-02
1.901931394548049825e-01
3.941976858801353456e-02
-1.138681221903519170e-01
1.245919881205755086e-01
-6.006966874994391636e-01
1.204287475026096649e-02
-6.844740122873251009e-02
5.886278432471634403e-01
5.985852206797320427e-03
-2.538155471959762655e-01
2.681026224644635914e-01
-1.428468712755693870e-01
1.819636905255879178e-01
1.384604233246286842e-01
4.480946253416231984e-01
-5.600163342873971245e-02
-6.125494445686952005e-01
-1.915071567573532474e-01
-1.432320688611317672e-01
4.896824011529576914e-01
7.110942244374356125e-02
5.205656678372287960e-01
1.050978926724539519e-01
3.108565344855700463e-01
6.425669289632167380e-03
4.528351676496214506e-01
-3.805853099361801162e-01
3.225740559897688486e-02
-7.412161569791630988e-02
1.590973991122547893e-01
-3.956897096162875771e-01
-2.708170262930338357e-01
3.492561497348869448e-01
4.836099913236321379e-01
-4.322030838084948701e-01
4.080253422251961526e-02
-8.486442701729141058e-02
-6.039083944568671702e-01
1.676678678857476401e-01
2.295050846348005713e-01
9.742785851988203238e-02
-1.231428185921265989e-01
3.749120043534480695e-01
-4.986103142959004142e-01
2.759092023951631445e-01
-1.202842772084759537e-01
3.888892726476646522e-01
3.095568128364581950e-01
-8.235888479951476715e-02
8.260560403742817082e-02
-6.958684996139345991e-01
8.417466940797896369e-02
-2.584801191129648679e-01
9.997454907549921388e-02
1.686780521025448842e-01
3.603659840265328873e-02
3.145268339078237663e-01
4.474086188314948531e-01
2.039260199721425471e-01
-2.304781717591832257e-01
3.433009205953477250e-01
1.003664521603431226e-02
2.662313645535205886e-01
-8.854681743090275781e-02
2.234567035606809249e-01
-3.846873641339138006e-01
4.716497754964894540e-01
2.341433448594211764e-01
-4.820922281095678663e-01
1.055015894503981144e-01
-4.858014666422507122e-01
-3.258325001450267933e-01
4.001049824549348516e-03
1.214825457813104026e-01
-9.907909847390243552e-02
-4.292800059699520415e-02
2.792275783005352396e-01
-7.931597571973088290e-02
1.891506952085945936e-02
-1.197761472011388620e-03
-2.137114533037917652e-02
2.549367890104409229e-01
-7.924415808379731141e-02
-2.967523655277860550e-01
-3.047183761229442234e-01
-4.240541976642981936e-01
-4.718104284085881117e-01
2.845661425316364790e-01
-1.331977217816919801e-01
-1.634557999756823254e-01
-1.996114708676210159e-01
8.261419731687358325e-02
-1.025898809571511583e-01
1.400194564006597142e-01
-9.751591514102658786e-02
-6.002142413435256341e-01
-1.357996377668250765e-01
1.988500052052285527e-01
3.660378370544165594e-01
-6.884133486542152180e-01
3.068929228352617819e-02
7.079767656325443304e-02
4.154783371571055817e-01
-1.619973115124093699e-01
-6.918649211892802242e-01
-5.611524784530069754e-02
1.919540725220709454e-01
3.922939343935383238e-01
-9.649858100603470046e-02
4.334804514432599731e-02
-5.691348389505972855e-02
2.550909256316614693e-01
-8.540696404911438111e-02
-5.716778244292063382e-01
-1.311520805553650082e-01
3.346679764636598664e-01
-2.447451117320004754e-01
2.552442749207375905e-01
6.388212519647568088e-02
8.096490389880595107e-02
-1.199634621655455979e-01
-3.339578623453021700e-01
-1.532259341487259008e-01
-2.547190294905419261e-01
-3.428305014769973957e-01
2.976170774116300155e-01
1.965422817823236079e-01
5.431181144644825487e-01
5.317044674764600520e-01
-2.099989243112720394e-01
-2.747908662015993708e-02
-1.640459731866154847e-01
-1.937828155414079434e-01
4.578354878195668443e-01
-5.470451421049724594e-01
5.182242409451354170e-01
3.243251986272724929e-01
4.123820343034380054e-01
2.432016298957138944e-01
-5.416105613995374490e-01
-2.131518949441214839e-01
-1.459073993719361972e-03
2.097442578183878192e-01
-4.482219693808972560e-02
