-6.913685399610989268e-01
-6.086335646518926668e-01
1.015681422201771156e+00
-6.657612219170085943e-01
7.334115096469624451e-01
-1.003177107929683620e+00
8.743463242260720580e-01
1.651898357857931599e-01
1.774808463418987570e-01
-9.354153231472362995e-01
4.091853937342060932e-01
-6.255368776180889601e-01
5.286263614304123060e-01
7.316931977491059058e-01
1.907505977964969457e-01
8.420338880230990863e-01
3.021906102134943040e-01
-8.266656098644560302e-01
5.280155709129841224e-01
-9.841518595290533744e-01
-5.105362592728358573e-01
5.649611649315289252e-01
1.093952781978647093e-01
-5.335572918330848680e-01
-2.939773873380122637e-01
6.072055071347515209e-01
9.891449047829845576e-01
-1.169630749593025598e+00
-1.542627020319919384e-01
-5.799035226389457343e-01
1.108110193812818167e+00
-1.116475354083638738e+00
2.822099874062493630e-01
1.762635854782593214e-01
-9.594344626577078206e-02
6.496498026241321888e-01
3.129584709091437489e-01
-1.375124177758392241e+00
-3.248517649068092261e-01
7.859324905807321127e-01
-3.509261886204345648e-02
-3.886347674437851119e-01
-7.697337949657350187e-01
-8.022458046787559471e-01
-2.682739807310251523e-01
-6.791393701893126966e-01
-6.426368179821243531e-01
9.015394683450321800e-01
-3.054714393247783821e-01
1.093965126177769420e-01
-1.752852570058517356e-01
-1.845021349780717745e-02
2.409149230408804132e-01
6.532921576579209244e-01
1.025920907730534792e-01
-2.991459612209985131e-01
-6.486911544492286463e-01
-5.105695322732013430e-01
7.683337650385949624e-01
6.708770324278952035e-01
-4.900731592836780059e-01
-7.915455150659049810e-01
1.016140793664138453e+00
-4.142491381969021780e-01
-7.449811296012316397e-01
5.131178423200085659e-01
-7.792028999917393062e-01
1.034559591284393676e+00
5.308474001541885201e-01
-5.457364789160547014e-01
9.049799071689249574e-01
-5.082934404813381768e-01
9.696182394967174378e-01
-1.570442843617320672e-01
-1.468061182351152905e+00
-5.064308879973253852e-01
-1.567046283078247781e-01
5.589117798403466786e-01
1.942639835101465096e-01
-8.772114006110085516e-01
5.397336505960537156e-02
4.264168742263978462e-01
-8.708626884591961215e-01
-1.678499353791817139e+00
2.625883863480482083e-01
3.175515635078113297e-02
3.990266155758820377e-02
5.623565406580608439e-01
-1.515889971701162464e+00
6.018677958213207724e-01
-9.774893632296082213e-01
-1.868274731875734229e-01
2.122790724744445523e-01
-1.376496431741378590e-01
-2.214861647343544515e-01
5.244421205037814726e-01
-6.904841996247648161e-01
-5.766017427253397054e-01
1.922243492565559597e-01
4.017852280385758590e-03
-8.716623872381009663e-01
-2.154135443114635340e-02
-1.631964667253688051e-02
1.668372221891069596e-01
-5.036852826751760936e-01
-2.953265726287768178e-02
5.940574499934752062e-01
-1.838045914082817589e-01
-6.910513090427581329e-01
-4.427499676774246939e-01
1.803552289797367703e-01
-2.252841057997874707e-01
-5.243711987180876832e-03
-1.213072331280679039e-01
-2.736192887134258900e-02
-1.268067914077921632e-01
8.302276641599234397e-01
-1.167275860975583113e+00
-1.133402465626492273e+00
-1.677944879767828135e-01
2.303021975430515345e-01
-7.112061588175367932e-01
6.317737059989871895e-01
-2.069556558724755524e-02
-1.420228529485134672e-01
-4.285073633559284279e-01
3.959595654551457122e-01
9.460949735812307360e-01
-2.677105546135211678e-01
-5.472221418077403143e-01
1.621940082678814399e-01
3.332038423306165065e-01
3.113837481598020762e-01
-4.294284145262061703e-03
-3.029183787608324963e-01
1.140423299940842794e+00
8.297630509454219094e-01
6.508473414118371991e-01
-3.457899777779620543e-01
1.198001924722544187e+00
8.592589142535913549e-01
9.063382871738896451e-01
-1.376587268804235764e+00
4.718820589349527195e-01
-1.103937470549398725e-01
-1.388848037160242077e+00
-3.169529489144272683e-01
-6.072250497116413737e-01
-8.693205302984130523e-01
3.192543417656379390e-01
-3.765769681694136617e-01
9.382037440912147641e-01
4.300064128582595790e-01
1.045292329174322798e+00
-1.618310946797611560e+00
-2.611974568627268845e-01
8.844030782810063940e-01
-1.395809378626615138e-01
-2.441389987653534988e-01
1.966560318645766414e-01
1.502946902399209250e-01
-3.358277616219191852e-01
9.500452794195393125e-01
7.991457492309996802e-01
1.101627449044874751e+00
7.166230315805952600e-01
-3.639265715174329063e-01
-6.463831821715353421e-01
-5.036982245535008840e-01
9.715113846868826952e-01
4.708765805580901187e-01
9.964984888112371486e-03
-8.476433659733222381e-01
-5.062217869246627977e-01
-2.360922944799498380e-01
3.622074920518639773e-01
1.886753266810872187e-01
4.862429574371669450e-01
-8.366785037167685513e-01
4.314860658524355408e-01
3.816974303258260925e-01
8.006368431064134761e-01
8.840339846959512915e-01
-5.534268994907665107e-01
-4.021924992527902143e-01
-1.557340315242892181e-01
1.301517702498412810e+00
-3.242404891070453932e-01
3.927438584436777624e-01
1.368750113260053247e-01
1.481969908428284466e-01
5.112875988995915222e-01
-1.318706617783046431e-01
1.275345496437445547e-01
1.403165594682690642e+00
9.068189594557223288e-01
-6.526717955860885656e-01
6.466713564302595252e-01
1.133911302885519112e-01
5.594004903480886970e-01
1.032495693025519801e+00
6.026563270009426265e-01
-6.712201819943869330e-01
1.175852136912312496e+00
9.699065009564711293e-01
-2.852331822846625453e-01
2.524541797119124187e-01
5.613174842728450020e-01
-7.428466331077637763e-01
4.357072452953267838e-01
-5.101519461563778224e-01
-5.077226252462113676e-02
9.830254929983679446e-01
1.773702250395835511e-01
1.941798817193979287e-01
1.512026043320601421e+00
-8.951479208457575609e-01
6.953479673046911724e-01
-2.822376929495698517e-01
-1.359989940703916211e-01
-6.456831012932726654e-01
-4.129021970625583737e-01
1.340302618677315039e+00
-1.370725147312766845e-01
2.426904872403188862e-01
1.106052547460373847e-01
-5.432290765033717106e-01
-1.168380514124711889e+00
4.864187842891742886e-02
-2.106439096189891558e-01
-1.100034999181022100e+00
-8.728684929590246888e-01
6.941902317939057099e-01
4.308500671422814676e-01
2.558677967634996886e-01
5.604975416027468960e-02
1.290014979763559611e+00
4.078773979960825802e-01
1.112997651967921442e+00
3.780281423598536583e-01
-1.161794265808976601e+00
8.835658650961442095e-01
2.383018109099005466e-01
8.649026657577215671e-01
2.722502369566053293e-01
-7.792146598297322591e-02
4.796929534094367398e-01
1.983217265628078874e-01
-6.468043705333603732e-01
-1.062640071265013919e+00
3.522377700553054325e-01
-5.516089168100264395e-01
2.181118199618123366e-01
2.601187060993292999e-01
6.149029887010091233e-01
-5.603314634558353990e-01
-9.417511856977339724e-02
6.822249188687035115e-01
-3.563759959985279835e-01
4.012828077920798653e-01
-1.185539204441594885e+00
-1.606475955380142207e-01
-1.320146854074179532e-01
6.605046165591043072e-01
4.907279354563131024e-01
