1.559198918364478326e-01
-8.706361686069681582e-02
-5.186441235111025061e-02
-4.562941657149113817e-02
1.356999018009820424e-02
-3.838913038783997589e-02
8.784973214349894866e-02
-1.496111303419341565e-01
-2.694244164436247480e-01
4.524335897493693692e-01
5.743480722441914738e-02
2.831375893405060906e-01
-9.970428854018839604e-02
-5.551875468627984755e-01
-3.904481959587077777e-02
-1.559741703746755914e-01
2.058297840182279625e-01
2.029473527946168143e-01
-6.842940184858166408e-02
5.249814889795735573e-02
9.803399104249621576e-02
2.223714175369209123e-01
4.306458127200921138e-02
-1.668777290067918750e-02
5.694746873212579857e-02
1.922852746072576946e-01
-3.889315296278648137e-01
-1.098750333810800672e-01
3.872585997653231471e-02
-3.774322694852516591e-01
-1.014309689883961946e-01
2.963634376341289234e-01
-4.870867395997861005e-01
-1.781191805889416335e-02
3.545669232671178062e-01
-1.672143771446191751e-01
1.622295868624484827e-01
-9.726375227052594385e-02
-4.339703159295223989e-01
-1.020976987277209258e-01
-6.849690056758650503e-02
1.425186465184696133e-02
-3.777816402757082359e-02
-2.168694698574147317e-01
1.301657573252390510e-02
4.184801125193791105e-01
-4.690001347320742198e-02
-2.392376973030588272e-04
-8.368541612825451670e-02
2.642013703257332091e-01
-3.336304236253137545e-02
4.448923621729772293e-01
5.881327599167653769e-02
6.600498098831338034e-02
-6.877241989701002312e-02
1.423933587564352177e-01
-9.294219155938962529e-03
-5.271666283656152585e-02
2.020036563700798871e-01
1.050646375271775262e-01
-2.274261278268342734e-01
-5.635799882799415184e-02
1.378124025179172651e-01
1.062833047419936908e-02
7.431852664438577671e-02
6.874658683510789792e-02
-2.943737629192545724e-02
2.670428014237273551e-02
-5.887599675374775854e-02
-2.642377356446058978e-01
1.044219310910850379e-01
1.918346595112475628e-01
-5.987679384578334374e-02
-3.996114601915439213e-01
-7.356145177630774024e-02
4.155616959795788157e-01
5.328895131226959320e-02
-4.909862017098459153e-01
2.010090428746960645e-02
-1.598777647396504298e-01
-1.363138683971826248e-01
1.338948689005460269e-01
8.112073000834751912e-02
-2.401933962127477673e-01
-3.052025646707514639e-01
5.644566708967616725e-02
-3.835352837608069221e-01
1.479370787900799455e-01
2.145607500885917396e-01
2.230685871905007667e-01
3.249112721385242347e-02
-6.882686450507641274e-02
9.326259686122100045e-03
-1.991015091069011506e-02
2.140559908681219647e-01
9.273156468865437208e-02
2.497058793616070971e-01
-4.293774641250052565e-02
-1.152935429397850542e-01
-1.679458039534879321e-01
1.095661177607120396e-01
-3.445719167029342445e-01
-7.753400259207003653e-03
-2.007866248896345018e-01
-3.137975689488776698e-01
3.666984293930990457e-01
-2.065292027056298274e-01
2.931762984887577028e-01
-2.982479800819476390e-01
-4.972136407580868972e-02
1.249882517970690859e-01
-4.973021595358067398e-02
2.631737412072906457e-01
-2.591221927640066092e-01
3.201501468229778768e-01
2.265063253685220546e-01
-2.084082349452318905e-01
3.863788525829649906e-02
2.133087306968646790e-01
1.547554192981835663e-01
-1.541710357173965013e-02
-4.409582561615504881e-01
4.266915966433546675e-02
-8.100883554130189346e-02
-1.367092306817406788e-01
9.241608662400091490e-02
-1.332824023633766841e-01
1.910370648021376128e-01
-2.067860025040533789e-01
-3.763212361809003398e-02
-6.665586636374898344e-04
-1.172112848319440126e-01
2.487340034959492630e-01
2.936354182006010172e-01
-2.491983605711962924e-02
4.869496259155760981e-02
6.615414356531504336e-02
1.546790420246225151e-01
-1.014810492336116476e-01
2.538450323147244392e-01
-1.098745351389865399e-01
-7.322660804852065830e-02
1.567426809858167014e-01
7.386815581611311243e-02
-1.410471714860437042e-01
-2.734322092130864190e-01
-2.786989940216300088e-01
5.595733758025362992e-01
-2.027274433481154325e-01
-7.237485576926085129e-03
-1.355675733749906603e-02
4.554791469571159990e-01
-4.978081817664159470e-02
-2.583742925375384081e-01
3.397535198632539721e-01
3.307535693788458131e-01
1.257504313734416346e-01
2.304520969769610905e-01
-1.798975948054087060e-01
9.687434965282532007e-02
-4.269239676258150817e-01
4.270501097118673678e-02
1.248232834993817930e-01
1.717829121781134782e-01
2.442311410627045765e-01
1.520875362240560191e-01
2.963865394853568841e-02
-1.372873185581154065e-02
7.074902762283488689e-02
2.634043985448505376e-01
-3.151491769664574449e-02
-3.346391012515654295e-01
-2.448237395793047555e-01
5.780208870442449243e-02
-5.118730238625000123e-02
1.783367625402594026e-01
8.073538096320209689e-02
-2.320545692283161598e-02
1.742460465532557623e-01
-1.008820441650933736e-01
1.564908044854638192e-01
9.631211677060547149e-03
2.826216036961676226e-02
-1.643027314876382705e-01
-1.436792968563088690e-01
-6.061429263945773693e-02
4.929879966937864011e-02
1.391144857898529985e-01
1.085902173430786100e-01
-2.418402107556180680e-01
-1.995704066542783317e-02
2.856923243910382548e-01
3.493252207126104625e-02
-5.005648578353478761e-01
2.523878436330315167e-02
2.483635643724432240e-01
-4.905422744256771050e-02
-1.782790806152365626e-01
-4.755336472392072272e-02
-2.029358797338315923e-01
-9.848459106394986950e-02
-2.185949638162473785e-03
-1.441961008050846038e-02
1.347034955140793411e-01
5.842303417635190399e-02
2.014219732717487110e-02
-3.280544119507258771e-01
-4.118605545702233584e-02
-2.020936182946334869e-01
-6.332903916264896738e-02
-2.926459753222061810e-02
2.697242379595268247e-01
1.788333301771574679e-01
4.055067400419816170e-01
7.005013562637241176e-01
1.953282280285547623e-01
-5.025260675217725348e-01
1.731055998673012297e-01
-1.382983087416628509e-01
-2.324733935886760111e-02
-7.352328935171473234e-02
-3.670144272058009083e-01
1.504339898425491873e-01
1.890208438562238635e-01
2.189852350974554884e-01
-1.485832920329429596e-01
-9.890756653372032026e-02
2.485201243127859172e-01
3.682283089482485949e-01
1.090148433848888154e-01
-3.060926561404632706e-01
-3.959811080798225635e-01
2.453956406137016988e-01
1.133653410220145236e-01
1.186324216226355699e-01
-2.473679040173068500e-01
2.376662112343833066e-01
1.784894881780587639e-01
3.202515438860936703e-01
9.337273209078546243e-02
-4.616233582464886465e-01
3.768876017826437996e-01
-2.321667924272666494e-01
1.665482304465767116e-01
-4.381671584536407371e-01
-5.494572090928567798e-01
-5.146471660689393435e-01
4.527467378103627871e-02
-1.995791619254027038e-01
5.039403111701842158e-02
2.655848029619853889e-01
1.878274323326834527e-01
2.591876480191793869e-02
-2.735039775933267303e-01
3.836385814568729624e-01
-3.905961358079919066e-01
-3.346750119844993376e-01
7.155054984131233031e-02
1.518645498088285750e-01
-7.503570338787551863e-02
3.777333942561401925e-02
-1.221819034615628241e-01
2.244411686353475210e-01
-1.716841165962912641e-01
-1.341162067514387601e-01
