4.904560163491094027e-01
5.084025326124002042e-01
-1.874435958228132248e-02
1.437523824733475952e-01
4.049838842103417602e-01
3.111114172149985757e-01
-1.121047354050325739e-01
5.562705481455409995e-02
-4.446383320855111232e-01
-3.808588451324924073e-01
-2.865036016333223357e-01
-3.115405256143832236e-01
-6.707135378646221779e-01
-7.787852420342369353e-01
9.945710204917085351e-02
-2.124813954135295613e-01
1.079683396781307425e-01
3.460953206275840799e-02
-2.853442380905296116e-01
2.162965493852186949e-02
-3.729839558678579858e-01
-2.847693006837250795e-01
-4.867928455546357003e-01
-3.772124138998068088e-01
-5.305380512721762365e-01
2.881755586909098277e-01
-8.523832405983522431e-02
3.299785489163509222e-01
-2.307337122765743542e-01
4.675570463872982807e-01
-8.786234218478522484e-02
6.773017707703291590e-01
3.570784130466775341e-02
-3.215805438148620077e-01
-1.410680851467286945e-01
7.385603263127793472e-02
1.985854584782088539e-01
-2.170929894323694875e-01
8.248996300028514916e-01
8.226067535691378163e-02
-1.710145385473152424e-02
7.027321708885152507e-01
9.127054646487386957e-02
4.870409387664833556e-01
-3.214635595958639791e-01
-8.474710674478191930e-02
-6.564506743384512788e-02
-2.059572752787843797e-01
-5.442078683486077928e-01
-2.031871070699468040e-01
-5.413363818343979172e-01
-1.688112656519953347e-01
1.520828581339791485e-01
-5.802866006304310265e-01
2.064800791510901234e-01
-2.888271894469865986e-01
3.380242162843749565e-02
1.689414615428178612e-01
-1.842527515599107213e-01
2.386280759612008362e-01
-6.007816272667112489e-01
-2.677709345512802597e-01
-3.663338366867852081e-02
-1.777838315780028156e-02
-1.702313535347822482e-01
-2.830882847908837707e-01
4.846614706118410054e-02
-2.225326814622650695e-01
4.503559565860886793e-01
-3.367256690163963895e-01
1.525313813899200621e-01
4.315148497107196279e-01
-4.161835374714704106e-01
2.305921352013777792e-01
-1.409844698676475105e-01
4.572801385871821944e-02
8.174496814443831250e-01
8.017100838346474800e-02
2.428355361793547718e-01
2.593901948009161296e-01
7.231530644587507162e-01
5.770613903027271840e-02
2.206442369063479347e-01
2.574875919761632215e-01
2.418955892197052759e-01
8.024823346262861534e-01
4.430601555609460784e-01
3.605387415958966058e-01
3.756399205900403659e-01
-4.252411535889942806e-01
8.093065544589082005e-01
2.908079141525295452e-01
-6.868545420744913699e-01
-2.529766856826570764e-02
4.659334755879274703e-01
6.129244086093205146e-02
-7.288357016799779098e-02
3.045858073345552586e-01
-1.695823950784986489e-01
-1.209040170152692051e-02
2.719519560096121391e-01
-6.949318692631637484e-01
4.214958714447591404e-01
-5.388521163007644610e-01
3.696066889259576604e-01
-4.951667382085320757e-01
5.479120951583051902e-01
-3.890981543497803452e-01
-5.834446889767908040e-01
4.868485111485936767e-01
6.678093449467634724e-01
2.152445575793746624e-01
-8.662353090191536875e-01
4.009680144978626792e-01
-2.552843199232117666e-01
6.770604408620944925e-02
3.169748972797420405e-01
-4.722844060126579757e-01
1.558913671104406040e-02
-9.190109506068860901e-02
8.464198166837083592e-02
-2.580402545574177475e-01
5.541284326639572821e-02
-2.416099922916759013e-02
-7.621357632992903364e-01
-6.483817145220029943e-01
1.252826416006624366e-01
3.343944422203618538e-01
3.678005700089428398e-01
4.611880459790341225e-01
2.185894789139084804e-01
-4.719575310048130246e-01
-2.341995909993465630e-01
3.458143383578784480e-01
3.833837191116906684e-03
-2.791205612811148429e-02
7.023952198219612919e-02
-3.884946874493520608e-01
-9.754818392490810508e-02
9.694958819666837924e-02
6.623637589456776720e-02
4.110686185188985875e-01
1.464392443136079414e-01
-2.920869464231433399e-02
-3.556539206708206335e-01
2.413321055825862205e-02
3.395459008460988692e-01
-5.065753042465569456e-01
-1.892650371169330992e-01
8.437386360388180462e-01
7.038160924792030704e-02
4.567559012990082823e-01
-4.808813690016446318e-01
2.261344913023978220e-01
8.831802022878687541e-02
5.948253223123737277e-01
-7.329389027293968795e-01
-6.125320835405956288e-01
1.871648222804704331e-01
4.598887246717067723e-01
-9.485203049990431623e-02
9.009569160804600241e-01
-5.056328261330879092e-01
2.763826162202426273e-01
-9.119444024288275719e-02
3.052660277183432691e-01
2.337173811356604847e-01
2.391790511804181563e-01
5.045393788347503072e-01
-1.173832961670365216e-01
1.224783728592521714e-01
6.200477044621771627e-02
3.320426149089848455e-01
5.829077339261946600e-01
2.329832970467399234e-01
-4.311338680806447998e-01
-2.403968546611687795e-01
3.292824072906418986e-01
-5.179575576162571693e-01
4.555847587191292902e-01
-5.723819318116645238e-01
4.332063498226750853e-01
-7.563616941331735566e-02
3.650152370219150733e-02
-8.200674321333947248e-01
-3.062687332131482365e-01
-7.365727587194641490e-01
-1.255194286051456998e-01
2.747015922789573794e-02
-3.620460482971997185e-01
-1.025464124357677864e-01
5.716629038564229326e-01
-4.354906194877835590e-01
-1.757319358646227681e-01
-8.192175268728424387e-03
-2.886166697764297462e-02
2.380089607292351084e-01
-6.972410178589414365e-01
-8.411276863478096555e-01
6.961928953665023068e-01
-8.248678680622872905e-02
7.665987595168338720e-02
-2.940502903984492655e-01
6.517596638018313682e-02
2.849682201802386516e-01
1.558815751557623697e-01
-4.459039907406825987e-01
1.276729616271587986e-02
-2.194516756047892314e-01
4.149777283510326376e-01
-5.804103541753580231e-02
3.794332386083803521e-01
6.776028792040634796e-01
3.218503480689220431e-01
4.505478855869377020e-01
-3.682983509705283209e-01
-1.414434313471901183e-01
3.184405527234430155e-01
6.172157280785288691e-01
6.440772649908244052e-02
3.239826621161874254e-01
-3.856180454627999854e-01
-4.270553765640347499e-01
-1.689284162647884946e-01
8.810066945985245424e-02
5.362675605020733594e-02
-3.527092251692970359e-02
-5.943608207613765293e-02
-1.337114826722685668e-01
-4.571417773251396643e-01
-1.053112360806271464e-01
3.271244840406983823e-01
-4.010396709557669248e-01
-4.173398630210775062e-01
-2.224925699330554951e-01
-8.258288545528997826e-01
-5.566520448140372945e-01
2.073077762575578076e-01
5.031848425997542673e-01
-7.120525285424417206e-01
-4.833908610537739903e-01
-1.251263288630017900e-01
-2.143874227195647353e-01
-2.846253394731523834e-02
8.616507142394952412e-02
-2.562128002545071004e-01
4.737536802633313671e-01
-3.193787971484458033e-01
8.779339589289142376e-01
6.062472515381978067e-01
3.163659101907125848e-01
-1.753477839608045263e-01
-1.283472890132922317e-01
3.687874639506297791e-01
5.869045865143593943e-01
-3.481517000165338938e-01
-2.799787783167305699e-01
2.122484740416406002e-01
6.502866086610308294e-01
-2.236745231842448001e-01
-5.995215622060965366e-01
-2.348564616174408926e-02
6.048190534999569046e-01
1.541395046156666671e-01
-2.231114535339890903e-01
