5.585093726364629418e-01
1.780639530662462555e-01
1.346412294652561681e-01
2.048336661069113107e-01
2.510725373770644753e-01
1.636106011538904226e-01
1.637692808345966311e-01
1.084145025082729891e-01
-2.842906814739518118e-01
1.468722607867470331e-03
-1.738108709799825735e-01
-6.561321691328498851e-01
-4.808476392679399969e-01
-3.811914123152169154e-01
3.171560560213413926e-01
-1.609706728664302422e-01
1.999307023362023039e-01
-1.223263211275034679e-01
-9.455140679267373671e-02
-1.278743642729947561e-01
-3.765454835839524561e-01
-6.816449854247352835e-01
-3.141983596084815256e-01
-1.060523359707516156e-01
-6.440770087924710952e-01
-2.164145840567503476e-01
1.618440757598893776e-01
-7.055560982092987099e-02
-3.057310631643447851e-01
4.428441517055662358e-01
2.509073874990614961e-01
1.718482312263229228e-01
1.139601021493787114e-02
1.687990848807382482e-01
-3.053649419526922593e-01
-1.921354740323842347e-01
2.292579778193908069e-02
-3.387097390067633218e-01
3.718605486520724090e-01
2.730984533660490987e-01
-8.288355543495833089e-02
5.085308948310401922e-01
4.154568781257007848e-02
5.406746284945256331e-01
1.193245511297827965e-01
1.332666922877198679e-01
2.363578393848739592e-02
1.050565124973337205e-01
-4.645287511001012781e-01
-1.776204416845641454e-01
-7.140947239612234487e-02
2.228379484427747137e-01
-2.078933128063697316e-02
-5.890596492622394154e-01
2.395767890323687588e-01
-3.573438225031907445e-01
5.552935894504691661e-02
5.596532715416407955e-02
2.368191675054988066e-01
-1.983218961023801297e-01
-4.939541018750325807e-01
-1.629634203442371920e-03
2.135178289758966896e-01
3.600513085954329395e-01
-6.014256080741001154e-02
-2.661112110888996241e-01
-5.611274786881225163e-01
-4.388935547863195286e-01
5.194749775696763661e-02
-3.268786835278211789e-02
3.998854514011106476e-01
1.068021534145403850e-01
-2.326470824738390286e-01
2.543050265367874929e-01
-1.486051904108001698e-01
2.602947220570743792e-01
5.803444686954842835e-01
2.211597922652437931e-01
3.137647164974142755e-01
-3.448786691506434965e-02
4.866002262542505896e-01
1.255002776180965396e-01
-1.607839627638127378e-01
4.881072168385811039e-01
2.682999064610065987e-01
2.826796383007519342e-01
-4.372822303799722699e-02
-3.695617284400638802e-02
4.720993643726845157e-01
-1.030963527637543120e-01
3.716893850501284402e-01
4.588761409973220462e-01
-4.409246850998082001e-01
-4.864277919422995561e-02
1.906042370298272060e-01
1.948909616976021719e-01
2.367149880130520190e-02
2.359981710792897203e-01
-3.666105688884110370e-01
2.230055080796376765e-01
2.672699707909020339e-01
-5.904324085283999546e-01
2.271358389004379114e-02
-3.388417497664186762e-01
4.383621174931566500e-02
-3.401069298989775058e-01
1.810391002247981884e-01
-2.679776073753578070e-01
-5.090364683800399082e-01
5.554237471664549841e-02
4.646952126948945550e-01
1.904706554508619476e-01
-3.751625606530100132e-01
9.085788248820891866e-02
2.282338716045041460e-01
-1.170217629225901168e-01
1.188447942691147480e-02
2.296030703734283640e-01
2.889035819248164105e-01
1.386205082378567238e-02
2.679366770854755830e-01
-1.019533109402987747e-01
2.055650332414478976e-01
2.111664432645463663e-01
-4.082323881727858428e-01
-6.749409101492291896e-01
-2.386148771819514569e-01
1.908262162311139681e-02
4.749469842641771966e-01
4.979581799452808544e-01
8.147418512425028125e-02
-4.884029380679709154e-01
-1.883565100407951221e-01
5.489150539671248108e-01
-2.260902010122472217e-01
-1.865590161796119306e-01
-1.301437425033626083e-01
-2.662199313242101240e-01
1.319787609668532646e-01
-8.441620862042815976e-03
-1.355740880577905316e-01
1.608905766615498223e-01
6.340634857453703033e-02
2.313305616595723591e-01
-3.570353146216265205e-01
5.686541500066609467e-02
3.459274227363055010e-01
-9.775803950150804833e-02
-1.213533561087741519e-03
3.939062069715806857e-01
2.909932668321485449e-01
-5.522013879046616669e-02
-3.090356046069043794e-01
2.017339702852916639e-01
-2.091051580829792755e-01
3.914610916135639607e-01
-3.706848622859724163e-01
-3.721988831637652040e-01
2.702782020865716617e-01
5.976685398905017266e-01
1.530842263176727946e-01
2.534444161533312978e-01
-4.641662363620084331e-01
2.180340270246032552e-01
2.348662537201303413e-01
-1.623195831587968263e-01
4.766331865767584608e-01
7.500203386433354491e-02
5.368289044064220583e-01
-4.994862366877672599e-01
3.626657550887847359e-01
-1.988639762010340761e-01
3.033427579676725716e-01
-8.674511385812515296e-02
-4.956885884998640801e-02
-4.669722673749279740e-01
-2.616827517295530203e-01
1.229753851341080367e-02
-6.126277385475225046e-01
1.972738770646524642e-01
-1.699791055229872283e-01
4.578287823586690841e-01
-1.914633664720239992e-01
2.956810940338905347e-01
-4.438646651786914976e-01
-1.022436098379272962e-01
-2.876624741425183873e-01
4.285808066152317630e-02
-3.058662282507756958e-01
-5.753432356335456965e-02
-3.012521891195129031e-01
2.369496599728172503e-01
7.383024125973380869e-02
1.010545200481071104e-01
2.599229543994803771e-01
-3.462497877801289370e-01
5.867245661336367019e-02
-7.881081832524421404e-01
-2.817044640304662839e-01
3.914938568183908840e-01
-3.561458567890398719e-01
7.363057051409349629e-02
2.698151320380601792e-01
-3.073181636170535524e-01
-3.165100264977740996e-02
8.944033247826853328e-03
-1.670133964641612179e-01
2.930948429837144653e-01
-4.654776110377831233e-02
5.024522168176104309e-01
-6.326166902800493819e-02
-8.868174432553919267e-03
4.099324374792462367e-01
1.536251270965044990e-01
5.257586763234014526e-01
-2.710165911421172913e-01
-2.922846715344391555e-01
2.858944091419463734e-02
-4.408617229021843942e-02
1.840514907371543218e-01
-1.271993442823178277e-01
-8.856233167593041689e-02
-4.088486542484830455e-01
-1.208168577120913578e-01
1.771199879533022215e-01
3.926473261352710770e-02
-9.618561176286569148e-02
-5.004712450865149431e-02
-4.684849763862340977e-01
6.068826024268289543e-02
-2.489676513690957382e-01
3.473580079744307270e-01
2.422516169958824905e-01
1.510946465271920114e-01
6.304097617655265995e-02
-3.173153537347596087e-01
-2.001445752460927208e-01
-2.455480948742972402e-01
5.545132320017571725e-01
-7.395498916930107747e-01
-1.374058667900938113e-01
-2.655590129673601751e-01
-2.209040558706241997e-01
9.460637316696633714e-02
-9.129166329264393198e-02
-2.904964913199290510e-01
4.688886100557533854e-01
-2.488566293406999086e-01
5.316306682205380607e-01
1.659578269876882950e-01
3.666864260301993528e-01
-2.271077691596152248e-01
-1.831999874942976947e-01
4.103638113805785359e-01
5.814607821730628512e-01
-2.777742402745911887e-01
1.680147644146679498e-01
4.412298324354673174e-01
4.485328569206781246e-01
-7.879942848294402280e-02
-7.232787158912903358e-01
-1.573921921744351193e-01
3.731518432493875770e-02
2.898946922957849059e-01
1.613910108355605111e-01
