4.905619813448488520e-01
3.726722758347100761e-02
1.731521120827759774e-01
1.931744357213140972e-01
1.175539749905490511e-01
9.353337524669620706e-02
-2.204673632549940948e-02
-1.113445403901103942e-01
-2.541801363010803283e-01
2.311673043708484532e-01
-1.353657667920199481e-01
-4.716251740351137256e-01
-4.930099216024267927e-01
-4.522677097400053525e-01
2.735624186572084282e-01
-1.406989586905777190e-01
1.174349601538704768e-01
-1.083901996566837000e-01
-6.387355837884109433e-02
-7.719958766634917036e-02
-1.286337961401808894e-01
-3.930774920675960127e-01
-2.183366795889309375e-01
-2.403302100445232070e-01
-3.782932256599409460e-01
-2.459446961213014593e-01
1.627546626294341936e-01
-2.046686817330678476e-01
-2.429766672587486409e-01
2.580595790677196466e-01
8.375417765374063017e-02
1.082055077299167445e-01
-2.644876679227174676e-02
1.298592948122613555e-01
-2.849143478608692215e-01
-1.791091832806969431e-02
3.622369271921115075e-02
-7.584731636167910129e-02
4.785696695420693092e-01
-1.156107863162722932e-01
-7.521209877370196861e-02
3.213167573098034135e-01
1.282999703413892911e-01
1.739458785197547930e-01
1.895027759132305034e-01
9.526766796326788245e-02
-1.689933480870725313e-01
1.327926265416182194e-01
-4.349014598751368421e-01
-3.561145622716778147e-01
-1.164262732805875084e-01
2.101565883966555748e-01
-1.425778645124421429e-01
-4.307888652519967776e-01
8.575134109054449727e-02
-2.473166554527329031e-01
6.197951774482755027e-01
5.533159760857910003e-02
2.554125904601481367e-02
-8.735635748162258463e-02
-2.949888163773073946e-01
-1.673433706646329788e-01
1.400863897845530670e-01
-2.252013382677243991e-01
-1.575080594000723699e-01
-1.586754831010649125e-01
-4.175549487777430180e-01
-1.718508071740823540e-01
3.297094615390926409e-01
-1.992504306917340373e-01
7.719402651693037243e-02
2.065104907728372574e-02
-2.856864790588646841e-01
1.242607918682233081e-01
-1.151433241635301391e-01
1.927577159623407310e-01
5.037622358244119303e-01
2.496717006613441425e-01
5.037006537827293240e-03
7.333200030911268819e-02
1.731836770039568152e-01
-1.169453775972931348e-01
-1.466689497444231827e-03
1.661266667473175751e-01
2.718825491726064580e-01
3.698692745221662248e-01
1.918450967695159715e-01
-1.628982215211360329e-01
2.231017675117910604e-01
-1.799156177227227704e-02
2.348070227339442706e-01
1.426996579543634014e-01
-2.593555013315123059e-01
-2.337625920651927591e-01
-2.255261564548827202e-02
2.540429991305137025e-01
1.092420057609353734e-01
7.827513883773619396e-02
-3.980489980567241681e-01
2.508629935901781627e-01
1.498773843273840944e-01
-2.554474509538322557e-01
4.546686453964016855e-02
-4.195288191113155651e-01
-1.124730348405388325e-01
-3.948251302494353299e-01
2.696613202104203855e-01
-3.344523448567892077e-01
-1.197636249410425624e-01
1.188716047906038381e-01
4.826347839932206285e-01
-1.051020591059622089e-01
-6.140024415055076457e-01
2.323904877011298553e-03
7.176248379388930343e-02
-2.248815190920872564e-01
1.930128859747082815e-01
-5.214974343215925123e-02
2.617724283498501503e-01
-4.286944436536239966e-02
5.445713374691955877e-02
-1.069948265366713475e-01
2.883114956349689395e-01
5.571068299500706034e-02
-3.239199962526926324e-01
-5.049440424963458351e-01
-5.391030306306032749e-02
1.936712114331861634e-01
4.227259765838821126e-01
2.409262931965231447e-01
-3.301520731864514280e-02
-5.888993557911430532e-01
-6.726054380607748850e-03
6.059334077042366484e-01
-4.963450017519609181e-02
4.354814510822124091e-02
-6.166013138963852280e-02
-1.698269322087724853e-01
1.018005968012102164e-01
-1.033613568744062017e-01
-5.457539299056843318e-02
3.097775770020655406e-02
2.159080886875932442e-02
3.377537443336894873e-02
-2.227417762892127673e-01
6.540747764160231847e-02
1.806961839260945446e-01
8.958119567405434247e-02
2.351981531296267261e-02
5.709334473452380987e-01
2.278465725306709488e-01
-8.110321165257944331e-02
-1.779949779917651687e-01
2.438358700703215365e-01
-8.057968295335075914e-02
3.083131838829061833e-01
-2.970645085571659294e-01
-3.880600368380150433e-01
2.092015029945026305e-01
4.319128661513660927e-01
3.683340723655667559e-01
2.419886033731328268e-01
-2.142960438335813622e-01
2.835290451049015670e-01
1.321020585154527582e-01
-8.766141512385598744e-02
4.988494783712337233e-01
-2.073318381634994823e-02
6.821186952049856922e-01
-1.647731817129935994e-01
1.652719258971837857e-01
-6.881619958737300591e-02
2.652951518701660572e-01
2.842938834739585086e-01
3.839250474346331266e-02
-2.189588362024025847e-01
-2.731440685470238883e-01
-4.880252924899194933e-02
-2.708279825739454694e-01
2.551280110803890167e-01
-4.146733369329039798e-01
3.164000042539582558e-01
2.499190711086882177e-03
4.234650900811834928e-01
-3.802592962419040212e-01
-2.714120452791731197e-01
-1.363027014968071216e-01
-7.630356673136953760e-02
-1.604613631081773795e-01
-1.759355760083834985e-01
-8.014569846095087602e-02
-2.911286872633928047e-02
-7.094960330693199368e-03
1.713745394247578324e-01
2.333962064175335582e-01
-1.183587441294249309e-01
1.018590002976463571e-01
-6.123601970639360736e-01
-3.581572531958878702e-01
4.256609338840949830e-01
-4.308893170039443388e-01
1.512905419796432560e-01
-7.114625682279596131e-02
-1.601973456863801937e-01
-1.895866758517222861e-01
1.129919424719563331e-01
-4.159974927499782149e-03
1.908064496936515697e-01
8.989241572338625696e-02
4.772849242088517685e-01
1.068592250779303865e-01
-3.576721885197479273e-02
2.924737522521875244e-01
1.995254691568783822e-01
5.605026228319187620e-01
1.536753929972133614e-01
-3.378976412384584460e-01
2.316688795196782946e-01
-1.139731684128905409e-01
1.822118557247805887e-02
-1.322084653145603750e-01
-1.549867364913559975e-01
-3.698197154068332271e-01
-1.926293107526385051e-01
3.019588571936890342e-01
-5.476160971430619334e-02
-1.760412388199886768e-01
-2.289276084867753608e-02
-1.188257173957516510e-01
-1.698807713133745900e-01
-8.430776123567960967e-02
1.640540164269302936e-01
1.832897789220361284e-02
1.638615171829439776e-02
-1.086739827612239473e-01
-3.112930221554864874e-01
-1.687173402672301759e-01
-2.489449570235805764e-01
3.324586039479814348e-01
-5.632919061290688756e-01
-3.725626203508103362e-01
-6.837980391161782578e-02
9.167887315052650199e-03
9.368888083668536204e-02
6.439133189889914566e-02
-1.324664580050343154e-01
4.865485668301705036e-01
-1.910328948558215612e-01
5.693904050645428594e-01
4.934847447454074332e-02
3.328125293720228806e-01
-1.944722317023510894e-01
-1.845879718531597546e-01
6.767778955648159900e-02
3.763535275191787766e-01
-3.255092544950649591e-01
1.822577285320924889e-01
2.866064346838457233e-01
2.750495749869836248e-01
2.113796731831674713e-01
-6.979691240957901499e-01
-1.302405607593432602e-01
2.967153983553817431e-01
4.220708900941476660e-01
3.091771379089267024e-03
