-4.903705873198347387e-01
-2.417386271518063845e-01
-1.650438743175027811e-01
-4.355694085483091671e-01
7.029012605990757612e-01
4.359391285351468248e-01
3.907508016929106542e-02
-5.550161619969690152e-01
-4.029039856604605951e-01
-5.843704514437961794e-01
-5.686915293567776919e-01
5.796367391210306419e-01
3.093551392976334746e-02
2.277522825117470617e-01
2.573683346822719376e-01
8.120070875626448359e-01
8.494540276838102866e-02
9.217359500959876328e-02
3.535605179118747055e-01
1.312009739955567467e-01
1.845468844226737515e-01
7.121925003036511104e-02
-3.246126543150307242e-01
-1.831399068381478479e-01
6.333182113996989049e-01
1.876090352325621158e-01
2.772905403075357489e-01
-4.748733787549164198e-01
6.783721728796130446e-01
-6.084335706924558496e-01
-3.659926040483549858e-01
6.594262876126788520e-02
1.940941205352441079e-01
-5.847945898283846144e-01
3.276712547792971497e-01
5.734396869353122206e-01
1.060230701313968904e-01
5.146293673345025965e-02
6.778003270715513562e-01
4.646130904563726682e-01
-5.670829207589397347e-01
6.806028128865115878e-01
-5.175089012173395009e-01
5.021857472328161709e-02
5.595718741824848852e-01
-2.762914305671779758e-01
-1.814859553164018813e-01
5.501441895921603820e-01
-5.241357289292003507e-02
1.882186910194741936e-01
-5.633910457076610756e-01
-1.708089166961687111e-01
-3.921776754135597454e-01
1.925123422768382220e-01
1.391756460199375933e-01
5.422006156773452323e-01
-4.178478764480475505e-02
7.468630943405109024e-01
-4.999225178631514499e-01
3.004006631150969442e-01
-1.176154952231341921e-01
2.351562193582624749e-01
1.788811261936118502e-01
-1.043102728183791239e-01
3.375353258128807599e-01
1.278275397689099258e-01
6.135841020996326556e-01
-8.318477658016597553e-01
-2.608920204945186505e-01
9.160968168794714206e-02
-3.391013364146376885e-01
3.104732403800365415e-01
-4.681372049867403851e-01
7.977374953834981408e-02
-6.972325071282092779e-03
1.656269607680147526e-01
-1.121528507025698618e-01
-2.739363534455500071e-01
7.197812077145870902e-01
-6.465366472717382074e-02
-4.008392297116331049e-01
-6.338396726111754642e-01
-6.362691560392114143e-01
3.551961205223449491e-01
-4.692867289325253211e-02
-1.736895267987349500e-01
1.451646227184524296e-01
8.262667354768993278e-02
6.070057405919920823e-01
-3.956855770392394556e-01
-8.134620797434429784e-01
5.720974104721865405e-02
-8.042524375142665605e-01
-1.961413593395900934e-01
-2.751719792479571103e-01
7.972945525193259053e-01
2.474160215161936849e-01
-5.508726948808018165e-02
1.125540105163613802e-02
3.886124839501314820e-01
4.932614547463221033e-01
-6.068256784874043186e-01
-1.420835577354393475e-01
1.897625230938131402e-01
2.618665013526684238e-01
7.948147569325259010e-02
-1.549798287937154129e-02
-3.108173986721354254e-01
-1.601936893535305106e-02
-6.795984827301778664e-01
3.228986584969785190e-01
2.687920901992202349e-02
3.082477250459769724e-02
-6.192969490575258584e-01
5.066630611649153293e-01
4.070971404403895821e-01
1.805717524200864954e-01
-8.798743610200998599e-02
-2.484297496706379116e-01
3.884551565001281848e-02
7.312646046486206419e-01
-2.039355633429666970e-01
5.892042661991631070e-01
-6.225556248378829594e-01
5.558925759513551057e-01
-6.291154498271056550e-02
7.685667814083785299e-02
-6.164242455970878609e-01
-1.315826755137811110e-01
1.051128261692361177e-01
-6.726800383078468393e-02
3.472017608035653513e-01
-3.006357737469004254e-01
7.874682558829705359e-01
-1.774188857983600709e-01
4.762480096943382257e-01
-3.718877794786042967e-01
4.626074048742310207e-01
2.873479884543276297e-01
4.612895364572564549e-01
-5.665454170354423669e-01
7.356259470923244281e-01
-1.073696297766268404e-01
2.443884029466313335e-01
-4.112457454019358138e-02
-3.140492208523046891e-01
-8.407722478217586337e-01
-2.022688485349842802e-01
1.482389371190930838e-01
-1.618733009785051635e-01
-8.109492750721567500e-01
1.136318228353703219e-01
-5.337940046789002579e-03
-4.106600395900477096e-01
2.377786175878878749e-01
-3.463205481313872403e-01
-3.615706920548270586e-01
4.230127563982905015e-01
3.242165983708306110e-01
2.592873281727140489e-01
-2.091129123525850009e-01
5.807958594800843866e-02
-4.631079469299891893e-01
-3.265640784201978564e-01
6.534285915479605134e-01
-3.408122259158660183e-01
-1.488480022678110304e-01
3.207685632599444059e-02
-6.503591923209757208e-01
-1.932435753656326360e-01
1.344406157047967065e-01
-1.496509099607346016e-01
1.532980300354713776e-01
5.675560022679491112e-01
-4.084740634006961413e-01
8.139010304805384122e-01
-4.047622676180504531e-01
6.554012151595767222e-02
4.316493360146200775e-02
8.867621411120130137e-02
-4.140591130774308182e-01
5.975046452305734501e-01
2.297702238163132904e-01
4.018272152876796177e-01
-1.617698353395556898e-01
3.614633348317887740e-01
-4.518021712595066131e-02
-1.820957633663189412e-03
-5.021485754094686671e-01
-5.517830369805388768e-01
4.186299797887034213e-01
1.201838626973176782e-01
9.461126074841927913e-01
-7.333484917021160232e-02
2.606553233000996617e-01
2.144651912693901208e-01
3.775362884725185220e-01
-7.402998061842567257e-01
-2.221323139063221541e-01
-3.360465556592850955e-01
1.026782127105718700e-02
4.500967442167723154e-01
4.370199789386974842e-02
-1.183418378923198899e-01
2.101724579697439310e-01
3.988939352712805864e-02
-7.051241858567913745e-02
2.648974618540893555e-01
1.507626097928136399e-01
-3.085755752023880971e-01
-9.732321354974304839e-02
-6.900746471939978033e-02
-2.490546956202940310e-01
2.867321851632774754e-01
-3.136382324542119626e-01
4.047375339126304539e-01
2.719116814844866337e-01
-3.445713261847604958e-01
5.228511866906936367e-01
-4.203506535455492354e-01
3.215852578729715416e-01
8.663544050068554547e-01
-3.407410505134746970e-01
5.161165258179041260e-01
-2.601774154931308924e-01
1.723809108355125463e-01
-4.628493868497383090e-01
-2.697972963036349703e-01
3.723481131127678312e-01
-4.841867003908518763e-01
-5.420214163158609821e-02
4.460985874860802225e-01
5.552198146219835539e-01
-9.334884189126979592e-02
5.846286732045646861e-02
-8.535071667931217743e-01
-7.274838148752236222e-01
6.353414729712658637e-02
3.106588363468409941e-02
5.393172785083488741e-02
-3.563009969890651440e-02
2.153730007085566944e-01
5.156176174397819612e-02
5.045432990290518172e-01
4.946699239621632493e-01
4.997804065415922814e-01
-6.000145127220780639e-01
3.333946044548942167e-01
3.754431023108961707e-01
-2.062699840934678619e-02
3.972829859610962355e-01
6.944945755156166634e-01
3.079720714921097002e-02
3.729242147159457232e-01
-4.591585305775158776e-02
1.763346162860853772e-01
3.877747431338899320e-01
1.719637212091246203e-01
2.325847539613578041e-01
-6.793382971815179472e-01
-7.599521769818173844e-02
-4.953522578354346839e-01
-7.544772578683399678e-01
8.173825186518144381e-01
-5.847774490843993256e-02
