8.129489538630192413e-01
1.173826379922322527e-01
2.526952002108633355e-01
2.675007455052855754e-01
3.607383776515135088e-01
2.988969515146139844e-01
3.550425127016610949e-01
1.563112042291897597e-01
1.141459679180119313e-01
3.003116069575368918e-01
-7.224022829945639379e-02
-5.730339468637384304e-01
-3.588747856133095993e-01
-2.440664447853000407e-01
5.049085228675724846e-01
-1.820150543272863464e-01
4.419316537185964400e-01
-1.121606024839300053e-01
7.629014157398250617e-02
-2.212105757560141606e-01
-6.590168354613940016e-01
-4.715378170087985987e-01
-3.878347071419689374e-01
-1.352596352075148556e-01
-5.904651647934968661e-01
-4.288606402231764925e-01
8.359660571573826471e-02
-3.040693550065416417e-01
-3.952823342712397658e-01
6.090316674652109796e-01
4.187633440510256655e-01
1.286321568443868357e-01
2.833745107636261307e-01
3.300692397593455452e-01
-2.296080386065137702e-01
-4.245283481661706326e-01
8.842269685707432325e-02
-3.700319960453024581e-01
1.354647365176138707e-01
-3.254924010135715196e-02
-9.535003024006874495e-02
6.947067932696092685e-01
-6.650591378339343329e-04
4.368192149828291626e-01
2.345259368009811884e-01
3.551337964958360960e-01
1.725736771995822760e-02
2.066483131151464203e-01
-4.529309467499671449e-01
-3.041624921576588370e-01
1.476676142156596594e-02
3.908011962263990280e-01
-2.190862296324303238e-01
-6.238332793377973085e-01
3.034465188819612802e-01
-3.553823305662252574e-01
1.500973285389833323e-01
1.639942588133108670e-02
3.940702876938734778e-01
-1.454091480749533649e-01
-5.596132220045926253e-01
-4.374053462807753201e-03
4.234265325597091900e-01
2.169305710085001893e-01
-1.495508271749704243e-01
-2.091945394358135923e-01
-4.304255954336491663e-01
-2.308591498620858051e-01
-2.883773710094796883e-01
1.095912875804619657e-01
4.409146357424621465e-01
2.066924350505000008e-01
-2.855382685580494240e-01
2.618923210228899512e-01
-2.224350430595659900e-01
4.165452294245428622e-01
7.407860064407092437e-01
2.622966653373624002e-01
3.119459453550710304e-01
-1.000473231421084852e-01
2.222664580374548171e-01
2.971651334317678694e-01
-3.208901586855431587e-01
6.208414554211905134e-02
2.061455461683131818e-01
1.773774737700384296e-02
-2.289038353562224126e-01
-1.643608348088417825e-01
4.173995288999038933e-01
-1.909147649202779240e-01
3.563400472778945893e-01
7.298966683401539868e-01
-3.661577125410597766e-03
-1.500986198163187513e-01
8.556478812743376072e-02
1.698171609175473662e-01
3.027597131381107309e-02
2.319609656366613260e-01
-5.116227707708089767e-01
4.058494401911000304e-01
3.541723785671284652e-01
-6.199687949108292351e-01
-1.114934726935438436e-01
-3.290682807192930048e-01
-6.839445826564996556e-02
-5.061558106406387481e-01
1.515553055222502721e-01
-2.579326409439663403e-01
-5.722976804475857771e-01
-2.339336978738549566e-01
4.997712252754222817e-01
1.725292210244703250e-01
-4.802669817206984826e-01
-3.839067370834314818e-02
3.358011324114277274e-01
-1.945619096534600689e-01
-4.582672922680181005e-02
4.769801268114010062e-02
3.464592703632652926e-01
-1.106454173958781595e-01
4.704648714648612673e-01
-1.869774246075022739e-01
4.794648621309491321e-01
3.404315050003924314e-01
-3.618006214454734804e-01
-6.475184910737062927e-01
-2.029365485030330263e-01
4.290542529992297238e-02
4.295142344784905752e-01
4.998725599751224768e-01
1.736061463417980510e-01
-4.944769280385721277e-01
-1.909980663425600855e-01
6.716145532602355583e-01
-3.808544756634780759e-01
5.812631432131329379e-02
-2.331429257674587363e-01
-3.882086531541475427e-01
3.416706667932011277e-01
3.209384861053896087e-02
-3.557154032873821037e-01
1.840134448154368274e-01
2.551199724974159144e-01
2.671351174670749118e-01
-4.315240642317234032e-01
5.862677763964327382e-02
3.760976230702196554e-01
-5.438031658734582274e-02
-3.354034011638251656e-02
2.975885182093866432e-01
3.485516246519774208e-01
-2.443530836369627590e-01
-4.346616093133994774e-01
1.557722716505410276e-01
-1.938094698023135609e-01
5.547305580910089073e-01
-2.890400466424745685e-01
-4.047030328702584390e-01
4.183000701958310419e-01
3.547392351650367481e-01
3.802297760922266345e-01
1.254122205615143537e-01
-4.338810931799217951e-01
4.028710228271855098e-01
4.338837696806470134e-01
-3.452993435874756045e-01
5.503803919752671137e-01
1.007388131904554118e-01
6.109599303076460597e-01
-4.393657799296042388e-01
3.221404141696005419e-01
-4.246112544491504881e-01
5.958294723048389585e-01
-1.956199024523495589e-01
-1.959014525557334907e-01
-6.271426670541226933e-01
-4.218336064279399888e-01
-2.727331278446519791e-01
-7.168369873153995764e-01
1.437333961035035523e-01
-9.678867219256692689e-02
4.398676881651185644e-01
-2.315406833746934401e-01
4.444903883105496556e-01
-2.956153604090612230e-01
-7.750009448491781971e-02
-2.593055968944539824e-01
1.144644962143196998e-01
-4.787793026922725903e-01
1.115401802098605344e-01
-4.992739635102800833e-01
2.125789610617641046e-01
2.798180576369314609e-01
2.386388373578853805e-01
4.213624503645989616e-01
-3.866111320173671873e-01
-3.652399874703865512e-03
-8.258633031643094480e-01
-1.910213088876205889e-01
3.204161348902743178e-01
-4.119149896849474968e-01
-1.101883913030724804e-01
2.973553582448105193e-01
-4.006104030837281949e-01
-1.414118048289739749e-01
-1.103120966074981474e-01
-3.263046426346324913e-02
4.197070162059746146e-01
4.818500861302235649e-02
5.656996770355586790e-01
-1.124098422484277604e-01
-6.899274339285252355e-02
1.120920888665002946e-01
2.280243360720852486e-01
6.014740776746620998e-01
-5.368278819204757024e-01
-2.197542299800042398e-01
-1.982520322429491000e-01
-1.393572633078157819e-01
2.749844994380461483e-01
-2.348129384764505723e-01
-7.603002321062152236e-02
-3.648156419915542514e-01
-1.154232411481044829e-01
1.597296123328873774e-01
1.455074032353298741e-01
-2.419497520601118501e-01
-2.875444838754437349e-01
-6.436203880536850441e-01
3.648722615930053981e-01
-2.964812416486791724e-01
2.924960200327086923e-01
5.778466612344599351e-01
2.893574500341175582e-01
2.126479744613608558e-01
-1.062516901437951244e-01
-1.515122867588239997e-01
-3.782608664800670151e-01
7.336102733441636214e-01
-8.444117706313625238e-01
-8.861002727811681523e-02
-3.109403743053182900e-01
-3.275989244073587714e-01
9.256768920265867617e-02
-2.828915812249008788e-01
9.452654864855930539e-02
4.533403016908453820e-01
-8.749983282351922464e-02
5.155365632092577810e-01
-8.704820538467217261e-02
6.194674123466343829e-01
-4.031796659674066752e-01
-1.912262977356041227e-02
4.703243555404197918e-01
7.025374833906535832e-01
-2.534089463268841547e-01
3.290140409173752389e-01
5.688147794546815073e-01
3.627478579283403004e-01
-4.331008934733329707e-02
-9.037025915351788452e-01
-9.490037966256711921e-02
-7.680158199464637292e-02
3.568705367224349612e-01
2.924752800372211192e-01
