4.979884223290408918e-01
4.333205191652665655e-02
1.253120258274680598e-01
2.013870104379441861e-01
2.977871732897360846e-01
2.998485927724434674e-01
9.229129245870502929e-02
-2.855595977319740075e-02
-2.829074835245306563e-01
1.213602463655444885e-01
-1.598708158180932037e-01
-1.495033095688193536e-01
-4.226901241121288066e-01
-2.213465052336317518e-01
3.631128724440761957e-01
-1.195199000364043085e-01
2.066317081871663630e-01
-6.251809936380488264e-02
3.552533880538943922e-04
-1.117114801272867386e-01
-5.998229900216350829e-01
-3.417040762541699306e-01
-3.250822817887741301e-01
-2.196435357300291491e-02
-4.869118170141818469e-01
-1.705501645541601941e-01
1.194650141370892371e-01
-2.418002111645630725e-01
-2.500962401640614563e-01
3.556659228825625463e-01
3.097683757153617545e-01
6.119538586206926811e-02
4.865824776779933275e-02
1.881273672726173352e-01
-1.132817651122499936e-01
-8.192824052854109917e-02
1.060519637126900588e-01
-1.895440740076403119e-01
3.871081377550339431e-01
-4.529837170833530408e-02
-9.239892368723671978e-02
4.072180087216059063e-01
8.248237245665124284e-02
3.844252346185356717e-01
1.716943325180442792e-01
1.870501821649254437e-01
-9.998497924686471083e-02
1.440864975069592047e-01
-4.090010364003745513e-01
-1.215528165739706290e-01
-1.892548858874115725e-01
2.480307478696026635e-01
-9.789154338344546735e-02
-6.008694000238026245e-01
4.335179939996932630e-01
-1.119034055142262285e-01
1.514537012688201012e-01
-3.232901590654393975e-02
-1.400151490444087599e-01
-1.645280417703129036e-02
-3.764604567314540073e-01
-1.808815556509978384e-01
2.124210950877229442e-01
-4.168149500480691771e-02
-1.487058844498976851e-01
-3.426475680620528763e-01
-3.460876321431113345e-01
-1.678928040265320609e-01
-9.170470710452763297e-02
-1.029170799688074178e-01
1.928345921155228682e-01
1.241064553122789571e-01
-2.942031849789288334e-01
2.741758984771339169e-01
-1.420027499665288961e-01
2.557040683594836716e-01
5.651244408009568065e-01
2.320137932534820924e-01
1.618103075738055174e-01
1.272552105903778374e-01
3.401202852698965717e-01
2.129626591773524924e-01
-1.424707274463524742e-01
-1.599818249351869781e-02
2.565574720152495880e-01
4.430972052901982483e-02
2.720822218377226820e-01
-1.868334275111667719e-01
5.363869088316211009e-01
-7.712172002584595509e-02
1.512630943960595609e-01
2.582643966692440562e-01
-2.416878982013065946e-01
-2.545963617324552564e-01
-2.777366095601851645e-02
1.818637117547591830e-01
1.193313161682627577e-01
5.084784703316552745e-02
-4.278236013001308069e-01
2.588918013652360961e-01
8.547478204003421121e-02
-4.072927451669768328e-01
-4.697041630453868688e-02
-3.832905310279883238e-01
-2.060264760547533130e-02
-3.757188540734420767e-01
1.674550688916299490e-01
-3.082896383182707201e-01
-3.897109784735794391e-01
-5.190288342291577567e-02
5.047741597346384612e-01
1.862924857847935156e-01
-5.615452227978984245e-01
2.300750535147689374e-02
3.077507037944330337e-01
-1.587162333157253746e-01
9.847690954699686583e-02
-1.977895195733228931e-02
2.115536562046723690e-01
1.054451960418699777e-02
2.037787185363461595e-01
-5.346560105223802095e-02
2.957097124660589271e-01
-2.502345274183123691e-04
-3.373973385048738560e-01
-5.806456596769730139e-01
-1.925671561651049468e-01
1.457525065627851557e-01
3.651654054405027439e-01
3.248368977314304296e-01
4.636142248793558018e-02
-5.117559323663234405e-01
-1.621641691558887988e-01
5.895637436757507066e-01
-2.434022938435339567e-01
1.057218527180461970e-01
-1.354065297432711645e-01
-2.118393022747916687e-01
2.325052241243292239e-01
-1.095084640512344540e-02
-1.450008040857474201e-01
1.675016042605176336e-01
4.867748814008365787e-02
1.172534443222597311e-01
-3.380387280246889281e-01
5.801678531882888123e-02
-3.526796541239499150e-02
-9.475447077543788788e-02
-2.958636110650202794e-02
4.543237663827641715e-01
2.382889939151460468e-01
-6.964540899266706553e-02
-1.959304208393462809e-01
1.822388335782929025e-01
-4.013781227859589823e-02
3.681797789520792064e-01
-3.175512061150944643e-01
-3.265954331498548413e-01
3.851089298655339666e-01
3.843676322104077614e-01
2.891011509005426694e-01
2.398765969645010876e-01
-3.068712410601929785e-01
3.508804178838993426e-01
1.234829842407991901e-01
-1.015861749718935947e-01
5.837790249918011209e-01
6.625188217945399138e-02
3.250632855046121095e-01
-3.380706976235600680e-01
1.496470311386313146e-01
-1.290511166462820214e-01
4.231489421450766453e-01
1.192186056526850224e-01
-1.621067878119522021e-01
-4.341384660824481601e-01
-3.025434815343159833e-01
-2.327449750800865969e-01
-4.592869173061372434e-01
1.952386868352522509e-01
-3.491474818093151522e-01
5.952834419703618707e-01
-6.036574890070844218e-02
4.235067369914705671e-01
-3.332006429170719652e-01
-1.912971135070491713e-01
-1.804183336484110334e-01
-4.822424926736391948e-02
-2.395604807845582718e-01
-4.077894342442038578e-02
-2.977360179314211264e-01
1.750854145227492276e-01
4.432821261855735689e-02
2.489099131437726431e-01
3.107074436286987318e-01
-3.283715403095075480e-01
1.115628404223294456e-01
-7.175528302593416896e-01
-3.749600772300736296e-01
3.480158852433281602e-01
-3.777562452178526708e-01
-1.320082494104518611e-01
3.232376646076837168e-02
-8.054884660156438891e-02
-1.650364894784842051e-01
6.740554852919505846e-02
-3.788213292248680808e-02
2.488648146956721763e-01
3.740141256151154059e-02
4.821633764177557513e-01
-8.118706848736478854e-02
-4.145439141708374964e-02
1.903076211022815545e-01
1.442119750293741065e-01
7.521277018437668715e-01
-9.312481255740079344e-02
-2.133241825032038408e-01
1.130288062705367275e-01
-2.932248042872259014e-02
2.634283038185651973e-02
-7.481410102816535290e-02
-1.138607422927214174e-01
-2.830265432570113204e-01
-1.898350149135250853e-01
2.601404091115137041e-01
1.186525820894052952e-01
-1.971499591573327437e-01
-1.031650490911977108e-01
-4.056362627337973259e-01
-4.251133510468087240e-02
-2.217923139135958843e-01
1.994470942918369627e-01
1.642854472954861089e-01
1.327747888677420218e-01
-2.069524388222288708e-02
-2.041612480112313111e-01
-1.546499861677817222e-01
-1.689643483646098288e-01
3.620141557087814266e-01
-6.162857827290642021e-01
-2.840660933862514392e-01
-1.743625964322245148e-01
-1.554896375357591454e-01
7.480194042182648773e-02
3.985811297231516004e-02
-1.795493084718424032e-02
4.419582579346870155e-01
-4.168074328377249782e-03
5.755626423751971643e-01
1.399809526533726256e-01
4.158284454236834682e-01
-3.353239816537048057e-01
-1.663859394228365540e-01
2.424240631025249559e-01
4.262918901795418880e-01
-2.276541680517486510e-01
2.175838065345843397e-01
3.230512944300317213e-01
3.437175170797707180e-01
-5.399386561716243427e-02
-7.543611817944038123e-01
-1.190051267197781010e-01
3.964364515271632250e-01
3.961678583971342538e-01
6.319505292782628958e-02
