6.545461599906674532e-01
-1.335390299830562788e-01
-1.198142364080372335e-01
5.233077236708482127e-01
-6.892735354810862747e-01
1.237468244239173121e+00
-1.264555896561436965e+00
-1.001035117970669130e+00
1.052131410173501980e+00
-3.673719173628772761e-01
-1.014780245582946883e+00
7.713060332672581065e-01
-8.291364379934756945e-02
2.414196584073987073e-01
7.245319892021897523e-01
5.778149368855522994e-01
-1.253473471238358616e+00
2.706062295006917973e-01
7.401392279790717232e-01
-1.356675629444910602e-01
-4.028732465134453045e-01
-1.860328214689073389e+00
-1.115901496159047657e+00
-3.609122058030557745e-01
-1.164037320002833997e+00
-6.953957878899883482e-01
-2.615041043107306784e-01
6.058899631093110916e-01
-3.601865680203642506e-01
-7.443039514617182384e-01
1.736762773325171816e+00
-5.108099509484722578e-01
1.230938257322795049e-01
-2.710542247148594597e-01
2.677940214244722839e-03
5.946139127521665735e-01
3.055590994712533703e-01
-1.124981459469260203e+00
-3.137108917065706271e-01
1.048117909179272722e+00
5.540293922300368878e-01
6.755689302722349687e-01
-2.515789186865641236e-01
2.957871744881330756e-01
-9.976126886717039399e-01
-8.762999510917597323e-01
1.862693083751805201e+00
9.229008956664854768e-01
-1.777051445489691295e+00
7.004992262412486070e-01
6.113189531255962539e-01
1.053290414129534280e+00
9.493612099095998236e-01
-6.870563267594284040e-01
-1.248686904030081868e-01
4.044107825292471148e-01
-3.279053875171245580e-01
-5.032492354909062771e-01
7.890259419652492223e-01
1.243503067618060065e+00
4.910718023160237644e-01
-2.695959693601613361e-01
6.218306559600437211e-01
-1.641257039021337683e-02
1.396264922494815153e+00
1.586940252714871546e-01
-9.371975546978367211e-02
1.006584184517601788e+00
-1.621625240615345298e+00
-1.064798787989875484e+00
-1.091328174397959483e+00
6.678962219914695853e-01
1.403451966993265909e+00
5.735094301334503486e-01
8.298507043727869625e-01
4.539754763015680372e-01
-9.989363398982629150e-01
6.948802310075847810e-01
-1.135997604307351860e+00
-8.827957200062502841e-01
2.091803606518442660e+00
2.901771340703419577e-01
3.097885876356558099e-01
-8.116790961850084418e-03
3.750023055086004753e-02
5.056147441537389708e-02
-1.531050316667587952e+00
9.714708323791787503e-01
6.524512773426969225e-01
5.836350012569901935e-01
-6.348627890681390884e-01
-1.503621227448048714e+00
3.686429562817589156e-02
4.432198870481428576e-01
-8.267652088455974546e-01
-4.497074854018202061e-01
6.705712787361732818e-01
2.259862322268368362e-01
3.398357789964953080e-01
6.251904110595163377e-01
8.670929752661247214e-01
8.588535834618526987e-02
-6.360629925056182632e-01
3.151828503742934440e-01
1.147668090236551031e+00
2.958598457022071360e-01
7.229649269198057393e-02
-6.717142968658205149e-01
9.758196873939493088e-01
4.943169945751321182e-01
-5.308772280954652256e-01
-5.907056978986778839e-01
-1.324819667525690692e+00
-3.916526906751980341e-01
-1.083103050542397083e+00
-3.744797865479854160e-02
2.051084275177480487e-01
-9.130651850355762100e-01
1.638790254389646650e+00
-1.006331672182884995e+00
5.053687669738212707e-01
3.032159248705557641e-01
-6.628785820050850930e-01
4.398175939598604756e-01
3.345510698000090932e-01
-9.808683852394202152e-01
-1.518241025124662524e+00
-4.576764812544933392e-01
-8.092244604937728902e-02
-7.600547020199271975e-01
4.721120106978112796e-01
4.016705779039438928e-01
4.837006848371855350e-02
-1.793735524606399068e-01
-5.292638880886662012e-01
-1.731707647322578758e+00
6.898198000493784843e-01
1.135384237373855409e-01
-5.812912626440214225e-02
4.167882133319558702e-01
-9.112049329898617156e-01
5.812162039930559576e-01
-3.943443568005996491e-01
-5.307625665904264212e-01
-2.695114159576180723e-01
1.124154293591096643e+00
1.513892243597258158e+00
-5.047212458933202361e-01
-1.052339796142534256e+00
-1.379831514375366552e+00
1.951853953095641914e-02
-2.711745878607394467e-01
8.789111274891605596e-01
2.266133271169188945e-01
-8.533431851124138046e-01
-6.350893727418492896e-01
-9.224178264635368718e-01
6.253274671049520173e-01
-7.256285807325646431e-01
5.560078488377992456e-02
1.125839443742328694e+00
3.197064818004267117e-01
7.975570231928547082e-01
-1.681050315227280711e-01
-8.077943279157490108e-01
-1.677962308377229372e-01
-6.173672492688397906e-01
1.144028613459639576e+00
5.526997673027249647e-01
6.653950166689202028e-01
-7.981594123521524864e-01
1.571068700264707796e-01
2.343541089171155556e-02
7.688558418739612765e-01
3.630594389309638181e-02
4.893536487365053866e-01
1.186581227061196619e+00
-1.553950630151720969e+00
4.281004018957706991e-02
-3.643885789113903151e-01
3.542837357799742959e-01
4.713554389328202809e-01
9.249398686870018427e-01
8.498300921015520260e-01
-1.069259016311379318e+00
-2.220886594029154448e-01
-1.104660825249733858e+00
9.276262126389103191e-01
-7.682372305362652476e-01
-1.365023662335298926e+00
-1.600540734518041686e-01
1.130707306137743728e-01
-6.263531330210162507e-01
-3.231694150215167483e-01
-1.249279610186581735e+00
-7.237068116453476696e-02
1.001262927794315249e+00
6.096322047160298574e-01
-4.018500715533682710e-01
-3.153839466711980677e-01
9.144175907650281543e-01
7.396668795083539694e-01
-6.474637854395215442e-01
1.412932291197538381e-01
8.980973688082927175e-01
6.449280690054051135e-01
1.578470805963608781e-01
-1.517187087961201497e-01
-8.127136239690555541e-01
1.524051503558319975e+00
-7.205724058190650094e-01
-7.768044293426055180e-01
-2.238881634503860907e-01
4.746075795018330212e-01
8.282492426699352706e-01
-9.297725172640078362e-02
4.583841224974812834e-01
-4.956310035820165050e-01
5.148567361667732989e-01
9.502789737559026451e-01
-6.732113832355248739e-01
8.394723394822745099e-01
1.955877683574772097e-02
2.711276232220881099e-01
7.145535724135092526e-01
-1.366124398153472919e-01
-1.270507065425455329e+00
-4.463570463467142480e-01
1.081591790334057279e+00
-7.071830846710114304e-01
-7.136181661735017112e-01
9.359135986570780164e-01
1.155048179888707116e+00
6.669913085457432889e-01
-9.847600987645075410e-01
4.740571621986185979e-01
4.061955447249391837e-01
3.234573476646690482e-01
8.682661391312108679e-01
-6.652755554154194950e-01
-1.036894274728416221e+00
-1.958035132782924626e+00
5.423503012625514597e-01
-4.235980747543666713e-01
8.386826481747247097e-01
5.530857959535262491e-01
1.173280628199836029e+00
5.993183779771006359e-01
7.416352870256432972e-01
-2.788488815544054589e-02
-3.601648341696017663e-02
9.393756107276077794e-01
9.780890501536376735e-02
8.429028540462955021e-01
9.611656994395256781e-01
1.692817388138251888e-01
-1.258686771600796117e+00
-2.711594353709134708e-01
8.136817978529136131e-01
-9.089220264052830234e-02
-1.035273121993264711e+00
-1.261119382817093237e+00
6.474593756056989946e-01
6.150653376459450650e-01
3.676017745403245551e-02
