7.254962316410712431e-02
-1.264638450110517898e-01
-2.492143183311597010e-01
2.293024913352674221e-01
-8.734698109375265140e-01
-2.768220666247425132e-01
-4.125665580241215658e-01
5.339036455053551844e-01
1.115236208135734763e-01
4.583656699354236030e-01
5.191991499914553332e-01
3.482074236463339467e-01
8.515004865410857882e-01
1.028589890839013421e+00
8.149232692723482607e-01
-6.987365391185742514e-01
1.488873621455731322e-01
6.685965971017360232e-01
7.589448432201605366e-01
9.129629139400350368e-01
4.299652064968086385e-01
1.228354074469138468e-01
-4.644209886049368574e-01
4.370529002762682524e-01
7.523766280873056544e-02
-3.209022867548734226e-01
-1.346799111235685853e-01
-1.792925379155468901e-01
-1.251719757615509021e+00
3.183031026203908542e-02
1.658917230769143547e-01
-7.824732912352514447e-01
-3.062437964928145240e-01
-9.442064591503687154e-01
-5.813826744237349242e-01
-6.558244573453210213e-01
9.742323228115452594e-01
2.884892097039304382e-02
3.944677100677798087e-01
-7.114097040481476286e-02
3.837832020578959558e-01
2.566349932804992129e-01
-4.696324559623247241e-01
6.564590672958722228e-01
9.493470999732223081e-02
-4.508626359168997899e-01
9.865807507566488610e-01
-6.499434377434550880e-01
9.179463031225940650e-01
-5.750095345022543381e-01
-1.091516664550627569e+00
-1.935432726726256658e-01
-2.685458230547843606e-01
-1.841159591551641550e-01
2.171539797983608189e-01
6.981187113469000671e-01
2.444928517867746010e-01
7.271488447159851765e-01
7.795706301617235656e-01
3.007736544292927139e-03
-7.904455506050842573e-01
-7.834054296261461214e-01
1.949241246034196795e-01
4.002078696901478772e-02
-5.088033057089204059e-01
3.438151531620123880e-01
1.482280630638246333e+00
7.668172178093868308e-02
-4.590065940794734733e-01
-6.245788244575998238e-01
-4.768735421506988814e-01
-3.366256788352430807e-01
7.670359310338956682e-01
-3.115146577457308941e-01
-1.569188865007322686e-01
-5.356374121549883904e-01
3.255764898350183567e-01
-9.878244975600769529e-02
5.564189248155049228e-01
-1.773735514606378794e-01
-7.862529239853844887e-01
-3.814371797559599764e-01
5.309360672208718324e-01
-5.535878788835975062e-01
-1.817088489684718366e-01
-4.526177596976660444e-01
6.854383099150056502e-01
-4.153482936658898228e-01
1.293689480399789371e+00
5.390733844570370081e-01
1.238587482272865969e-01
2.748986433482305536e-01
6.590629064866401210e-01
-1.086044210533860799e+00
4.776784250235815987e-02
-4.865842446113383124e-01
-9.093125277768752124e-01
-7.832380621987613534e-01
-5.526555919327700295e-01
-1.436052093708228838e-02
-1.038106706565933512e+00
6.032839323113503571e-01
-3.455275577838234913e-02
1.158151649740652434e-01
-4.492108431655035261e-01
-4.945234477649834703e-01
-2.176077950975343622e-01
7.133741251587982779e-02
-1.423006692544039886e-01
7.739479927806924842e-02
-2.126885317977278422e-01
2.512907894795664010e-01
9.599680896176028266e-01
1.151501448692830443e-01
-1.129823138196138999e+00
9.061228604234280448e-01
1.377224808027305514e+00
-1.772696013150341088e-01
-6.727075327379146152e-01
-1.112542565404925354e-01
6.235028020793020875e-01
4.012202860109067015e-01
6.379681572772877285e-01
4.174150807450821010e-01
-6.476859887613519717e-01
1.467179773442521817e-01
-1.295428981442265703e+00
-4.518148357751469724e-01
6.563707985800582012e-03
2.304983359797757592e-01
-7.026243766088469123e-01
1.528137066887262474e+00
7.345120398191187228e-01
-1.078763612415266415e+00
-1.823318395702618888e-01
-9.580179504712971195e-01
7.903154993901555514e-01
6.009942425202057237e-01
-1.845747082835801356e-01
-9.276280167189068226e-01
-6.539860893623041793e-01
5.320211023408314421e-01
-3.508698270796369312e-01
4.828359016668858916e-01
-1.939135117483411497e-01
8.430204699786033595e-01
1.364267240526626512e-01
5.108573866080269310e-01
-6.494069825115840189e-01
5.257184775924066411e-01
8.624105667793319219e-02
1.359622065134479252e-01
1.659529019928036586e-01
-7.447933793415575376e-01
-9.004767819566361631e-01
-3.843156403518965258e-01
6.018897441565945750e-01
5.433966634340734458e-01
-3.804386895183164974e-01
3.239376641136593182e-01
1.376500398117166846e+00
8.901578791513127253e-01
-5.323529240678698260e-02
1.153236816627449257e-01
1.436027202041004092e+00
2.974158436298137143e-01
-2.404795361777062324e-01
-2.905800378422340735e-02
9.837915325495683039e-01
-2.146677276396458667e-01
9.101338793361288815e-01
7.016640925197914491e-01
-5.332605817265464454e-01
3.985618454035894653e-01
-5.785168213057474418e-01
-2.632482435889325068e-01
-4.285144755139999595e-01
6.404514767134250608e-01
-8.776575315126855514e-01
8.540892821593033535e-01
8.620445061778012619e-01
-1.006041817786592629e-01
2.588097893770633928e-01
6.444116889132831538e-01
-8.287957548547801867e-01
2.534517307969970101e-01
8.450980691203995310e-01
7.052061561022933134e-01
5.297762181681808791e-02
-7.495682013253415210e-01
-7.318209111194656780e-02
6.564031724705937654e-01
-1.956732955985264755e-01
4.560014380223139652e-01
-5.410827735003688188e-01
7.713149498229661116e-01
-3.070626124969833004e-01
9.528419074780851705e-01
-1.412982543854082174e-01
-6.254262273154886920e-01
6.240179230809290711e-01
2.496141968768272879e-01
6.966351174677922753e-01
-9.439338638579863883e-01
1.311329657161988571e+00
-5.144523853907139177e-01
-1.141574420885518304e-01
5.562669513231410789e-01
-2.059522657586013716e-01
-5.461724299777421798e-01
-4.882737467159198874e-01
-1.065741420049004518e+00
2.083827153327415527e-01
-1.762661543833154432e-01
1.301324625671356205e-01
-2.041845586397765810e-01
-3.444414452223571455e-01
1.300708323613281592e-01
-9.053389068609807300e-01
5.032604985051917224e-01
-5.552706242277344328e-02
2.020840513247512682e-02
-5.986688748946877858e-02
2.304384687654215114e-01
-4.984238069306194951e-01
-6.850635311262989191e-01
1.596904828755613126e+00
7.358643572043215286e-01
7.202421928468842882e-01
1.475189513274290376e-01
8.545664954769496280e-01
6.389464549595103016e-01
-7.166095729904073952e-01
8.523145320384222234e-01
-7.479993505453648162e-01
2.702525962912409874e-01
-7.784464157764068304e-01
1.095191332867823331e+00
1.058483491666386112e+00
5.723384860367124460e-01
-7.562570432544968302e-01
8.294037953770467819e-01
-8.234411092224802609e-02
4.555983906128893146e-01
-6.790313538250022374e-01
-5.701799790221953046e-01
6.383170788063150525e-01
-3.216266773783594823e-01
7.007928482179817120e-01
9.922743665581634787e-02
4.745805519622380841e-01
5.794726295192627052e-01
-4.626294485394429890e-01
8.257049982097159901e-01
5.900378066653617637e-01
1.558834156476961663e+00
1.100544291723615231e-02
1.125565667298435768e+00
-6.614789866604020574e-02
-1.115487170023355290e+00
9.084314628906836608e-02
-1.371103247527614144e-01
-1.920749377955142112e-01
-1.854711837007839148e-01
6.618232117547999671e-01
