9.343211582833968465e-02
-3.733687370437618891e-01
-1.510683861219418889e+00
-5.613418632250120055e-01
-1.537225890263511863e+00
-1.462151831362562993e+00
4.086532258789924987e-01
2.348494990228895407e-01
-2.578693880976731800e-01
-1.010342108964357999e-01
2.636094031153402018e-01
2.057641616523367967e-01
-1.987076994174303279e-01
-7.012017760990495452e-01
-9.644879677815423324e-01
3.129556284751234263e-01
7.337678640871897473e-01
3.468362555917811618e-01
9.716750720700495503e-02
3.904007589895730490e-03
1.682336537047073532e+00
7.150086065346685782e-01
-6.414729208902019142e-01
4.072235498934291265e-01
-7.394572049286444182e-01
7.928124942417391630e-01
-4.093469014266359896e-02
1.604848630228026818e-01
-1.830256871550443587e-01
-1.269344456261197518e+00
-6.584493358957699272e-01
9.937770843456230629e-01
-3.275318701437600066e-01
-9.639853503966259174e-01
4.123018893622450443e-01
-1.531551517530042039e-01
7.280835435256760579e-03
-1.066922787945770112e+00
-1.095843246838798635e+00
-9.229402021976180759e-01
2.048659426412574591e-01
7.463956565333956794e-01
-2.688855947684614667e-01
-1.205051638351898324e+00
1.878205350597556555e-01
4.951939970001694169e-01
-3.042072074504664769e-01
-6.282228565214478255e-01
-1.408199503579966316e-01
-2.033483668454397209e-01
5.387699249052619876e-01
-5.748979196372211442e-03
-9.961216730773156947e-01
1.012911073101532278e-01
2.137512162643576130e-02
1.231464494886551186e+00
-5.500021361517308804e-01
6.458847587336684626e-01
3.894650580289718000e-01
5.583844056378580722e-01
4.660041826673065324e-01
-1.160185228220480758e+00
-3.551706681024349166e-01
-5.545694731016462264e-02
1.024004634033336969e-01
-3.225533556244791766e-01
-3.724051928447625337e-01
3.507123435000869538e-01
-3.456782560107094504e-01
-8.385403067060671622e-01
-8.053803890445794256e-01
-5.899263862268876446e-01
7.650828524288015853e-01
1.555520554711731673e+00
4.969553442777040475e-01
-7.294005606400340014e-01
1.150366725817033142e+00
-5.402765582534045929e-01
5.342404423306471584e-01
-9.314221499112226854e-02
-4.528022568175379958e-02
3.727869257793650082e-01
-1.797776541043036580e-01
2.094435322632131946e+00
-1.397491550104190128e-01
-3.196377203515726739e-01
4.694743497583554470e-01
1.591449776628435231e-01
-9.575386584413485558e-01
2.846955140586590050e-01
1.668218195789117342e-01
-6.770146932127545369e-01
-2.802250632250971596e-02
-6.641699797449474030e-01
1.075442783735378605e+00
2.376456847046420351e-01
-9.945354484064069522e-01
-1.073617546489927133e+00
5.130267851292646952e-01
-9.369577503992404521e-02
-3.770066849697851219e-01
-8.352405792445465327e-01
3.524808128309766531e-01
-1.145959256163200157e+00
2.006045849826780247e-01
-4.334111878477062696e-01
-3.244072301095506372e-01
3.473694498778894246e-01
-1.304158678430716201e+00
-1.868381847795166917e-01
-1.315943353614062561e+00
7.074917070365184246e-01
-1.149346094071039381e+00
-4.577999692948825361e-01
1.396704808684925414e-01
8.950410534714905442e-01
8.064097625728597896e-01
2.793021594387294360e-01
-4.920823518422207665e-01
9.168130807009261529e-02
-1.021101453073754717e-01
4.584201637888005720e-01
-7.182112225938057648e-01
-2.146524042706626778e-02
5.471664312119206564e-02
-5.885338139423420545e-01
-6.807766297347410678e-01
-1.461511106395902981e-01
1.315252991011583994e-01
-4.392938797708616505e-01
4.565281877220785378e-01
8.875373714621530574e-01
1.543582098655054413e-01
-7.657677767377375488e-01
-9.592854977513562975e-01
-6.105617377212411157e-01
-3.350586641360484563e-01
9.696506013843216865e-01
5.808764229994227701e-01
4.493927438934863794e-01
7.812570511802268136e-01
-3.172223154781227406e-01
-1.497203910095192825e-01
-4.590541088125971170e-02
-4.669584664567377197e-01
-1.190728449089231145e+00
3.180894267999582192e-01
-2.048495545343595459e-01
1.845194113384396595e-01
-1.357683630214502557e+00
7.251694303061466673e-01
-3.005442389847626794e-01
4.854841373703830398e-01
1.356798541700608318e+00
1.218942742061801254e-01
-3.000554196694935616e-01
-1.788978370745846480e-01
-1.667880960980636651e-01
4.191621689870382861e-01
1.081801801913617078e+00
-6.790063017442129478e-01
7.460639330836141836e-01
-3.921597145505184012e-01
-1.235576172488744628e+00
-2.030819983778780480e-01
6.485526386215242356e-01
2.389571797242250328e-01
6.593634159987316057e-04
-4.997282205324412585e-01
1.243677673028355635e+00
-8.489643237668786924e-02
-2.613037749323563474e-01
-9.375995314919105539e-01
-2.113721958207082086e-01
-8.107843333244165729e-01
-1.507770695513533266e+00
3.344825421737984694e-01
-1.405047256346268147e+00
-5.431184325688024339e-01
4.271173620469804755e-01
-3.508660268954804096e-01
4.173166183195274326e-01
2.229895999756664748e-01
2.133169428408656365e-01
7.968280971830971060e-02
7.750597385193256361e-01
5.636355419943206435e-02
2.082022855198662203e-01
3.742200978025063685e-01
-5.874937709390767315e-01
-1.460603468849572539e-01
-4.640483309998156836e-01
7.745896788544981426e-01
-2.517854900368432514e-01
1.494956158924365397e-01
-4.459191527575923630e-01
8.472808186297562383e-01
3.820831996609376224e-01
-1.643658870293465579e+00
-3.076470977255501560e-01
2.137838377656832156e-01
-5.957764323543965901e-01
-6.546146092343898548e-01
-1.668195720240184254e+00
-1.197906953369976879e+00
-8.025254848564395971e-01
2.391573896356668782e-01
3.490709769060013068e-02
2.171114547218683244e-01
2.198696519675026884e-01
-4.609248580029031706e-01
1.566339120867111800e-01
-1.230267136342055312e-01
1.341778463923984033e+00
9.095446153470436723e-01
-5.740501596966329778e-01
-2.699660725395552907e-02
6.854710542505992876e-01
1.710861718550441002e-02
6.789812779856533309e-01
-7.848602900892914791e-02
1.891155528075327830e-01
4.942778104429483288e-01
-3.490465465630802067e-01
8.005825805050599264e-01
-6.054355608455399551e-01
2.926264315207764977e-01
1.529862491986700990e-01
-6.361439827284903759e-01
7.732182292752997066e-01
2.538700808097096306e-01
-5.353308706457495791e-01
7.050438440645901972e-01
-9.489889084868751157e-01
-9.374247350199476081e-01
-2.106733330246677305e-01
5.018780201394125173e-01
-8.847823279613056258e-01
4.452078682616366079e-01
-8.054997312114149377e-01
-5.202917963744888574e-01
6.831749475876859323e-01
8.325067097537028893e-01
6.871863220438095832e-02
1.412683569032733955e+00
-7.145671858882165495e-01
7.916475636164510554e-02
6.626214741344753634e-01
-9.155926760968084999e-01
3.648167964482390557e-02
8.346256684432201700e-02
-8.954622464495889389e-01
4.415423629971874098e-01
7.766385663999850753e-01
3.175236093736827914e-01
1.335379349162254536e-01
-1.423903053787625828e+00
8.447453454696024489e-02
6.906525897761103261e-01
1.181088719313495849e-01
-1.110364681397184583e-01
-1.154732831001426208e+00
3.321766136717285711e-01
1.185061151752149211e+00
-5.477048013372921575e-01
