-2.769163865434182137e-01
-1.628747462012046787e+00
-2.065907569650477504e-01
8.444589296515092602e-03
-1.150497313975595626e+00
-6.962488930538207610e-02
7.520182614285093603e-01
6.794815494241742693e-01
2.837593660228613923e-01
-1.342450251539181738e-01
4.433016251853653111e-01
1.532217832664680479e+00
5.460403708798748923e-01
-4.084215597304440282e-01
5.575374765875945604e-02
1.190027789087811927e+00
-6.982092143894087499e-01
-4.394477548693631053e-01
4.695358960280920368e-01
3.873539160427386108e-02
6.195904227612758497e-01
1.274044604389839686e+00
-1.428956582815850140e+00
-9.164291895476428529e-01
1.887659708402396053e-01
5.086809698502781085e-01
5.803198463067780200e-01
-1.998523209209639662e+00
-3.992342556926328223e-01
6.401753006621285769e-02
8.758020224466195325e-01
-3.735358501341774495e-01
6.659616610740375364e-01
5.527794872044473617e-01
1.138516879150018868e+00
-9.312373988863620333e-01
-3.195401107285744668e-01
4.913246657026875130e-01
-2.833244352269944089e-01
-1.685628481313197202e-01
-4.665855027134451216e-01
-1.505795634259187832e+00
-5.240814745116850748e-01
-5.056710459949249614e-01
-5.279024813086998780e-01
-4.307322867665076549e-01
-4.985138577006033023e-01
1.004885154565168026e+00
6.265010523507271722e-01
-1.362488830632103465e+00
-2.770318710039746946e-01
-8.658490160012969339e-01
-1.532246804495005499e-01
6.281993142804069841e-01
-3.842470084333390878e-01
-8.206751486384916694e-01
3.514066682418184873e-01
2.809051992777740758e-01
3.570261611964797299e-01
-1.103709043576817539e+00
8.320299802858739380e-01
-8.048165919821441694e-01
-5.495405552403740401e-01
-7.414269331924747686e-01
9.954493468014782298e-01
-7.397399149710927047e-01
4.850419686800850894e-01
-2.265361370324719403e-01
-1.025299386841478366e+00
-1.812413765762992846e+00
1.228618516399125671e+00
1.281691257600438449e+00
5.673673585859477786e-01
2.613787315888446150e-01
5.515554552676277256e-01
4.736933240981975324e-01
-1.868658810208596033e-01
7.249333222101170815e-01
-4.383757919657002011e-01
-5.970763940275859438e-01
8.745247511168275922e-01
-7.371208036162013588e-01
-3.100198216115718219e-01
-1.504878362519936452e+00
-8.864648378154857955e-01
2.492045168833378899e-01
1.121482768243570183e-02
-9.438187813414073979e-01
1.576680367455778331e+00
6.740402147797646126e-01
-2.572699742704770975e-01
1.904739310620033876e+00
1.168623667721016446e+00
-1.680923255440164854e-01
8.848113884070916146e-01
1.332932257733987935e+00
-1.414115040563089787e-01
1.035170539612427554e+00
3.054777945875927769e-01
-1.106838536172746190e-01
1.430623642565660436e+00
-2.432152560694859633e-01
-9.129574026901070560e-01
-1.204196259284948667e+00
1.056137563834956827e-01
3.487250352188012714e-01
-1.154439774776956806e+00
-9.827957357746459621e-01
7.883118034755437487e-02
6.615198238074486703e-01
-3.650607651681309074e-01
-1.576819003342236902e+00
-1.525834593561840924e+00
5.763112823607383639e-01
8.034339370141102554e-02
-9.354371076519525374e-01
1.721882043030567022e+00
7.751854548497001396e-01
-1.220776239620662285e+00
-1.515583292849356667e+00
2.632537469148393261e-01
8.734613856485820005e-01
4.590913080982381711e-01
1.822590515843590886e+00
8.221828099929526790e-01
-8.916668430365248810e-01
-2.879651506254599092e-02
-6.125005558756830837e-01
-6.493639928343897250e-03
4.325828305412611763e-01
-9.258588834059300332e-01
1.404675790442257322e+00
2.989222557745238040e-01
4.925180105052627821e-01
-4.528951452612605122e-01
-1.663493282010798158e+00
5.273378527555963036e-01
-3.324876444072690784e-01
-8.816610271047490288e-01
5.926736244688277644e-01
2.002564355997538126e-02
-2.665631885545123314e-01
-2.764723968520477748e-01
3.383194468752468986e-01
8.866118061505384729e-01
2.622670337372484672e-02
9.181830686322414170e-01
2.011917143767704141e-01
-8.644466597298567923e-01
1.532328873572089023e+00
9.318239505442726944e-02
2.666621648989245252e-01
1.720106842767584077e+00
-1.365154082843475503e-01
-1.334800253148181182e-01
-2.264887586217849136e-01
6.996671903985891561e-01
5.040044485165970922e-01
6.598473138499556523e-01
-6.134877625823160763e-01
-2.308499334483327114e-02
-8.382161044828415619e-01
1.141629482152239361e-01
1.986117625381111362e-01
1.005378232508525205e+00
-1.277442204056811192e+00
1.049652964218488194e+00
-5.056950583669452826e-01
-7.208626911141292615e-01
-9.710482192056375528e-01
5.145670439633756033e-01
9.108851391423216093e-01
6.392147204659680559e-01
-7.987119010603238589e-01
-9.067760517876959359e-01
-3.662822698383687570e-01
-1.833939228354870776e+00
-1.102079607178629406e+00
-1.158811946387652947e+00
-8.755393341883745961e-01
-3.075015082682997503e-01
1.974955030577077719e-01
-1.418893405042559008e+00
-1.290703836407632643e+00
5.519174349706423843e-01
2.300025991152923055e-01
3.437329665764501940e-01
2.692721912377679105e-01
1.069258162445788862e+00
5.487347339555763703e-01
4.176437935037514149e-01
1.571525280551758219e-01
8.907338274705847159e-01
2.856716431160974956e-01
-8.938013065335423946e-01
-1.458377829397425329e-01
3.424768171218887103e-01
9.474066434053147745e-01
4.615999444842802668e-01
2.072821679568837894e+00
-4.962851086715520665e-01
7.915828998577196796e-01
-8.919487345768646325e-01
-6.579801543134632391e-01
9.470283833588249989e-02
-5.352281464636884367e-01
-9.189724132733327888e-01
6.058249898150041002e-01
-1.766482195877093764e+00
-1.328177410962511518e+00
-7.901506801380049350e-01
-1.992893716401619719e-01
1.192368169736928385e+00
1.228342141812679866e+00
8.726655190688629160e-01
1.100604824480935773e-01
-6.359356400701543510e-02
8.981587953782736999e-01
-7.116340796548696890e-01
9.699996185186626763e-01
7.208292805947005277e-01
9.526351228371778834e-01
8.248849063752772270e-01
-8.555706496884897261e-01
3.427211321910283992e-01
7.336838656599059538e-02
-1.258673536304521834e+00
-1.982041226266327283e-01
-8.440813255798411685e-01
4.521709580884499258e-01
-3.507557890026182790e-01
-6.491670933724815740e-01
4.060788828368267489e-01
1.581710649456531836e+00
1.372264433175629517e-01
-5.316634902465016133e-01
1.239785572385614154e+00
-3.735207597452372963e-01
1.255946177411889408e+00
-2.470504440799890511e-01
-1.329105992748180753e-01
-8.697242258632336132e-01
2.236895074146054707e-01
-1.305408068028558466e-01
8.033603389685239904e-01
3.580272595982093575e-01
1.350443639514581351e-01
-4.359929439558690722e-02
-3.507601328307418664e-01
4.783190448303006881e-01
-1.009752425007037324e+00
-1.599987781616290405e+00
6.042178828098987431e-01
7.876000339407751571e-02
1.128512369566960549e+00
-1.168789815540774102e+00
-1.478959131315369158e+00
-1.324843734829713737e-01
-3.506474521716506643e-01
-5.491099774485519447e-01
-9.264456374503848846e-01
-3.217940883663663043e-01
-3.744940975287233687e-01
-1.012271845915719837e+00
1.588435501748542311e+00
