-1.275504367116424009e-01
6.579596037042056977e-01
3.776487089443303358e-01
-3.674098846804685348e-01
3.400705169853056598e-01
-5.115749843980014200e-01
-3.937272946692694231e-01
7.392322471079851853e-01
7.360748719732943535e-01
1.460883819205046841e+00
-2.898366490520581373e-01
-6.435178153373447563e-01
7.119342082448951725e-01
-1.002648228562746491e+00
-2.624743369052645603e-01
-4.668901922269217408e-01
-1.783175646567140005e-01
-6.796132686899970521e-01
-7.587364364397020111e-02
-3.864453209193777772e-01
9.543197862510279794e-01
5.264191374143634139e-02
-3.092600262362095176e-01
8.510029698712527901e-01
-2.919809927031837837e-01
2.045436265569881285e-01
-6.471647147975416736e-01
4.296798613632206720e-01
7.472371863795939095e-01
2.487323216027072792e-01
1.179528282379806559e+00
1.920711332577620389e+00
7.673944101338834312e-01
-1.280364809616156174e+00
-6.206968347601544700e-01
-1.618552658924969634e-01
3.650311816167483014e-01
4.356550944782283663e-02
1.089326391658831827e+00
-4.437192875752389298e-01
-6.854216310766536591e-01
-1.495768043103389955e+00
9.442912449848933631e-01
-9.570822509276684098e-01
-2.508044300667133797e-01
3.521340758130134807e-01
1.072884431962646268e-01
1.139276516621811064e+00
-2.339808770752782041e-01
-2.230262821405901708e-01
4.204590992189174425e-01
1.050366018494082176e+00
8.293570934589772348e-01
5.340929172264163860e-01
4.434720948640770155e-01
-3.444540624410423191e-01
-6.715641380830397744e-02
-1.030116190856349423e+00
-1.651955790525663215e-01
-1.154231087525218857e+00
-7.871857133701424258e-01
-6.758631179562868407e-01
2.392374138770438918e-01
-1.214741999872038791e-01
9.075953863413047662e-01
-1.039499239634768535e-01
-4.229335164052150930e-01
-3.156242230908398172e-01
6.394013488433711312e-02
3.848038702989555748e-01
-1.052926838729556724e+00
8.375983637688753092e-01
5.556716117308598823e-01
7.092481558434680089e-01
-1.431704996762066529e-01
-3.583622844002015695e-03
-2.919619414234452259e-01
5.108619004044090417e-02
-5.293855252571694203e-01
7.027565113747926695e-01
-4.772861704185755727e-01
3.616991178975001442e-01
9.621518718150277039e-01
-4.894032571414455579e-02
-6.540170522081010240e-01
-1.160616305836024598e+00
5.891305986883633716e-01
-6.807049463463776817e-01
-2.264668298391565582e-01
7.249681545250397097e-01
-5.177009367940164086e-01
-1.243357739011774488e-01
-5.485216447866769762e-01
-1.571301652184065867e-01
-6.977741206426875120e-01
9.300160899262699399e-01
-5.365393599137490144e-01
-4.647793856889438358e-01
-7.830218609211719860e-01
5.992991011071782115e-01
3.478740318800555009e-02
-7.292272613332037023e-01
7.965126180755377483e-01
9.446106643134281056e-01
7.630093989174938640e-01
-1.136954266630789689e-01
-5.890547060150603809e-01
2.556607848891122026e-01
1.500098908000579101e+00
-1.849561367491129871e-01
-3.636040394047426183e-01
-4.076648196911234479e-01
-9.493920783962670473e-01
3.088910906690991998e-01
-7.146487326819284114e-01
-9.688001452348760090e-01
-2.121420256341744470e-01
-1.826530378361476137e-01
-4.295329337768293287e-01
-8.067576014344883806e-01
-8.332650323661749958e-01
1.048530724670804659e+00
-5.927700064121981249e-01
6.111148310244096660e-01
-8.422201461273071121e-01
3.223298719457892703e-02
8.428630229383409223e-01
-4.740180928809057948e-01
-3.085488988170811409e-01
-9.871555594735597072e-01
-7.216024032588344017e-01
1.840448054840220504e-01
-7.858738391800480505e-01
6.257780759295833439e-01
-8.415429400438334540e-01
-9.521254573623667561e-01
5.302974019734654210e-01
6.511219574879734129e-01
4.124332686124385638e-01
5.547800627369248172e-01
-2.271062096926584895e-02
4.617679085135438233e-01
-7.634714727872254914e-02
-4.985964262993655138e-01
-2.832277004105102636e-01
1.231206286875572653e+00
2.807022464477398893e-01
-1.011038351874951724e+00
9.056250138881376532e-01
9.780396174674418353e-01
2.087224748841026711e-02
8.532745448125014232e-01
4.765137645809045530e-01
6.875663971032052180e-01
9.260528198651979404e-01
1.696666327352990555e-01
9.058392279744904574e-01
5.318107114021688453e-01
-8.359655991725969404e-01
-5.076792710677578979e-01
4.045063329853305079e-01
-7.907620419091883068e-01
3.991861279355268244e-01
-9.941396826331327929e-01
6.164621085244146315e-01
-6.589534701657756566e-02
-1.867068767217412717e-01
1.367757181009900680e-01
-6.178411835974093602e-01
5.665174475945817800e-01
6.594846155966327395e-01
6.982377503154457710e-02
3.675120240858583132e-01
-2.165558701322989887e-01
1.808938595546431549e-01
7.964145801177155981e-01
1.014961998877953464e-01
6.333510646165400049e-01
-3.209105587823558592e-01
3.173365642525479702e-01
1.703474882919589484e-01
2.929058919897165603e-01
-6.299941918575190369e-01
-1.759249238141840643e-01
-1.016559392836318687e-01
2.225952355712889630e-01
8.815768316212418965e-01
2.029406015474780056e-01
-4.832535257003944817e-01
1.103790344941359525e+00
1.677814124789261396e-01
-1.309880237186372476e+00
-1.189206315157259164e+00
4.264093818445819362e-01
1.039314523949465441e+00
-7.549384872227216103e-01
2.988382266097363571e-01
-1.413560308543461153e-01
-8.611286166707450285e-01
-7.006467232011082125e-02
-2.492823433783708520e-01
6.479643227668865357e-01
3.883891491487652115e-01
6.225506933152344935e-01
-8.910499956946207334e-01
-3.889361398899887079e-01
-6.718657523523217101e-01
4.055822982878105609e-01
4.174669131246401266e-01
-5.629058563333877441e-01
-2.699202944746877941e-01
-4.110598729293385989e-01
1.207334036332862737e-01
1.242425418095000067e+00
7.176340950530667451e-01
-3.725411570156392238e-01
-3.280201792507987379e-01
9.911036001807158047e-02
-9.153181218004672326e-01
4.036860716022089846e-01
-8.742471799528973575e-01
-6.011309864290741434e-01
-1.446807562899328770e-01
-1.396770785258571734e-01
-1.528801792302851181e+00
-3.155787118163395633e-01
5.795120113704999021e-01
1.566844107816886544e-01
9.340789572913290595e-01
-4.128182662333856889e-01
-3.155258191510487142e-01
-4.031534293177658768e-01
1.112910509365431011e+00
6.668383892585089123e-01
-1.280592923689330087e+00
6.156911787484993237e-01
-9.138239337913327542e-01
-4.487492442030286410e-01
6.715691644610368716e-01
1.005058525951781023e+00
3.268781920450725686e-01
-9.895663279442155069e-01
-4.836900453051418691e-01
-2.955788350429259803e-01
-8.185655449167705822e-01
1.867864869277537476e+00
-1.278164166141217084e+00
9.467484282497100612e-01
1.081677515313437254e+00
1.122926135189647567e+00
-2.939561154846788704e-01
8.219082942084697807e-01
6.909500665911219031e-01
2.337907905209808124e-01
5.175897288885131786e-01
-1.342684757028365650e-01
4.704416097107011474e-02
6.837126349162948591e-01
-9.664263107771023931e-01
-3.705832466041904527e-01
-5.635854273746221388e-01
-5.320960584250102876e-01
9.996630966038184685e-01
-3.248647776852931490e-01
1.051882136895700759e+00
