-6.338590480721223441e-01
1.183734542329421213e+00
-9.565336743776468031e-01
-1.078809074734065510e+00
-2.281386175852081477e-01
-9.940745158340742460e-01
3.988420213337185993e-01
1.774595742034252410e+00
3.607504877503011631e-01
4.336695372188111297e-01
7.153468751205502851e-01
4.875242737037454033e-01
3.867235262095249926e-01
-4.420363962073454722e-01
-8.625621947233205189e-01
6.907586575271422724e-01
-1.700058396389254822e+00
7.521100159959590581e-01
1.237207547766499438e+00
-3.476406764259999393e-01
1.344269687947331260e+00
3.350927179759167207e-01
-1.488997301328209844e+00
-1.055976205703651916e+00
-1.189191277914932288e+00
-7.550525343068021922e-01
-1.187137373579881583e+00
4.716616861213465683e-01
2.251507553975909737e+00
-2.742802776709802881e-01
-8.958562771500747091e-02
-2.160454830714665153e+00
8.579945081756861214e-01
5.574004787418311846e-01
-3.175894371170340236e-01
1.255322048759929032e+00
-1.361208611505133170e+00
-2.040939331933264156e-01
4.011186845636054432e-01
-9.843631304093775070e-01
-4.318961624766914364e-01
-1.116028937493746875e+00
1.018832652677244877e+00
1.051982376277184716e+00
-2.616330264565206454e-01
1.172202397076398395e+00
-6.886356584435682215e-02
-9.894640589484136051e-01
-2.142011845144569548e+00
-7.836734984191351394e-03
1.005445641544433055e+00
1.871867137347852594e+00
6.083550302141627064e-02
-6.828077175415188105e-01
9.304780030245439759e-01
1.506979963157266122e-01
-1.340387621371927351e-01
2.594761468761054291e-01
2.236895061193345247e-01
-3.447837471105547058e-02
-8.171445485062767133e-01
-8.933691578418052615e-01
3.085589259319020394e-01
1.642888426525400458e+00
9.765240109189695650e-01
1.825417875102916643e+00
2.243636917938372832e+00
9.216206636892820825e-03
-4.509547978763116527e-01
-1.116335433655244458e-01
-2.462954302725128830e-02
1.815928720295297283e-01
-2.518822186788958639e+00
-1.217760871685277690e+00
-1.305614945911905078e+00
1.844981928082626732e+00
4.723444479078073299e-01
-9.584512984549720116e-02
-3.336169188938964414e-01
-2.635819348037304333e-01
5.461880155794409664e-01
8.304043111877597028e-01
4.563737227172721123e-01
1.494472244803140448e+00
1.885622110950911701e+00
5.932624595204164519e-01
9.945866050550240534e-01
2.208621124484426712e-01
1.195338976330206693e+00
-9.161351455284587608e-01
-7.449788257764987653e-01
9.912412451569627692e-01
-7.762678750547913342e-02
1.191587505828310412e-01
-2.752075517794840831e-01
4.025296930573620813e-01
1.920442924887157954e+00
1.120793869679115318e-01
-5.454491469569957562e-01
1.919279612142750002e+00
2.147281383309125768e+00
-1.208891096207563298e-01
-8.590083808326723913e-01
5.110788074757792732e-01
-1.431786703320861998e-01
3.750197302233486130e-01
-1.041774117267907140e+00
-9.149547333877989796e-01
1.623772007350147817e+00
1.403409969944985125e+00
4.350256194773329810e-01
1.218829031822574516e+00
-1.085848182069057088e+00
-9.396135880225731096e-02
1.497633212205445208e+00
-1.358438701398845261e+00
-2.840517013840870852e-02
-6.659961647631479353e-02
-8.374578129531580206e-01
-7.332646254526076213e-01
1.624355356229531200e+00
-9.829630383542871108e-01
1.834073766374183512e-02
-1.611552516383718547e+00
1.046555364100615559e+00
9.664209973640649487e-01
2.261134914787285566e-01
-2.175195106827653713e-01
7.580014355932724879e-01
6.071570633923409899e-01
-1.845300945799877024e-02
-1.345945095327829577e-01
-1.917372076308640150e+00
-3.057151119623951807e+00
2.583695570797668761e+00
1.627656364478205497e-01
9.690397698893169487e-01
2.091528840280869050e-01
1.046067694317298402e+00
2.305668692373327389e+00
-1.381779138278003582e+00
6.543058835029893494e-01
8.015582193726572546e-01
1.035861067600006180e+00
-2.633706226964054320e-01
-5.623281648117366416e-01
6.407902546902276564e-01
2.694299804091586648e+00
2.603145015715556121e-01
1.307650105833017662e+00
-2.293825012012609132e-01
1.799434561239176666e+00
1.857334978678530257e+00
1.373778316383826414e+00
1.731581470703527970e+00
-1.325731832815385536e+00
1.326215803824468686e+00
-2.173941942669940786e-01
1.324247051431531430e+00
-6.242086102460755459e-01
-4.103194586135601729e-01
-1.438757093560954159e+00
1.327832373394170762e-01
-1.929005003044551025e-01
-1.153602079714270534e+00
6.688768638017521528e-01
6.935399641502182355e-01
3.545205050220071041e-01
1.390520438837975936e+00
-7.538633364528875003e-01
-1.523265195242970105e+00
-7.956381855255723057e-01
5.493812822551552566e-02
-4.851429275689636555e-01
-7.767167398084640073e-01
9.916136183108911761e-02
3.863829913788228709e-01
1.064656769635699551e-01
5.955894646839690054e-01
-1.267388729140627834e+00
2.982206966952399840e-01
5.942892228455640691e-01
2.758644313917790192e-01
7.624591422475555103e-01
3.272717487988635821e+00
1.770393722942976145e-01
2.324785956457481539e+00
1.754083413573144012e+00
5.806945475362618181e-02
3.918288738646764080e-01
5.703186972954258360e-01
-1.420874939992605057e+00
1.268550207589074885e+00
1.367248228078958849e+00
-2.076260580588570048e-01
4.919973223419113473e-01
1.884774018800971618e+00
-7.002441668620215665e-02
-2.308344728835158566e-01
1.066651134883911389e-03
7.633507921519167017e-01
-3.419993097124199855e-01
5.127362702172401088e-01
-1.952050178514835865e-02
1.178494107259524082e+00
-4.805374875795251355e-01
9.367892757650567725e-01
2.691959801641733208e+00
-1.350914989490747509e+00
8.205817284049699012e-01
-7.868363506374458360e-01
-7.389969424339940529e-01
1.323728030325552307e+00
8.282343146851114390e-01
2.408052843696594225e-01
1.165064446171071966e+00
-8.865647135284244751e-01
-8.181801845255056715e-01
-8.478288334292237716e-01
-1.965983668666005268e+00
7.667923851876097263e-01
2.932849572870663279e-01
6.296238458808343097e-01
-8.357437862096921410e-01
-2.366463954908962108e+00
-9.931095565884811016e-01
-7.789038725236179239e-01
9.165674450578309429e-01
1.828711818442560588e+00
1.041978925586818372e+00
-1.961961892995789825e+00
-7.954456166315083676e-01
9.419493410583890114e-01
1.523739398068957973e+00
9.550737170160039646e-01
-6.203325134141179920e-01
-9.463969291019402874e-01
-1.033241996871089086e+00
-6.325101336712837252e-01
-8.797123225699517990e-01
-6.790216346964617067e-02
-6.155349344973228831e-01
1.356699975248678580e+00
9.684998804747297907e-01
4.362856421130129614e-01
1.555537354801383998e+00
-3.633956380508225892e-01
4.872287503024425037e-02
1.741529530003286252e+00
1.538982184454718016e-02
-5.959639494389380454e-01
-7.796785025005051883e-01
4.199186599781383200e-01
2.031141775872241650e-01
3.121879872034878378e-01
-1.657177004017448052e+00
-6.054022380337893416e-01
3.986051597980926897e-01
9.212485534784065067e-02
1.711432312301777392e+00
-1.186043935357659063e+00
-4.339735881135901585e-01
4.377062137347472737e-01
1.946907477234635087e+00
5.395003928822994510e-01
