3.833272051353954768e-01
-8.074229896718794208e-01
4.330303235467045098e-01
-4.286677794389552876e-01
6.315868539487901057e-03
6.267956472371774002e-01
-4.906513049557295059e-01
1.709049009443705858e+00
-3.828079057994500101e-01
4.763717527060015167e-01
-5.001936724019395708e-01
6.338213372908787502e-01
-6.531128341716168073e-01
-6.789516659522198960e-02
1.440670998489176569e+00
9.378171073278540604e-01
-1.892420789510448897e-01
-2.316886325935437196e-01
4.659950730703796284e-01
-5.015590792221684691e-01
4.184791523281257697e-01
-9.838011877610808309e-01
3.150404955936423335e-01
3.490892198098114463e-01
-6.092851033522054260e-01
9.878551683245460069e-01
4.413950629521510294e-01
-5.726963925611738837e-01
-6.044593508950504290e-01
-2.834984063688511524e-01
-3.518774009732736907e-01
-5.672877240746062588e-01
-5.627510150854042603e-01
-1.381761646804630095e+00
7.346639549368911837e-01
-5.159644858224685660e-01
-1.011052293866235852e-01
7.888548522877356639e-01
2.509913800524605776e-01
1.238959922781721623e-01
-8.427868380059103659e-01
-6.579024992312503262e-01
-7.445486907528304776e-01
6.510421724105746044e-01
-9.171908295143879619e-02
1.749147744554009343e-01
-1.596441115729796856e+00
4.780497590621322068e-01
2.086318610063184753e+00
2.155159502843825292e-01
1.166695903547521285e+00
-6.154534530050042029e-01
6.637679905697945193e-01
6.132654563364736688e-01
-6.394832484665222694e-01
3.275960511151022603e-01
1.180428644784198955e+00
3.183113220540996213e-01
-8.300421889625679839e-01
1.027199567509964773e+00
5.269718833575609551e-02
4.026196279452362581e-01
-1.172292252219687025e+00
2.867244167167710689e-01
-3.771704341324719212e-02
-2.061672286906288398e-01
1.227832741940814376e+00
2.174800878553316830e-01
1.271434483476931332e+00
-6.935712692149395009e-01
-4.056836327180044499e-01
1.358808169510455910e-01
-6.292657692183545315e-01
3.638463804504332155e-01
-5.133928297339984681e-01
6.725250240426736692e-01
-1.013873029978506368e+00
1.162830524220660466e+00
-6.584017733127094374e-01
1.639835868522321327e+00
-7.003071253819403985e-01
1.664870577735734769e-01
2.887096671952820159e-01
-3.039054057958058830e-01
2.613628174710967977e-01
6.018779251781378736e-01
3.455655841738370926e-01
3.288307306238098526e-01
7.091409707508378180e-03
-7.355359793622490150e-01
1.571909955188955710e+00
-8.441135376601673901e-01
-5.718306207116361506e-01
1.944147391035777828e+00
-1.224575472161713030e+00
-5.474593494378190428e-01
-4.679694933992432082e-01
1.630119479169934715e+00
-5.316254707666839829e-01
9.312551570185094718e-01
-1.112058625773170606e+00
4.305043523955462414e-01
2.628466726429060096e-01
1.658681278665993686e+00
-9.603262441336420929e-01
-1.261061763658392509e+00
-6.385989894477831497e-01
2.355163740282286144e-01
4.224484655072134887e-01
8.504262797774448934e-01
-1.274804895933190574e+00
-4.803083872577699753e-01
-4.845746633817978877e-01
1.487116209716984883e-01
-6.795950273810394959e-01
1.017801008678870245e+00
5.675947980071021082e-01
1.053562910093052363e+00
-8.946027429468975667e-01
9.482962801053507196e-02
-1.306010430124156518e-01
1.930047092574860512e+00
-5.711082904603299593e-01
3.536487613166580113e-01
9.814454325985277894e-01
4.315123827854049354e-01
8.546950421673320530e-01
2.765839765567123631e+00
7.922719935141226966e-01
2.223609408037827695e-01
-1.104718584829795347e+00
1.082652511193001654e+00
-5.116124763056031366e-01
1.172019654899565388e-01
-2.295667494696831401e-01
1.666546926711588439e-01
-9.758910451877944592e-02
-6.553248371233240110e-01
6.947500312969030478e-01
3.296877227759323903e-01
-7.303206737522105474e-01
9.125038355414055724e-01
-7.643378563193330422e-01
6.483337494798873113e-01
7.363031132730165629e-01
6.347876762978044152e-01
3.313236394865838319e-01
-9.311014586342197807e-02
-7.647000099047648325e-01
-5.661135298575536989e-01
-3.658154595346418958e-02
2.908158467586150486e-01
-7.629917594590551744e-01
-9.712132567355250545e-01
3.481130928843254035e-01
-1.020482644030076269e-01
7.714613509077936637e-01
4.432042016268218365e-01
-8.763425911533520019e-01
1.314747703177849836e+00
4.371412479064601397e-02
-1.959526790648125072e-02
8.203257635247078738e-01
-1.132363046168080922e+00
-8.723972327623621403e-01
4.674049480102893117e-01
-4.648770528520148049e-01
-3.217230665342976081e-01
4.838348362508268496e-01
-3.780803842401395110e-01
4.892699242366749246e-01
1.674379672450079792e-01
5.949042897464755786e-01
-5.005034999422067754e-01
4.877327669719128678e-01
1.220887932859708203e+00
3.989731595451079804e-01
-3.518815730289543420e-01
-6.170078646513796894e-01
4.262015354933775257e-01
-5.728832750446526401e-01
-4.758936020941679224e-01
-1.580787200652863378e-01
6.249478024932026976e-01
-9.245930365613410640e-01
-2.342776834977198797e-01
4.469382830873220858e-01
4.628199730625423003e-01
-3.385404728718604539e-01
-2.095454932920888247e-01
1.729993398455879627e-01
-1.002340868847105382e+00
-4.172677240921246478e-01
1.182720669440673777e+00
-1.065180171199331394e-03
7.292861022416111672e-01
1.053594705522570951e+00
-3.268404105433765361e-01
2.285624701875513809e-01
2.818693718530002057e-01
2.044525306627193451e-01
-3.731008761252570527e-01
-1.013805881073472248e+00
-1.037338972613331300e+00
-1.006505222324247661e+00
6.032426611481398471e-01
5.424804798724810473e-01
-6.693415529118387775e-02
-7.210090340373076501e-02
-9.324262484618955904e-02
-7.908834137449283208e-01
-1.547692826386820375e+00
1.322255352691940278e+00
6.812169326245396395e-01
2.068844524948681984e-01
5.061739793968929035e-01
-1.059486277155712086e+00
2.393162234024008295e-01
3.602442986305363082e-01
-2.780941050577257490e-01
8.134349364388103742e-01
5.768584948570837367e-02
-3.954413114692686415e-01
2.373583822884045569e-02
4.579831944079498784e-02
-4.669821619526928758e-01
2.595127981431170072e-01
-1.056331725196607341e+00
-4.755611269277206787e-01
1.429180372110164132e+00
-8.928109610188811329e-02
6.493227361701879863e-01
7.083535735632872088e-01
-2.027093425799594839e-01
8.275536801064131698e-03
-4.671348621169563176e-02
-5.276549093974753912e-01
7.907313120492914793e-02
-3.108717634024253940e-01
-4.953488465550835718e-02
-1.011690148845744375e+00
-1.169933492616724302e-01
1.510791545042781792e+00
8.105805305123862103e-01
2.632835930313641160e-01
9.045169733064490902e-01
-5.046718133232449555e-01
9.898259098517786514e-02
1.175773206608466737e+00
-1.165769398547217839e-01
-1.603816010991175656e+00
1.189980191528700271e+00
-3.955173979771692272e-02
4.682247007726105803e-01
-1.412572721850813506e+00
-3.678917382248911849e-01
5.706241729442496080e-01
-3.015958739432977875e-02
9.457794873203768660e-01
1.341425151677615890e+00
-1.352936003643445129e-01
6.510026325552692450e-02
-1.131861606483831384e+00
4.306140655440779952e-01
5.095180660371388948e-01
