-8.729132693634510387e-01
-2.805003576341877358e-01
-2.813489457845411712e-01
-1.228491698244243424e-01
-5.965924144897465364e-01
-4.932346693749213307e-01
-4.088887906531487038e-01
-9.855674334046808927e-01
-1.092498744555034373e-01
1.014081519257589603e+00
5.510164939181529942e-01
9.701416793137800365e-01
-9.510279845645293051e-01
-1.567744946292257691e+00
-8.130934368525327693e-01
3.262371152271513752e-01
-5.656848821084221601e-01
5.387499964418019927e-01
-5.618496524274477766e-01
-1.404186571871953726e+00
1.084373938255707159e-01
1.978649546518596591e-01
-2.109972978248599862e+00
-4.060116450130430432e-01
-1.131316082006338153e+00
2.955493570375602452e-01
-6.703551031508186986e-02
7.001351887395927953e-01
-1.089034456367492743e+00
-6.366488924661932725e-01
-6.367292060255249631e-01
3.369591031737311226e-01
6.130478517680347794e-01
-7.071330348093853857e-01
1.131458787646513198e+00
-2.161324424541952172e-01
-1.204028864974672763e-01
-1.064426203144315686e+00
8.934383218821799755e-01
1.306556060247077711e-01
-5.973103780669286600e-04
-3.007597109511774836e-01
8.324702230235634381e-01
-1.829867787930132828e-01
1.014174979278958943e+00
4.775408277958873016e-01
1.196681353342916365e+00
-4.350110791540040545e-01
-1.196172798451584862e+00
1.186609854782680662e+00
7.380636783243320620e-01
3.575745038395470310e-01
1.389261352286431661e+00
-9.395113851719242293e-01
8.359378304836133644e-01
7.569898848452623064e-01
4.145347340844212081e-01
-7.602207550145749781e-01
-1.017855324724736388e+00
3.294276741396900965e-01
9.179849708516684137e-01
-1.984293357238494648e-01
5.008716428322175229e-01
1.474907423718582855e+00
4.840068879272811930e-01
1.393370809449934633e+00
-3.323196222736132799e-02
8.437131375888310414e-01
-9.564748191857452841e-01
-4.363593180345106681e-01
7.813079307381574079e-01
3.038781843995854159e-01
7.134362730037450140e-01
7.961905128592350334e-03
1.545314896648228298e-02
2.585660239152963169e-01
-7.247169125045260785e-01
-7.065479749868743831e-01
9.194017744496236766e-01
9.264039670747581390e-02
-7.833378455985795519e-01
2.954617811090373136e-01
7.328134690767664772e-01
4.512451701923725911e-01
-4.485271027406348976e-01
3.634567244328896773e-01
-3.762587791584093289e-01
-9.995829685398087694e-01
-6.599040964083172089e-02
5.310189871619458435e-01
1.281787228194693484e-01
2.593963841667841219e-01
4.424363073169186311e-01
-3.661624055823580193e-01
-4.279886249864075509e-01
2.145002966792952659e-02
-8.760580549223750957e-01
-8.354531020513245032e-01
1.524877173086572335e-01
1.057272776711267293e+00
1.461488809108528186e-01
2.831501461589265300e-01
-8.596177077899508356e-01
3.365757097623194305e-01
-3.317213525032611798e-01
-6.340903755828137811e-01
4.445387213866753284e-01
3.358775947073870949e-01
-2.836955209551755286e-01
-9.968089565400990448e-01
-5.055760754143791003e-01
4.028219326879714512e-01
1.104503348989122613e-01
-7.630830106103425603e-01
-6.365670237289980937e-01
-1.159140105003573895e+00
1.169754373086454136e+00
1.027148744653681778e+00
1.201981219467336715e+00
-2.957221663422939240e-01
-8.147876392533857093e-01
7.531739113372176719e-01
-3.970421782575720426e-01
6.779651155351058556e-01
-4.715232521367723195e-01
7.964852948702523250e-01
9.051262037978687058e-02
-4.814072972084053048e-01
7.371792882249134093e-01
4.846132573957515621e-01
-7.094852414534758012e-01
3.968066037927177048e-01
7.228287552020660200e-01
5.691043633140857594e-01
8.431848586204305773e-01
-6.323178950224317418e-02
-1.291242447892347212e+00
7.549440613536855249e-01
2.395626885299195763e-01
1.077748960314794058e+00
-7.888534625774843434e-01
2.578352460835193760e-01
2.762431965167623793e-01
9.068419973259547184e-01
5.300093416089993736e-01
6.860464781593314521e-02
2.003996459781149930e-01
4.088250445092461716e-02
9.554431983074431756e-01
-9.791969315500028692e-01
-7.156706534116631380e-01
6.487246796637575752e-01
8.537307759038281763e-02
7.541186918316272747e-02
-3.946634307239169637e-01
1.100431149339445636e+00
-8.544646221067966341e-01
-6.511648046942748458e-01
4.993777296686314759e-01
-1.337474590078600922e+00
-3.470862710795749040e-01
5.826314627650300837e-01
3.105881765027741492e-01
2.603636471615378145e-01
-4.617785860322390912e-01
-3.689657251711639385e-01
-3.114451201296644656e-01
-1.213022446373970498e+00
7.499447282812434779e-01
-4.388260850488457931e-01
-4.473708317128011203e-02
8.749654127868320419e-01
-7.915553386031549676e-01
-1.010395946858618554e+00
1.029588508733796148e+00
-7.474667728028582259e-01
5.980234605463172759e-01
-1.718489385793691149e-01
-4.475167450337823594e-01
8.573188469292600811e-01
-8.465071142660487435e-01
1.563024618562085244e-01
-5.613993026477284154e-01
-2.494725357742718641e-01
9.576875019446321469e-01
-8.671270564706293760e-01
-6.398791390196145734e-01
-1.245778299353723639e-01
-1.186634086797878407e+00
7.093310445482762239e-01
4.296102960359871048e-03
1.134640889073703640e-01
-8.450728052150084935e-01
-7.703793149904385462e-01
2.130742480737243261e-01
1.247766498682568947e+00
5.404862830641005145e-02
1.044279626492183422e+00
-3.001405591971462727e-01
-1.733786178019530166e-01
-5.390432306542394247e-01
-2.037685810143738951e-01
-3.223732894581844977e-01
1.024185868133129063e+00
-2.672746082846321758e-01
-6.805570691612499168e-01
-9.899863288131938166e-01
-8.843063997034548152e-01
-4.023546003857554343e-01
1.810865128496539911e-01
-1.331895326079221675e+00
-4.071871063911767230e-01
4.362820070207401590e-01
-9.100817835158812041e-01
2.438608437876970125e-01
3.942220518481904801e-01
-1.602647588451248772e+00
9.999309485026186550e-01
1.790504436532997512e-01
7.363756902297082796e-01
-8.397304536237792938e-01
7.037362672505800276e-01
-5.533302718570103362e-01
-1.930372482469018269e-01
8.004092868946204309e-01
-2.736603066820298968e-01
-7.722497775941876696e-01
9.629236803828595814e-01
-5.058586771457673770e-01
-7.431907147402104785e-01
5.214082897754788171e-01
4.965518470351472646e-01
2.203302836348690619e-01
9.496885411712456815e-01
-9.708974792815430743e-02
-4.803692845936589073e-01
-6.076904808844905137e-01
3.591669918889859869e-01
9.088457149333566409e-01
-1.973514707848025296e-01
-5.514570106305138886e-01
5.692399809885129169e-01
1.083652206805445772e-01
4.931602772395561884e-01
8.978720533854204211e-01
-2.734512204698512083e-01
-1.076554390851561238e-01
-2.342317938057308924e-02
-1.122216591506703387e-01
9.246062968912240887e-01
-3.294584044268424883e-01
-9.488786396316326588e-01
8.393764937346365196e-02
-9.354100627710684179e-01
-8.085618251130020084e-01
-4.620427774472538607e-01
-8.096257813867817621e-01
-2.112874688012584268e-01
2.850794236879299892e-01
-5.997446869930775915e-01
-6.011416066996755347e-01
3.330757581527412636e-01
8.258384814274404295e-01
9.401170360666541992e-01
3.621242863806463097e-01
