-4.670631600218933532e-01
1.205786560988673761e+00
2.555292756917806885e-03
-3.151980722487599529e-01
-7.512281137847939272e-01
-9.873458072446728018e-02
-9.569019961618652204e-01
5.555592171639002208e-01
-1.197739897097228834e+00
4.336519324844494427e-01
1.003868948852059795e+00
-3.666707495009444706e-01
-1.158604488490679651e+00
1.209153610626671149e+00
8.823718111988014812e-01
-4.737613923076039457e-02
1.047919482399201740e+00
6.632875964611516517e-01
-6.228717725955511542e-01
7.346141597349064023e-01
3.427527338938383128e-01
-5.915431849519133811e-01
2.025370110687995662e-01
6.215938941424435926e-01
-1.288312080937640047e+00
1.535658665966452285e-01
-6.508201717469771497e-01
-7.431716361448139629e-01
-1.867095330938405295e-01
-4.555679777545318387e-01
2.364069738683163002e-01
2.389562046709200471e-01
4.439403655549066796e-01
-5.335156348903347112e-01
-1.550990208835399953e-01
4.238967004433422670e-01
2.688592447870241653e-01
-3.718226913631164643e-02
7.078238980067047548e-01
-1.917764710527420369e-01
-1.619731473807226374e+00
-2.728188293259802277e-01
-8.662791210403053555e-02
-8.198833251087696006e-01
-5.747314121145963295e-01
-2.517273757628285535e-02
3.666271826127142641e-01
-3.584487952731481020e-01
-3.885116954296907177e-01
5.245647735237954912e-01
-1.545625224492114480e+00
-5.513522239403900738e-01
8.164536000187392339e-01
4.575655178998987993e-01
-9.898034968114288734e-01
-9.862012344243420436e-02
-7.502744037897397522e-01
-1.022049787707169477e+00
1.156119289729815147e+00
3.297519353577146317e-01
1.159011042914877554e-01
-4.574800080786396994e-01
1.044647676814224546e+00
-3.950223679072981109e-03
5.085448281319604469e-01
9.773651573748831645e-01
7.494679320671394640e-01
-2.676383548941676516e-01
1.272700578271581895e+00
7.796554596236494605e-01
3.166576712419154616e-01
-1.203491668650303437e+00
-7.764305124810599867e-01
2.239637513991108719e-01
-2.276787612802753658e-01
-1.530706288925420155e+00
-2.889208825834022054e-01
6.101920841832995102e-01
4.326019789168089602e-01
-3.435115297064033069e-01
7.301880587107939524e-01
2.555233565911979032e-01
1.414251646770340543e+00
1.240742064602016193e+00
1.996810103996236041e-01
-6.084123806672234736e-01
-9.806923194457942694e-01
2.007144937960266273e-01
-1.510839775012095543e-01
6.094157472372134787e-01
-3.542956694562209297e-01
-6.535091863427905379e-01
7.237024681824757444e-01
-5.017175672637899653e-02
-4.398712881742616876e-01
-2.158788294952095621e-01
-2.987927241027363845e-01
-8.435290402573679680e-01
9.347039025559081837e-01
7.453617232804793380e-02
-3.142660582313133721e-01
5.988596574999185407e-01
3.543928415274454347e-01
-2.874815278221979353e-01
1.103923168739576743e-01
-2.116230833012056611e-01
-2.698368392587434106e-01
-2.188939418023971850e-01
-6.352337019556839603e-01
-4.151630427415119451e-01
-4.563995612639166755e-01
8.701217850114698615e-01
-7.728432748085133364e-01
8.936672325518986160e-01
-3.239805945082245564e-02
-3.824034265667712873e-01
5.761683249915122706e-01
-6.245746843279915694e-01
-1.336296617670189590e-01
-6.299880123725554171e-01
-8.537395211809309381e-02
-2.957951156691228656e-01
1.025333587360982790e+00
6.407028194979783597e-01
6.421850066489944719e-01
1.222860765255754822e+00
4.857795861190619680e-02
-9.036602842710722561e-01
8.176411614769283354e-01
-1.099103520045038862e-01
-1.892315785409017515e-01
5.772803749708115273e-01
5.576804000427101893e-02
-3.151724116829258682e-01
-5.705548865460963182e-01
-1.009767253571675738e+00
1.162280416139913064e-01
2.811436023606447843e-01
-4.868779587113216123e-01
-4.647879199176722653e-01
-6.421275466426786815e-01
-5.433069391835521067e-01
1.666118349234087415e+00
-1.111471237936787204e-01
9.069132944768740767e-01
-9.632174249705949265e-01
-1.623842784721079291e-01
-4.407793772887587114e-01
5.150621833407088568e-01
7.689585930509078571e-01
7.187745806597946041e-01
-8.290551561654727619e-01
-7.037484626670384991e-01
-1.026011036433558621e+00
-7.170251202880352226e-01
-5.682604258430954403e-01
-9.177442046936906683e-01
-9.584910053807675911e-01
2.554581796828760965e-01
-2.586347595059727555e-01
4.112668737188933665e-01
3.688014327856212193e-01
-8.484450072930689313e-01
1.180408640869951453e+00
6.190103853150563662e-01
6.286852666385058797e-01
-4.801387068002263003e-01
-8.878380169212379824e-01
8.678039502524841353e-01
-4.993391128701398785e-01
-5.560078863120827553e-01
-3.320432164700617417e-01
1.090478446397864509e+00
4.529975730724529748e-01
-1.314795807875440148e-01
6.525726789624950452e-01
-9.294044246179195001e-01
6.386544026159207688e-02
2.356833468158905931e-01
-3.471728570412280224e-01
9.234400990424873612e-02
-8.144862235487062563e-01
1.200951730345886759e+00
5.775430004469317424e-01
-9.330126611613104304e-01
-2.563722566651941426e-01
2.598294339645459972e-02
4.193873923395846637e-03
6.809424561833179457e-01
7.070506143080179662e-01
3.887571202855024666e-01
-3.274802409812382908e-01
1.585512379069322630e-01
7.893885259117880970e-01
-8.078935989298206000e-01
4.959251531447712580e-01
-3.701609586138713270e-01
-3.722366723553270917e-01
1.486467412577910929e-01
-8.175368532128794996e-01
1.192090867723047953e+00
3.985458930629869334e-01
9.250529572243763043e-01
5.619749388826552616e-01
1.931036250168277069e-01
5.104899099519287775e-01
-3.228130603239627305e-01
-8.608790152964710396e-01
6.759685801304046171e-01
4.662495105270060280e-01
1.537250348830900282e-01
3.518909689994579315e-01
1.301250791601276768e+00
4.471114997630483701e-01
3.704947572127546551e-01
-2.261264455366415460e-01
-4.800812204653607806e-01
-5.756631528199123160e-01
-4.286446769951829383e-02
1.235500373438022326e+00
2.115700456724759204e-01
-6.699958192398416945e-02
2.698129895387568755e-02
-6.603951981414654115e-01
7.247728548963805473e-01
-1.433526453486895502e-01
-2.314813876969169237e-01
7.165051950744765197e-01
3.798525552308120723e-01
-8.342078934533869727e-01
-8.061208512621368394e-01
-1.050490381140974039e+00
1.459232818106497076e+00
-9.724353542335051337e-01
-4.642812225566904649e-01
6.124987664349393901e-01
1.074696620455656060e+00
3.286801585391223579e-01
-2.587835827796127752e-01
5.329363098158683698e-01
-2.958115490936892855e-01
-7.929415604787382055e-01
-9.199134562726660747e-01
4.882930374896850001e-01
9.786188570209839455e-01
-1.688145437852589803e-01
-8.783836349092159768e-02
-7.333255357681586761e-02
-5.218333146146023616e-01
-8.630362395830548650e-01
4.751356973936178840e-01
-5.750551222932628326e-01
-9.196016950013365110e-02
4.393670752565684290e-01
3.148646804302906999e-02
-1.509677367381180080e+00
-1.195633137922965106e-01
5.618409538618700516e-01
5.415818632435424052e-01
5.602280058769961713e-01
5.733691278746430031e-01
-5.025024785444442976e-01
1.118302720432184705e+00
5.014130243943415444e-01
-7.190006434341232877e-01
