-1.012827934651423512e+00
5.069831452089809121e-01
-3.504901316292258207e-02
-9.161108379556334724e-02
-3.532430734327469679e-01
-1.627143340279544548e+00
6.690713344232168680e-01
-5.230665589325871334e-01
1.885903296175888366e+00
6.840956585419399882e-02
-2.400490596252997655e-01
-3.100250287190629006e-01
3.484551709241003326e-01
5.793225132145491951e-01
-1.553311820473088689e+00
1.307360456988404307e+00
-5.642815512418328794e-01
-1.726869761909357592e-01
2.095814295974891273e-01
-6.150035142833234492e-01
7.635976169402891589e-01
8.828253857730258281e-01
1.563335378528422637e-01
-8.614490163965604630e-01
-5.887135724359917610e-01
-1.943823417749688254e-01
1.116701289787828788e+00
5.380024333993836949e-01
6.077962080275658430e-01
-1.074515475282192822e+00
8.366230428137797492e-01
-1.182146598649543412e+00
-5.222725432729334871e-01
-4.864945946382827624e-01
-1.639216766917139245e-01
-7.472285890656695795e-01
6.227357217767395259e-01
6.035154737863882568e-01
-1.894332203402027404e-01
-1.144937779986391124e+00
8.245075124151546309e-01
-5.886536101963238954e-01
-4.876743558165512749e-01
-5.688326010257488408e-02
-1.237478224614326772e-01
-9.248448289880584205e-01
-2.902914931600442117e-01
-6.025301603052009014e-01
-1.677067505557647276e-01
4.378145601585253788e-01
2.566512807512171812e-01
1.163873929414735720e-01
-2.806855718087101215e-01
-6.124773653986126387e-01
-5.802137635468287424e-01
-9.546889481976159608e-01
1.469567198456373180e+00
-1.570595212868150625e+00
-1.038702415803522738e+00
6.552309397111621969e-02
-1.409102881498514037e-02
1.859627478848752402e-01
9.364419736949349815e-01
9.342814716151581766e-01
1.459852907813385947e-01
-4.145602556928611460e-01
-7.800761598560805865e-01
7.635022206051789162e-01
-1.069703837538663826e+00
9.362039105524027072e-01
2.897281176224723032e-01
-1.063148280115996824e+00
4.450120208385063281e-01
-5.984486442656598015e-01
7.580569248972442997e-01
-1.209482566687088756e+00
8.427069061162009156e-01
4.482318210253607438e-01
-5.865823675972066109e-01
-3.157313051760934908e-02
6.388538409070370072e-01
1.024057273992141859e+00
6.120765310383342594e-01
-2.881640517677710456e-01
-2.501238325012797303e-01
6.016903498409491569e-01
-3.305534930594566934e-02
-4.674166889212710840e-01
8.264791840349156038e-01
-3.119608701377332149e-01
6.197083950514301609e-01
-2.004765605393817318e-01
-1.573301681583079370e+00
-6.764429071507439550e-01
-3.742860589564410700e-01
-5.008668717299895601e-01
4.124005805649795242e-01
1.797877268154794317e+00
3.472636169211856805e-02
-4.886698162991286454e-01
2.994967529782460725e-01
-6.049714588893638778e-01
-6.806023397552365406e-01
-9.336127999474150840e-01
-6.804214612429360098e-01
-2.696846073724583071e-01
-1.311927624758506328e+00
1.290617870874545714e+00
-2.390628730727604179e-01
-9.667421346268567639e-02
-3.637322883912184057e-01
6.691990888962077166e-01
-1.983883596544478156e-01
5.467755494293611296e-01
4.300888273892515823e-01
5.790195723888953427e-01
6.667981311043571502e-01
-9.788735551913173571e-01
-2.312072087729625247e-01
-1.108111798203837761e+00
3.345444088455795661e-01
1.102256778183926089e+00
8.514379529455323725e-02
1.007346305431580769e+00
1.316497294448272903e+00
1.357405062784185767e-01
-8.394944200275626933e-01
-1.929325665276410695e-01
-7.548212087215344646e-03
-1.441065630653501684e+00
1.423946090919024021e+00
-1.566356271789972887e-01
-2.354637782479933050e-01
3.111838468135170732e-01
-1.695422174148805139e-01
5.029470681325789450e-01
9.499299194716871453e-01
6.676468931629995218e-01
-3.859817767371011565e-01
1.099351181860408033e+00
4.388238492982560190e-01
1.577136831239637216e+00
-6.884351890935784812e-01
8.024125250708370460e-01
-1.966732596375613262e-01
-5.394385903332727938e-01
-8.659980216654478147e-01
2.684559638020688754e-01
-3.568029875302358156e-01
-5.662763216690031021e-01
-3.787238999140754014e-01
7.715416316489343007e-01
4.821506574125461464e-01
3.496804122811067450e-01
-1.359833511559277675e+00
-1.682123938955399356e-01
1.777181392176526153e-01
1.121921022911185895e-01
-1.587856046237138552e-01
1.126446655915399830e+00
5.513786398123222687e-01
-2.419487267188015878e+00
2.864426875098305958e-01
-1.127568856123879026e+00
5.780812867890581241e-01
2.362507111617379030e-01
-7.211320424058270673e-01
-7.663282137103493152e-01
9.759562710216362902e-01
-5.676400195250181913e-01
3.981670620852819642e-01
-5.821874296152242945e-01
5.997373185543264373e-01
2.018518111778697666e-01
7.638855176659722357e-01
-3.341468658069313702e-01
3.043272063796570448e-01
5.891071398279890126e-01
-1.925053342061309736e-01
-5.852124554011846058e-01
-6.688790626441187825e-01
-4.055734047019933231e-01
2.546134277928974177e-01
3.987216257159501565e-01
-5.942024494455977468e-01
4.745159940007397381e-01
-2.401486733231715798e-01
7.918709894956020845e-01
1.153228320263892881e+00
4.334167556051704007e-01
-8.634002248697224546e-01
6.009123988689539786e-01
1.118885885862496377e+00
-7.419783767796855889e-01
1.560510338124450058e-01
9.917621955414573920e-01
-1.182136162716161731e+00
1.254743445443479155e-01
-1.193443872531279926e+00
3.906514147863855979e-01
7.247846389045082827e-01
2.441145230993740922e-01
1.170054574973342865e+00
8.489744257488422985e-01
6.070011985425038947e-01
-5.421631442888949493e-02
-7.294449175743606961e-01
4.696363717070830002e-01
2.572315129118415977e-02
1.490212698856912654e+00
4.566860252370124051e-01
-1.630399964445058969e-01
-2.762853169117329699e-01
-5.109414310315608665e-01
3.080844696601707788e-01
-3.634216427994232945e-02
-8.376884147335966757e-02
-1.277394534075474652e+00
5.580529238999760722e-01
-9.020194866580271142e-01
-7.690075522847283906e-01
-1.001979790362227840e+00
5.427931541723247655e-01
1.099247982671966328e+00
-1.429636783700595770e-01
-2.427480316956596162e-01
-5.007240247228905705e-01
1.088006589688336412e+00
4.143527085726149140e-01
7.357364418856526811e-01
-5.742070701735241256e-01
-5.877634507175715228e-01
-4.248992620776457785e-01
4.423234064646530683e-02
5.465612590192272524e-01
-2.270189868828245694e-01
2.513062586865991155e-01
1.268066055184710272e+00
2.295292373201442415e-01
5.184193636079228451e-01
-2.579882498032002314e-01
9.941776038433217111e-02
4.600395831739129138e-02
1.993379349003918444e+00
-1.360809072762797500e-01
6.061848758558243677e-01
-4.654058123921828161e-01
7.027382673655161449e-01
9.917765000138555331e-01
-1.188407441804580689e+00
-6.728516927304635242e-01
-7.814608705011932832e-02
1.022711454240240181e-01
6.429467823872925258e-01
7.759119301155847914e-01
-3.376803788475024604e-01
3.903926478000694922e-01
8.613947073975195545e-01
5.057254979282901353e-01
-3.242551177403889540e-01
-5.941872421197694210e-02
-4.482506669870397475e-01
1.508733438594806575e+00
9.559610341348235840e-01
-5.179118354880225539e-01
