-7.286855049545741814e-01
4.558226145237323501e-01
7.824841198891572258e-01
-1.247941321600565701e+00
-3.077694678435541342e-01
7.506178645507060043e-01
3.050991733101121595e-01
9.704233844887921734e-02
1.564406477278553753e-01
-2.671607242373660873e-01
1.417909275876416464e+00
4.406799473512836851e-01
-2.162496983748018464e-01
-3.851821529939309374e-01
-9.872564557415342001e-01
4.529373698679032834e-01
-8.565746319572429268e-01
-2.677005483317507206e-03
5.396792898577279507e-02
-2.088628762622028456e-01
-5.209577428086559214e-01
-5.612719917198782937e-01
4.217837092534299503e-01
7.162769894009890503e-01
1.037520027089206653e+00
-1.715981567144572617e+00
-6.048426110152449464e-02
2.180227636778957478e-01
-1.807931713994141987e-01
-2.139014893704805909e-01
8.662301877426643593e-01
-1.940434223509950318e-01
-5.513121403929488462e-01
7.524431648069327405e-01
-1.189490517197094643e+00
-1.418243767991799631e+00
1.957786878606181391e-01
9.105734214817734484e-02
-1.235460862264386450e-01
-2.348236898053482902e-01
7.452592490020057969e-01
-6.377244766209393401e-01
1.044883391002024986e-01
8.131963236681998275e-01
4.845226620705369025e-01
3.283861320075304180e-02
-3.417347001884131208e-01
-5.406552603835350634e-01
1.609304752970039387e-01
2.316741795837347628e-01
-4.377916210252998930e-01
-1.528783710247897165e+00
-7.825356632602921136e-01
-9.847499554687648704e-01
-2.198129272120978861e-01
2.369831045073278464e-01
-5.388316824077659106e-01
-6.005349503547288137e-01
6.755862906766545439e-01
1.128696645785928876e+00
-1.313574677491494147e-01
-1.159120399118022782e+00
-1.011226871118456661e+00
4.457712685076900549e-01
7.435657588736948043e-01
1.263814606292571696e+00
2.289140128197582058e-01
-1.705073764329159136e-01
-1.315665849896803907e+00
-1.279258945291910532e+00
-1.192908105987018352e-01
1.207125488131867708e-01
1.046600677173173954e-01
-1.049244139706090095e+00
-7.192354231854012347e-01
-4.998370174243095820e-01
2.418159757528379750e-01
-5.960669801859446171e-01
5.526819060828928043e-01
1.434159042585178678e+00
-1.526086517599820169e+00
2.774736998832054158e-01
-5.153914564151962363e-01
1.952086338001937094e-01
-2.611046527112359517e-01
-1.119645755333458004e+00
4.053166420225791655e-01
-5.435123013075291443e-01
-2.993101283610594132e-02
1.135039038834176228e+00
7.096976300749051614e-01
-1.307070014436772398e+00
6.843467115084367336e-01
-9.235590169657568183e-01
1.387395209883049318e+00
9.697951421634941616e-01
4.941705553135944951e-01
-5.747219014097868506e-01
6.729310349119010937e-01
5.980595274322491051e-01
1.430117950265017979e-01
1.053517661804741490e-01
9.534281861036991712e-01
-2.736305259820726032e-01
8.551965818178002277e-01
-2.177492257239567741e-01
-5.110291156718795857e-01
-4.407639631560867355e-01
-1.464601211965560479e-01
3.890928483289478601e-01
1.640629558921020692e-01
1.355254854408414200e-01
5.090436613100002283e-02
-5.460993819194520649e-02
-2.968805986527200402e-01
-8.171881392733055804e-01
2.715571164873015753e-01
3.862064093866147685e-01
1.052772948778507578e-01
2.583049696278321705e-01
9.818803518191225876e-01
2.445867261992983321e-01
1.647644973053283612e+00
1.535832957100582430e-01
7.152160223496737412e-01
-9.376952231996731335e-01
8.130671862122460514e-01
2.070027629092220378e-01
7.135466307059196156e-02
-5.476548411235626634e-03
-7.223844808242747551e-01
-2.756510449575211297e-01
-3.052267320391666150e-01
1.007630487013115639e+00
-9.797676116572564542e-01
4.797286967223259313e-01
3.732614666084436705e-01
1.037482445394493302e+00
-2.882605879192862153e-02
2.576845102036712243e-01
1.424681982532993718e-02
-1.073618883538296931e+00
-4.256078791371831205e-02
2.835676434901787668e-01
-3.930988087660630126e-01
8.728872010022354910e-01
-7.124953353228684616e-01
-1.508203533987524825e+00
-6.301855536043650119e-01
-9.730551017542683478e-01
3.939684379349258081e-01
2.772166314976997059e-01
3.060126550889367136e-01
-1.746041730914504875e-01
-3.699701730634875063e-01
-4.601317889838238417e-01
-2.443814297390775048e-01
6.876183059290251753e-01
-1.085657163881776466e+00
-4.285561825643942058e-01
7.444689577775825962e-01
6.214799296869911727e-01
1.329946502352995497e+00
4.350778057668485688e-01
-7.464099619675182984e-01
1.261662999307034960e+00
-1.012006874989208383e+00
-4.373162702688767056e-01
1.778261394784044769e-01
2.447910346394223668e-01
5.127616672769909067e-01
5.557823351902440034e-01
5.789049601269689038e-01
1.136878117228773855e+00
1.431252933227722401e-01
1.943419784345251089e-01
-3.205853812335024422e-02
-4.968892128181318091e-02
-8.308518218506102393e-01
-1.443993767196794509e-01
-1.959833830965097001e-01
7.810596363145934085e-01
3.057698016578401790e-01
-6.671430459799003732e-01
6.912459959477219584e-01
-7.672018283257582283e-01
1.681851680074988309e+00
1.431374203480750174e+00
-8.171404170239437992e-01
-6.557790491273118860e-01
2.450949791766965369e-03
1.608726240610302005e-01
1.268969689135579504e-02
-9.949432962966908711e-01
-1.353840486629503959e-02
-4.084875782811806522e-01
-3.273682622161683264e-02
7.965239602676517094e-01
-7.727683559921897372e-01
7.003929538687845291e-01
5.214914134835837434e-01
-7.744056317375441756e-02
-1.034755712715263565e+00
2.275943567328914119e-02
-3.256050426278893628e-01
3.102255113321382707e-01
5.086185303312206196e-01
-6.249595028990047041e-01
2.098342419169827444e-01
-4.129787588926103759e-02
-5.930532612622033684e-01
-7.388894042177965860e-01
-4.209237363524603870e-02
6.484179557582472331e-01
1.153452259207733865e+00
4.359933985079664231e-01
8.008419136903244251e-01
1.001190902021231732e+00
-1.774796664271447444e-01
3.547893825699585113e-01
5.867907015023127171e-02
1.360100208926810161e+00
-2.307592482127640565e-02
-4.774884383378406039e-01
8.403911233446332840e-01
-2.586639377987620669e-01
9.833438363676610949e-02
-3.205884289866761661e-02
-4.646057333890469820e-01
1.567263688064440608e+00
-7.138090635757796676e-01
6.114338648921979757e-02
-4.989246812408666965e-01
-2.348289655405672027e-02
-7.641227005438288034e-01
-9.498118640774535493e-01
6.444434303470871761e-01
8.198184503287087033e-02
9.681132377099359587e-01
-7.843309126949522536e-01
1.983890965815304774e-02
-1.464239543927938758e+00
9.138430121768654768e-01
1.015229723792879124e+00
1.606183357699307868e-01
-1.088608441920924541e+00
7.578015433532394596e-01
1.215286388617007329e+00
-5.472769991744388385e-01
9.735609908064846163e-02
6.825689497886566759e-01
4.412780066798682177e-01
2.635871967973357766e-02
5.904045342771828686e-01
4.968961117407256767e-01
3.175092682871498706e-01
-4.579202121061803910e-01
-1.022966490058577538e+00
-2.968650474724607302e-01
-5.279374826676423993e-01
-8.787684036067424653e-01
-1.126851226135440420e+00
2.946569774013264587e-01
5.289312534847443459e-01
-6.242675335818781424e-01
