-1.193183547571825542e-01
-9.191377719793136780e-01
4.971926571235896208e-01
-9.973970824044653405e-01
2.391696449295066529e-01
-9.769019351987813238e-01
9.946775464580017712e-01
8.707766599278188302e-01
-3.624210274787316166e-01
-3.643491846875215323e-01
5.510516703733034927e-01
-1.278684525315232356e-01
-3.592884453008309276e-01
-4.636143575384394921e-01
5.315954020271760339e-01
-9.234319750033970209e-03
7.779710554887016016e-01
5.165949799798577047e-01
-7.291443011879716884e-02
-6.001166454002073714e-01
7.778587928254299122e-01
-7.474398573012137614e-01
-3.371363135584428683e-01
8.743489292424322379e-01
7.804898824774608723e-01
-1.309119202224600098e-01
-2.709937435898923663e-01
-7.747515282709116491e-02
7.161848228147740247e-01
-7.579858684873550523e-01
8.358953104691333458e-01
-9.541009344805075898e-01
-4.574054599090648932e-01
-9.846255450310146262e-01
3.069530363057382250e-01
-9.829174201005907996e-01
-7.396054078366423035e-01
7.684335831093445091e-01
9.599758293664439890e-02
7.189614342737815633e-01
8.958371743775788154e-01
-3.606313504810221282e-02
4.637456200680816210e-01
-4.449044245202347092e-01
8.866049056784648386e-01
1.600524548806496750e-01
-1.732702918062956066e-01
-9.129982609213671552e-01
8.897632807524384901e-01
-9.016304976885791689e-02
-5.500223919718052468e-01
-6.094469631497689832e-01
-1.185524304562772802e-01
2.994381392143741216e-01
2.989646382074082620e-01
6.226182912433950722e-01
-2.439961067192180089e-01
4.693564076968748111e-02
1.070411819747749682e-01
-8.842702300671234639e-01
8.754661015319522566e-01
-7.188115896605418165e-02
2.532928825422098296e-01
6.546368202820196380e-02
5.834592973374519431e-01
-1.502934825090109783e-01
5.992969284680045305e-01
-2.154840264432917873e-01
1.549559933156974267e-01
8.818085655156404634e-02
2.732383327431082698e-01
4.173080690481245636e-01
8.674606769644688242e-01
5.187491461753532818e-01
-2.763426949197160809e-01
-4.282632523287526194e-01
-6.333340563990410566e-01
3.875905770719412224e-02
8.499046061369708305e-01
7.951888282264261143e-01
-3.241189698365412042e-01
8.010808359936523182e-01
2.019091828333625660e-01
-2.001189831730534330e-01
-4.590209874991919570e-01
6.778137357381381900e-01
2.303841390923928589e-01
-1.602884627868166323e-01
-1.621720481778967660e-01
8.434083870122843773e-01
-1.193826822374555174e-01
-4.666173894976084480e-01
-2.328664459409446330e-01
-5.175338560612658956e-01
5.679601941406442478e-01
-1.663433645306882092e-01
2.659198433377409909e-01
-4.073139607850304600e-01
5.811000486235360363e-01
-9.979343248089265206e-01
-6.141915424841191129e-01
5.254376656837762560e-01
7.518130479672417987e-01
-5.029262154983804578e-01
7.229468866946067163e-01
-8.144029212034613607e-01
-8.538604660123894075e-01
-5.686572588453560062e-01
-3.956143644012211080e-01
3.088585861255908060e-01
5.915435065913383639e-01
3.978388606555327556e-02
-8.321947008836796389e-01
-7.148501428862965579e-01
7.692092687149565400e-01
-3.889842430064738288e-01
-7.332456200518684408e-01
7.575930797633276814e-01
3.661998369518815188e-01
-6.557066043007893086e-01
3.264969873563612346e-01
-5.596320048438538919e-01
3.252970017313079332e-01
-5.860682744773857422e-01
6.224549528319283098e-01
6.192801074980402998e-01
-7.711844032847703367e-01
1.886742363894731156e-01
6.507979832026686839e-01
-3.177793717371353299e-01
8.446136145268541284e-01
6.790787783731695448e-01
-3.865681574059018910e-01
6.759961536551089001e-01
1.080333034944840342e-01
-2.380639308594971748e-01
-2.559184053820220406e-01
-8.482858704304001574e-01
-6.176236374668482298e-01
-5.664983444596758400e-01
-6.060832533138975631e-01
8.664631622949792167e-02
-6.710099924767010116e-01
-3.861554236917628113e-01
-3.741995798533217510e-01
4.226073852142870901e-01
-6.998745975278224396e-01
5.851627675530270967e-01
-7.955956952786458203e-02
-5.269170140266488112e-01
1.604885536345161956e-01
-9.608578837306791520e-02
-7.292943215920375533e-01
-5.845971001998473415e-01
4.575981116664511461e-01
8.648272462244726011e-01
-6.977172668087676666e-01
7.775805281383303402e-01
3.294124670270117683e-01
-5.417976683613043853e-01
6.995129173412788504e-01
5.621960701757280354e-01
9.330433125254424809e-01
6.562384430216094966e-01
5.753334095765147982e-01
9.013215660804581031e-01
-1.407942006370399568e-01
-5.315309439554676274e-01
-9.208016580229350101e-01
-9.612017786972659739e-01
-7.096442548859724919e-01
-2.492347695826067078e-01
-8.776607911655496252e-01
-3.160524640489501547e-01
-8.220517088722945065e-01
-9.598720743842217296e-01
-6.445764377195604133e-01
-9.217399742348388880e-01
-2.439409749925003368e-01
5.238911651060409458e-01
-3.723968580801915174e-01
-7.005212253394192956e-01
-2.997026530778945652e-01
-5.933731540138167393e-01
5.752668389174133701e-01
-7.415387254088148250e-01
-8.812193657551290471e-01
4.478423306059300391e-01
-7.544299691375109251e-01
5.477531882627135751e-01
2.119470444468569692e-01
-2.878068279659540263e-01
3.403257603626737016e-01
5.934838037761580587e-02
5.358219276659523800e-01
-8.797435003897264849e-01
-6.475413235672191625e-01
-3.468113853393881563e-01
-4.470383505593800155e-01
-2.817062557994427507e-01
-3.135377901765945552e-01
-9.272931780257180900e-01
-8.155200095932528814e-01
8.396597065172060059e-01
8.344908340367134247e-01
4.136021704469050597e-01
5.966674365670174840e-01
-2.249904827035276167e-01
-9.977496000762919870e-01
-8.648215388170839013e-01
-3.771719758020688484e-01
9.634248739915063364e-01
8.264587740994833176e-01
3.296991816346706017e-01
5.069472220981163790e-01
6.571247941893973987e-01
5.488143064504673596e-01
5.778581795422248479e-01
-8.007613148896641775e-01
-2.405177888244356410e-01
9.529146995750781279e-01
-8.030641136153890969e-01
-4.657124642222509880e-01
6.039602661657494931e-01
5.593058452666206382e-01
2.610596605286663596e-01
-6.038776623550079492e-01
6.867822233644984564e-01
2.671970775144150156e-01
-5.015573030558542200e-01
-4.035576181766642456e-02
-5.545826555189647955e-01
8.495499437739950643e-02
5.485829546744378504e-01
1.024862987952523952e-02
-9.242043822108725326e-01
-1.585123211009542565e-01
8.993983903510609501e-01
7.827100044680381785e-01
6.464742961465879123e-01
8.055711233294189366e-01
-6.386636503442488788e-01
3.779913613808418837e-01
4.500699555413278929e-02
-4.487190201357522668e-01
3.819847789680697048e-02
9.710396719100797824e-01
-1.702873181128179425e-01
7.647422105001424608e-01
-2.324597978197739945e-01
-3.679778305192784593e-01
8.783004255946129657e-01
1.072984879039478034e-01
9.337717422996685279e-01
-8.030149493258587068e-01
9.585793287714552413e-01
9.143308064799509083e-01
9.422751748445401532e-02
2.654566263971698259e-01
-9.940103941954236966e-02
-5.988686271313703458e-02
1.952063189134409793e-01
4.581962719857648469e-01
-3.669684923108913477e-01
-4.865427249792970699e-01
