-2.129052663196410178e-01
3.824990775124452735e-01
1.801135849010464252e-01
3.650035188635502581e-01
-2.503971991255136142e-01
4.374063738912804811e-02
-2.806745457158493773e-01
-9.545980955350737152e-02
-3.539931346648528959e-02
1.032577189464299883e-01
-7.187173468353198758e-02
-2.006795742238447477e-01
1.920551968468175441e-01
2.416976637351764823e-01
1.579552850298855671e-02
1.297305798237048668e-01
6.907485976976338038e-02
5.851912623522109724e-02
1.520465643597674887e-01
3.667152828695704470e-01
4.039555709822748586e-01
3.285929938774730386e-01
-3.301460340072085997e-01
6.157592598990711819e-02
-1.233473964212648682e-01
-1.366000413203421471e-01
1.152759058553852189e-01
2.169817881346416399e-01
-8.703968995893238136e-02
1.717881030625844352e-01
9.444831446927494378e-02
1.448907844829518399e-01
1.536535385664600240e-02
1.423001755977485461e-01
1.750646740337737095e-01
7.812946832289757726e-02
-3.913739930932581546e-01
-3.849018915736015373e-02
-1.405361580640230312e-01
1.580456808706586780e-01
3.346176120006230104e-01
3.491959970573248473e-01
6.203711082263712456e-02
2.249856816012620053e-01
-1.796738053627421339e-01
-1.241509814289371849e-01
-9.043471071517086846e-02
6.876212869071098022e-02
-4.492630149032521558e-01
5.094275747801781939e-01
-4.683735889159820198e-01
9.306098311568170023e-02
-6.007258943989499667e-01
-1.168478489894061723e-01
1.234457500906667449e-01
7.640765821621521570e-02
-8.581044423355159434e-02
-4.190945759804963200e-01
4.221040175404440209e-01
-2.409282438429229678e-01
8.021980713687913711e-02
1.202693110802487003e-01
-3.297644635461420837e-01
-1.382990222073313957e-01
-5.457091201462663244e-02
-3.538672866380992432e-01
1.168769785942460615e-01
8.402621201128761264e-02
-5.501508971678768789e-02
-1.308184424001560264e-01
2.458360234676906231e-01
4.037020234127433049e-01
-1.281819119814921193e-02
-2.001433853687195619e-01
2.426026647680175896e-01
-8.126357329079517133e-02
9.737553804735529783e-02
6.866277068339476930e-02
5.743289585404395270e-01
3.799665310093430781e-04
-1.106025996658747818e-01
1.111234400971443936e-01
-9.770060802897936880e-02
-7.856792028912408521e-02
-2.683373271144602334e-01
-5.073992648022561669e-01
-2.106498534417154955e-01
-2.839250001789754285e-01
1.242654409683000560e-01
-1.904306869647025002e-01
-2.045767694388065661e-01
-3.350058609761066286e-01
1.964252075370714890e-02
-2.402198582627094736e-01
-1.824825746542496907e-01
-1.303909664201936269e-01
3.069212613141585333e-01
3.468967096945240192e-01
-5.962462576312237833e-02
1.709407700286308396e-02
-5.556649160664334230e-02
2.443739924743583702e-01
-1.492764419182641966e-02
7.797164501509862289e-02
2.006721132942324015e-01
1.331317311295724393e-01
-2.875617795895268891e-01
-1.905295855862894072e-01
7.927890116729724435e-02
2.190336357372291154e-02
-4.467107508503008195e-01
3.172313273380154841e-02
-3.469919839495120284e-01
3.638359461078370383e-01
-1.137928013543741401e-01
-6.864327374653550473e-02
-3.638028324719118634e-01
-4.423839433219973194e-01
8.179171958903114215e-02
-6.892722292037806175e-02
6.691259549855415045e-01
4.171411875642010159e-02
2.102050203414339014e-01
1.907897009877348726e-01
-1.551502606912517623e-01
-4.168805819190876671e-02
1.065180446824840615e-01
-1.690545943471090662e-01
7.989996323165565739e-02
-1.344819814670955016e-01
7.803406576246467441e-02
3.075880194235244280e-01
-6.849268428688568000e-02
-7.930460599401295552e-02
-6.863374803644999300e-01
5.391732125428998212e-02
2.767763023209960371e-01
-5.697862675010370581e-02
2.868491970233215671e-01
3.476075560244891172e-01
-2.971285194962991483e-01
4.553037824532071287e-01
-2.303965945868805265e-01
7.300507305224359644e-01
-3.464429558133247933e-01
2.114632721756128375e-01
-4.133406170175149552e-02
4.192786179338057195e-01
-1.911205832396565274e-01
1.041914061628148314e-01
1.525135336575318135e-01
1.542248922698125080e-01
-1.169225963212094099e-01
2.637868737270762098e-01
-1.036237387064799925e-01
-5.065968723511815597e-01
4.061715143665057398e-02
9.209444455534637752e-02
-5.628165444459488909e-02
1.057657731028305570e-01
-3.696875253562572072e-01
-5.802836170798431059e-02
2.856689301779693491e-01
-3.913239188791783896e-02
3.299667988988886913e-01
-2.212627822272882350e-01
6.326972206841171564e-01
1.187194455958970052e-01
-3.834435623836831564e-01
1.126620060038522469e-01
1.295153208403824197e-01
4.363714299580218614e-01
-3.612499717586741821e-01
-1.365608037510659123e-01
1.998429223896399931e-01
5.734924588143438529e-01
-5.285268671844621791e-01
-8.107099299805173298e-02
8.326705716558216452e-02
5.441428245501869765e-02
8.100046609464411906e-02
-3.137008999191558956e-01
-9.858484578732550074e-02
7.021343308600731803e-02
2.733714555822054915e-01
-1.280194489215948361e-01
-1.497539282369511060e-01
3.980636565222236967e-01
-4.153735311743012026e-02
-8.758466750498885567e-01
5.146133247564664559e-02
8.957275846908015204e-02
2.479571056275245433e-01
3.951256641526280644e-01
-1.465225491037974725e-03
1.163215888195579528e-01
2.481781972533367853e-01
1.055366698763241240e-01
-2.339843520444462310e-01
4.084626391219350339e-01
-2.011822077019236321e-01
8.915069402316427860e-02
-2.175077198884304008e-01
-2.582466209649763034e-01
6.077413017915290344e-02
-4.149389341442130674e-01
-2.134896951651194530e-01
-3.722089259127779881e-01
-2.210661412925146729e-01
5.192049739518017626e-01
-5.148442224261640110e-01
-5.010272411582901153e-01
1.167548190794803903e-01
2.921854838597460757e-01
-1.421912803670909720e-01
3.739719265657235336e-01
-7.686217893550617575e-02
1.449975257818300611e-02
-3.771887677010254958e-02
1.806618126329244678e-01
-1.953377629367909485e-01
3.597388017099086704e-02
1.266842998360427075e-01
3.656848397497319270e-01
4.154730642550789055e-01
5.261626720272113977e-02
3.204686857018372859e-01
-2.497377564643821213e-02
-1.177590335534203919e-01
-2.088764975667489754e-01
-2.909732975087997442e-01
-1.499125722494583091e-01
-3.448360719209452308e-01
1.480003012754244895e-01
1.532820780701846242e-01
1.540671714553381311e-01
4.279974965143455989e-01
1.965749342269180189e-01
2.851739648437678909e-01
-2.449048333052083748e-01
-1.316680419870798480e-01
7.674416107143355870e-02
4.466083146216787148e-01
-5.105513058715143160e-01
4.503526737058675122e-01
-9.528862374170006255e-01
1.560500212696512845e-01
3.522681055443402931e-01
1.337124785582695374e-01
-2.682524792443021777e-01
1.535908799532575975e-01
-4.454588085656889795e-01
4.872547889906339580e-01
3.919811021603398782e-01
3.020619252198756266e-01
5.663047015150249330e-02
-2.726993004023826606e-01
2.811354407948013501e-01
2.013798894735107647e-01
-2.996805658998141220e-01
2.051977442576469746e-01
-2.930973522625648364e-01
3.720367520453063404e-01
2.272457273268720102e-01
-4.762987686561210854e-01
