-4.315739510591399264e-01
3.700132369958765155e-01
3.636136191622015013e-03
5.491421874766033717e-01
-3.205759970325925412e-01
-7.186773971767866642e-02
-1.512680382996979545e-01
-2.863251633986814149e-01
-4.918553179817108933e-02
9.879591501792196750e-02
6.612872501160604877e-02
-2.802613403046794738e-01
1.179497822664209994e-01
2.980973132489086463e-01
1.619219624012353809e-01
9.160666689174890021e-02
8.906010567207948980e-02
-1.446360773722440707e-01
-9.086858988294631290e-02
3.442467127026813678e-01
2.462583164513119094e-01
2.399262291478693465e-01
-1.620382705206147023e-01
1.366513345817787495e-01
-5.996030869394103346e-02
-1.421001614916214961e-01
1.938658708318294344e-01
2.023124439553625753e-01
-1.889895228553801487e-01
3.260568626138894976e-01
9.628123501453646205e-02
1.620437762770332857e-01
7.686740370754407969e-02
1.039874309742822994e-01
1.473841824682362578e-01
1.891546372644721807e-01
-3.935837949670432656e-01
1.175382043988298375e-01
-2.406408898510646599e-01
8.452600198520467123e-02
2.761754263957257871e-01
6.681955386346121184e-01
7.972879112526075340e-02
2.796187193868465704e-01
5.134856577631474045e-02
-1.267048852214245347e-01
-3.033513555218085855e-01
6.120920685559474994e-02
-4.499412606403812021e-01
4.577851220669792998e-01
-4.560027838400588784e-01
5.572695481723068112e-02
-4.909461157915961937e-01
-7.139645235354935560e-02
1.065236640980667115e-01
-1.577110096704317788e-02
-6.782921670054220531e-02
-4.816848434794665512e-01
6.363565830662976097e-01
5.988193666050364850e-02
8.852899000803465812e-03
3.813726877647894975e-01
-2.794454290975682542e-01
-2.974295758963028669e-01
-2.077727179934325263e-01
-3.672489831752442924e-01
4.118224090179306018e-01
3.027158622837101964e-02
-6.095445443009642195e-02
2.504418705535745859e-01
2.192777947682047479e-01
6.530164627138552724e-01
-6.108835472241768566e-02
-4.023824383228085111e-01
1.518390178231082133e-01
-3.816329971625008477e-02
7.388247086700716615e-02
3.752029468189457817e-01
4.915439924836115804e-01
-1.171810200990864581e-01
-6.749834201999069250e-02
1.201148002081859900e-01
4.534778061035395214e-02
1.419478459883726992e-02
-3.426007413503266985e-01
-6.008881442158068298e-01
-2.724858816632594327e-01
-5.237952452665403102e-01
1.567442715906375295e-01
-1.519903291711481863e-01
-3.386219937786285605e-01
-1.489567851356619621e-01
-1.975859504609347728e-01
-1.471675841119103878e-01
-2.356838234895795581e-01
-4.421081367482680990e-01
3.561090763166530060e-01
3.869065745446762516e-01
-2.948481492043509844e-01
2.554725394492445290e-01
2.833079935681437345e-01
2.322886621197955692e-01
-2.337759229472163025e-01
-1.872005528927034868e-01
6.795848055565649470e-02
1.583711905617440907e-02
-3.466946131203477721e-01
-4.428653447024499812e-01
1.468780636682436302e-01
-1.838658921102364063e-01
-4.275955659490223160e-01
-9.035761566375863363e-02
-2.822821285994485119e-01
5.439067695543051695e-01
-2.130070355363559709e-01
-1.643972923664410724e-02
-2.814079212893727533e-01
-3.659226304447565914e-01
1.991591329220490092e-01
4.662500496380110604e-02
7.929037693762315264e-01
-7.956152261833160377e-03
1.789556636844816528e-01
2.955381839507928779e-02
-1.992291483882881464e-01
-8.511350746570457704e-02
-3.533425652706031345e-02
-3.553914765655259989e-01
-1.228324762123044200e-01
-1.215489479740558126e-01
2.017147699976819808e-01
4.835676488234069148e-01
8.023786644951155789e-02
-6.946737619874499003e-02
-8.414405938715843192e-01
-2.315485059576434523e-02
3.100714778197825594e-01
-2.556053018031679280e-01
2.269893345514372718e-01
4.667509227534216154e-01
-1.018435181972849046e-01
5.195787405950230697e-01
-2.782045757376656048e-01
7.557160129584685748e-01
-2.868355500434482397e-01
4.048363106162071734e-01
-2.311145494059099748e-03
3.715541264101094310e-01
-3.840595953284712261e-01
1.428139731805046497e-01
4.156125634023910553e-02
5.915194056657537003e-02
1.944301304446103065e-02
2.219393269132723390e-01
-1.189304486962329266e-01
-6.530852798356505673e-01
1.181292327369541928e-01
5.781393523150262642e-02
-2.932485397667248250e-01
2.264518720732932866e-01
-4.446272179802852609e-01
1.971565208002153957e-01
3.419592277442702333e-01
4.462866523858659978e-02
4.779305709665080393e-01
-6.305975585491669921e-01
6.165940578454200960e-01
4.996878894623640877e-01
-2.041876694679194415e-01
1.118784373252466185e-01
-1.695254270961416010e-02
3.944228689266057741e-01
-3.516617320360809762e-01
-1.125300271469774349e-01
2.027312002020254522e-01
5.007561869104764085e-01
-4.314151295786082807e-01
7.177479853151783051e-02
2.001075724542853429e-01
1.147115094356531903e-02
2.725756377079650156e-02
-7.201791958258528803e-01
-1.245336603049304325e-01
9.274193956925844140e-02
4.109440557405511507e-01
-1.868533374437082450e-01
-4.465033812473671593e-01
6.390203874044262378e-01
2.858683728050480655e-01
-6.912655346744687179e-01
-2.413644220360449191e-02
3.115903059110556803e-02
1.629315432475356706e-01
1.974341560734856060e-01
1.269483256431658824e-01
-1.610071681056955417e-01
1.630540550449484927e-01
1.594166470315214190e-01
-4.916426314957323962e-01
6.025637726021193519e-01
-2.349824914897890582e-01
2.934942393131828933e-02
-3.153527698963997095e-01
-7.215968363900961136e-02
8.257562952640597198e-02
-4.859755476158822418e-01
-1.105542445371963806e-01
-3.192210503440771063e-01
-2.512382376431849806e-01
1.556796700972948311e-01
-5.607684400089651966e-01
-1.945373438727129312e-01
2.712493615187365759e-01
4.555861377187180872e-01
-2.302672435363251335e-01
7.925200428543052733e-02
-1.797201038384917127e-01
-3.361075034773121639e-01
1.574027239196214289e-01
2.874994373829865002e-01
-3.760199597410427419e-01
1.979501282727074152e-01
-3.552427965274306682e-02
3.095696397872328420e-01
5.692064896841197985e-01
-1.598565127066182978e-02
4.326480065048862178e-01
-2.802846180995239855e-01
6.629049846934020884e-02
-3.391831242341040165e-01
-2.970894966561216655e-01
-3.123842673484990007e-01
-1.476547526114516673e-01
1.307939760079695757e-01
1.584828912083076080e-01
3.151614506930069393e-01
7.330360870438721310e-01
1.452514199402952233e-01
3.764198940979421870e-01
-2.465084592887970549e-01
-1.657611006233062831e-02
3.148073765445170286e-02
4.862692003374828875e-01
-5.999372905605929729e-01
4.681448056916813760e-01
-7.852768133188244848e-01
7.944685841479341704e-02
5.616647035018814682e-01
9.325774784943592632e-02
-3.693740662906402905e-01
1.402770688881249117e-01
-4.191788302609300021e-01
4.411163643053133132e-01
6.031541597608051086e-01
2.499670960835131128e-01
-3.584576566242461682e-03
-2.612590754417236094e-01
-5.188032075130005749e-02
1.837079914410580384e-01
-4.408440089061140821e-01
1.371994943945889500e-01
-3.821539243859596313e-01
2.355843912003779128e-01
2.330019618245327551e-01
-3.582560599237887278e-01
