-1.912623144491255311e-01
5.595915071060618695e-01
3.036816571222387962e-02
6.470420890520190982e-01
-3.339796617049107796e-01
-9.279981048427185519e-02
-1.500905817892438376e-01
-2.490596744750117331e-01
2.683942604668292098e-02
2.194244793107786307e-01
3.995030097943830238e-04
-3.589861566226237310e-01
1.442131547894152099e-01
2.621484859086418151e-01
6.618972614377213737e-02
-5.052228216776893932e-03
8.676323344303893403e-02
1.186234588160194059e-01
-5.558841147231619040e-02
2.811391067887969997e-01
2.911169213808373346e-01
2.923762208452770350e-01
-1.196643291485729177e-01
-7.858334922669948930e-02
-9.175737120802368585e-02
-4.804424672789542328e-02
7.595896836498289284e-02
2.132807205634031367e-01
-1.159028366452228287e-01
4.686927059687014951e-01
-7.486300510365681560e-02
1.855086237169895069e-01
8.180709954905206194e-02
2.165293842730406371e-01
-1.649586047111132464e-02
1.907447656454935025e-01
-3.438791411216023941e-01
3.036130844181333943e-03
-3.133527953641861430e-01
3.218939172108152280e-01
3.710254937346550430e-01
5.322878577400144140e-01
3.061964454309298866e-02
3.286309412532074647e-01
1.869869071944830763e-01
-3.354345779094036750e-02
-3.551133751627941759e-01
9.923820285911771899e-02
-5.627220980192025879e-01
4.079229139908718271e-01
-3.888695593531987238e-01
-9.915918532491116433e-03
-8.043938822240941366e-01
1.620547608225143821e-02
7.043376402307133244e-02
-1.984117055281799102e-01
-2.756025390017033394e-02
-5.980270295600789154e-01
7.108795499892015535e-01
-1.897449713414373074e-01
-1.211694528727316200e-01
1.606992622911533608e-01
-3.253631723147076826e-01
-2.803037177006768577e-01
-2.611246683719256612e-01
-3.625752467480217733e-01
3.638511815241604053e-01
8.229370532422944362e-02
2.530581345320348507e-01
5.248308297719705973e-01
2.863545566092822736e-01
7.061100645555011823e-01
-1.671836879376855656e-01
-4.857278372559596935e-01
2.706572554800442676e-01
-1.653115067330850896e-01
2.619076516217824779e-02
3.712031760744647357e-01
5.364311153861627268e-01
-1.451370569481950923e-01
-7.142358194750797473e-02
1.550684616150282968e-02
1.466879559758051399e-01
-3.042385246821255329e-02
-3.334086540001363064e-01
-5.477637167311351085e-01
-2.713367209463484198e-01
-4.607748482013060976e-01
1.509700927872646425e-01
-2.091331360858392774e-01
-2.633369414184832946e-01
-2.979939089244096340e-01
-7.012907758187621188e-02
-1.654655012077657361e-01
-2.885770837261132926e-01
-5.107536420048052195e-01
4.605427154529029288e-01
4.924400040425799263e-01
-1.787476309931707030e-02
2.692155402295137168e-01
-5.724560490907618093e-02
1.821743536844377398e-01
-2.586832402933005315e-01
-3.113611293684862558e-01
4.740465314244374229e-02
-6.869522213058207316e-02
-3.347553312310762585e-01
-6.261292726909301054e-02
3.200102832325265600e-01
-3.407441997584169657e-01
-4.291571016263493465e-01
1.703293116152299336e-01
-2.519535282305971347e-01
5.984062516978976287e-01
-2.168465558992528353e-01
-5.692304181339064018e-04
-3.356275202657733603e-01
-4.057946663444553792e-01
1.850792073364127543e-01
2.498200843950788841e-02
8.184399307303786841e-01
2.327670104388472883e-01
2.695993427377120222e-01
1.797505684820228933e-02
-1.935573293549118501e-01
-1.517094040148839196e-03
-3.846988423658467826e-02
-2.182254616344875831e-01
-4.434235358426158458e-02
-1.202768369420023076e-01
1.602274404945608910e-01
3.411360940213128412e-01
1.110105360109807648e-01
-1.152379559427650912e-01
-7.832379828120763499e-01
6.683282955754585308e-02
2.619591085952340803e-01
-2.763000045892716749e-01
3.295759916621281982e-01
3.323753073383855505e-01
-1.106191908954078928e-01
5.644334955057330738e-01
-3.973634616389966068e-01
9.070626106756540796e-01
-4.060894173337473712e-01
3.861258048161870793e-01
-1.622515383743238504e-01
5.124048592067915742e-01
-4.428322504196258169e-01
2.313184788743157805e-01
2.048068106007397415e-01
2.840665326482880171e-02
-2.277985205884146269e-03
3.809951011485426253e-01
-6.962662739132305378e-02
-7.568586552949229107e-01
2.032536175317333216e-01
7.950746114778713125e-02
-2.069065609586097088e-01
1.253065912863606801e-01
-5.479090093974893216e-01
1.224244987924267281e-01
3.579766964502204551e-01
4.505553865743192749e-02
2.239283382814370449e-01
-2.337750608109225581e-01
7.352563443569808399e-01
4.812467334357386495e-01
-1.134490418590426153e-01
2.640162407650262777e-01
7.440079701880245033e-02
4.792717532471157948e-01
-3.544379911813803075e-01
-1.979209072864917540e-01
-2.451643091666046159e-02
5.125465810633252906e-01
-5.731535504588143315e-01
1.323572061982591364e-01
1.954887026667222472e-01
9.262071980894059919e-02
3.199864943812126550e-02
-7.008225346931645783e-01
-1.322847611975180304e-01
1.734796775148330084e-01
4.587231903551718393e-01
-1.564298041603341127e-01
-3.228015460011395832e-01
6.464278445424724850e-01
1.781833046365009499e-01
-7.431087501255365657e-01
-4.507666905990251327e-02
5.720783844716040983e-02
1.238383180631115327e-01
2.304734571670244425e-01
5.497065932209665995e-02
-2.229456163437648908e-01
1.591052849635237187e-01
1.722934243873041893e-01
-4.461442422508291594e-01
6.286347930663314099e-01
-2.989916502908284146e-01
1.137113472417840832e-01
-3.900223805819253986e-01
-7.452836806837800920e-02
1.722664383054789417e-01
-4.925487123346755647e-01
-8.138825800699453494e-02
-5.342812043051878845e-01
-1.808448932497459527e-01
1.234416156822982363e-01
-6.126513863011852079e-01
-1.359764352636544937e-01
3.061577686350188121e-01
5.529182569657409285e-01
-2.160100642315190556e-01
-3.988998536642288095e-02
-1.459796356332433431e-01
-1.330101305501880105e-01
2.255634112077841702e-01
2.656993443195216908e-01
-2.395516173896924395e-01
1.136131930127482620e-01
8.988849241114449384e-02
3.875826067452571300e-01
6.664448787752794701e-01
-8.186226588821715611e-02
4.986136496343308577e-01
-2.819264226492828040e-01
4.307832453072486800e-02
-4.307731660894218439e-01
-2.397874532004372616e-01
-4.298852126196209822e-01
-1.317943156526360238e-01
2.545859677666053589e-01
1.155422364431458737e-01
2.947463099773998119e-01
6.034157173630407822e-01
3.403068209223470975e-01
3.635130309616835254e-01
-2.276086370491207933e-01
2.051019424636895683e-01
-4.418884240355926141e-02
5.455214204447534909e-01
-6.837202723758051270e-01
4.988247988915530673e-01
-8.032957513085283718e-01
1.171808310540405490e-01
3.889148459731351370e-01
2.191015691746649868e-02
-4.044389183328378490e-01
2.404074807176017625e-01
-4.253093682301347656e-01
5.108910061375708800e-01
4.423099140759435000e-01
2.960153157610180830e-01
6.907046436241445764e-02
-3.817300016270910312e-01
-4.299141146799519142e-02
2.342866298798867430e-01
-4.287270643406441151e-01
1.223274155231181826e-01
-4.320790712567448844e-01
2.860821429450749465e-01
1.091149455777344207e-01
-4.078415144406297155e-01
