-1.798169592572022579e-01
1.278412064701814344e-01
1.429443068596377431e-01
4.404147817062246673e-01
-3.571930697180154546e-01
3.804470428183810010e-02
-2.204097326851096328e-01
-1.121582959550327663e-01
6.614606070837423038e-03
1.418819885035781936e-01
-1.749334112562290489e-01
-2.594335861170142810e-01
4.371157628511614102e-02
2.834708427638529260e-01
-1.189332264880073320e-02
1.053143447038880354e-01
7.941984579682387357e-02
-2.069020819637860248e-02
1.995716996627380085e-02
2.885975979058197360e-01
2.934705455145631969e-01
2.097195886106740237e-01
-2.122881718896412750e-01
-4.564810050804193886e-02
-6.696923289065995211e-02
-1.291133048032648833e-01
3.725744274894714214e-02
2.378753770510289300e-01
-1.925420608284945656e-01
2.429187067033383718e-01
-2.022083243730207758e-02
1.565126384721824693e-01
4.761475904978552942e-02
1.372260914443845237e-01
9.519126394339436081e-02
2.049535147803968060e-01
-4.659686534351447640e-01
6.083735035356310598e-03
-2.314889898339577701e-01
2.909044721581660609e-01
3.091959335185121560e-01
5.779288797706733094e-01
6.626360648582467483e-02
2.758527572735681166e-01
1.600350829252531748e-01
2.007832241735710635e-02
-2.751909439372155486e-01
3.407617322743317079e-02
-4.645160383702917617e-01
4.127688544336797216e-01
-5.066897649202450893e-01
-1.944780069413905299e-02
-5.364914787984804700e-01
-9.627451548338783471e-02
1.364327838189056119e-01
3.196420110155656635e-02
-9.276919320158638627e-02
-4.758360382117016174e-01
5.869010717672189514e-01
-1.275160703167101395e-01
1.200440888826856956e-01
3.105112629999706719e-01
-4.856773147787815659e-01
-3.254489423104345303e-01
-1.897309794081686873e-01
-3.892190437690071225e-01
3.871479997551797725e-01
-1.001459600967875840e-03
2.453387501129708492e-03
9.935797874769383697e-02
2.001657655070049613e-01
5.264257561037217759e-01
2.274197393046904492e-01
-3.261717778305618376e-01
7.820364789448334963e-02
6.613115161737161130e-03
1.372154551134728284e-01
4.099697150803431889e-01
5.646855695603210101e-01
-1.218018225197421978e-01
3.666804895157662475e-03
1.597737669435182750e-01
-2.554565478293754563e-02
-6.929308779239629068e-02
-3.392344514508957021e-01
-5.678525205070927839e-01
-3.231896011736825058e-01
-3.570637332136334940e-01
2.418505551978966939e-01
-1.568265321000718859e-01
-2.290235520134138447e-01
-3.560174007764339565e-01
-1.606818751933983547e-01
-1.638910215229866241e-01
-2.252513663523206255e-01
-3.663624543201775552e-01
2.968466102773359983e-01
3.393623135184348216e-01
-1.558795470099832714e-01
1.597578071262504285e-01
1.147405850572794928e-01
2.520907466017608400e-01
-1.048297619270595199e-01
-9.996631776555912896e-02
9.854629817419485738e-02
4.050418286515128363e-02
-4.874501104499389115e-01
-2.028818292481827656e-01
2.556803345837717067e-01
-2.648138016891887214e-01
-4.210033200944045539e-01
1.144219255527637868e-01
-3.190341269604545227e-01
5.345066152373627588e-01
-2.069673526271844644e-01
2.198131914388215535e-02
-3.195082048117494633e-01
-3.052205982815567320e-01
1.343150604282391247e-01
2.510316092037695804e-02
8.384737246858072757e-01
1.799005468657862705e-01
1.739159197791951827e-01
5.405373724427611770e-02
-1.495243397395841223e-01
-1.668661670937916508e-01
-4.133459955357171589e-02
-2.678934008250943855e-01
2.336776486330691474e-02
-1.555562239523585744e-01
2.009756612137513776e-01
4.602183601653609402e-01
-6.541800164803102113e-03
-5.772159924129782738e-02
-7.206595424055111110e-01
6.941572185179620269e-02
5.090959587239118900e-01
-1.730882812570311846e-01
1.891017008746803674e-02
3.505900588865379364e-01
-9.040379478506548050e-02
5.216738691259331651e-01
-2.853049601024328918e-01
7.041114011985285526e-01
-1.179615312241434899e-01
3.232352146485596989e-01
-1.331570155648997278e-01
3.978982327880768444e-01
-3.443198881129519995e-01
1.263969705978384706e-01
4.105713013461588512e-02
6.018347463029884159e-02
3.298342795468906657e-02
2.143674212562199366e-01
-2.101106407420110789e-01
-6.343427755379524857e-01
3.507917514597375802e-02
3.372238180909171990e-02
-1.687358371379312494e-01
1.764805227220829775e-01
-3.299933814241671759e-01
7.171187927108861604e-02
4.232392411818718392e-01
-4.570467473249809065e-02
5.664943003013025447e-01
-2.070919853035919356e-01
6.724935861737368903e-01
3.936673367517429245e-01
-2.307045143077873783e-01
1.089186450508720927e-02
1.033513626526585960e-01
4.213596168914150453e-01
-3.152670610352337199e-01
-6.238732133230047439e-02
2.854548403996355344e-01
4.482444448566205164e-01
-4.659392279548111859e-01
6.271370251475892610e-02
1.479572255159298244e-01
-1.165971031200976893e-02
9.856973490755044365e-02
-5.853883745275465511e-01
-1.136527062862787429e-01
1.010568007700021198e-01
2.783377146534317115e-01
-1.901674474039906082e-01
-1.721477714146146254e-01
5.610652918431106029e-01
2.040795412866906744e-01
-6.759878612519187868e-01
-6.242100876346144689e-02
3.252196220562778017e-02
1.116458177074092090e-01
1.844547547102635132e-01
1.047710870100683478e-01
-1.631134713952228088e-01
1.611896152631474566e-01
2.152482007235406725e-01
-3.833966958048325435e-01
5.135111132986358573e-01
-2.474983942062577436e-01
-2.694120494843529889e-02
-3.855544625288849225e-01
-9.177632118302592179e-02
5.840383276427940640e-03
-5.470958719543761450e-01
-9.724218313942165071e-02
-2.273928575053185130e-01
-1.322658834014492912e-01
1.967071467733406132e-01
-4.652893504109112399e-01
-1.228062604217771969e-01
2.298045127491627204e-01
5.616995963953006488e-01
-2.222181276485452328e-01
8.099327903497686998e-02
-1.470758974424248300e-01
-8.697198931391880716e-02
1.213681413526762898e-01
3.003281476210954426e-01
-3.869628226416974570e-01
1.514346897271795223e-01
-2.466322095543308501e-01
3.123434215905759315e-01
5.071056425010997959e-01
6.166203791425968472e-02
4.206137270861527999e-01
-1.868817845239590936e-01
-8.070914034444601204e-02
-3.946264133924267115e-01
-2.838415797228769910e-01
-2.789831645187641485e-01
-1.532895252124187591e-01
-4.343747077944380003e-02
1.506232290179127242e-01
2.576525354587533845e-01
5.632733817574875346e-01
2.658012650582269876e-01
3.680878378410791241e-01
-2.694992781621073918e-01
-3.429527968052419745e-02
1.992654570796979774e-02
5.381443627776594241e-01
-6.159211161383175703e-01
4.857477505666419892e-01
-8.040636039361381826e-01
-1.047904286550942754e-01
4.648693270087376206e-01
3.689609020492212038e-02
-3.992232621990134955e-01
3.454231860779878593e-02
-4.046376151819020550e-01
5.449279604772619967e-01
5.676121198987180705e-01
3.185428228108995174e-01
1.180042868022502245e-01
-2.141569098867650012e-01
-4.446858177073031299e-02
-1.605497058274027444e-02
-4.820214155734480199e-01
8.410947670693953715e-02
-2.961662994983718100e-01
2.824814147061172620e-01
3.061278147724330601e-01
-3.906687024480465231e-01
