-2.096928225310670801e-01
3.995188862297894827e-01
3.036816571222387962e-02
6.354001495660104304e-01
-3.339796617049107796e-01
-5.000571274238083119e-02
-1.500905817892438376e-01
-2.490596744750117331e-01
2.683942604668292098e-02
2.194244793107786307e-01
-8.811937040113787534e-02
-3.589861566226237310e-01
1.442131547894152099e-01
2.621484859086418151e-01
6.618972614377213737e-02
-1.229846026800087144e-01
8.676323344303893403e-02
1.186234588160194059e-01
1.905862998595730939e-02
2.677353866538666471e-01
2.911169213808373346e-01
2.923762208452770350e-01
-7.358689605334602091e-02
-7.858334922669948930e-02
-9.175737120802368585e-02
-9.407432666568113500e-02
1.019004858590223661e-02
2.132807205634031367e-01
-2.812752556946705451e-01
4.686927059687014951e-01
-7.486300510365681560e-02
1.855086237169895069e-01
8.180709954905206194e-02
1.868885691159527518e-01
-1.649586047111132464e-02
1.907447656454935025e-01
-3.438791411216023941e-01
3.036130844181333943e-03
-3.133527953641861430e-01
3.196649139007889939e-01
3.710254937346550430e-01
5.074366196711823651e-01
3.061964454309298866e-02
3.286309412532074647e-01
4.210030322854674961e-02
7.118328820453539985e-02
-3.551133751627941759e-01
9.923820285911771899e-02
-5.627220980192025879e-01
4.079229139908718271e-01
-3.888695593531987238e-01
2.345763303567063862e-02
-6.807967551336131518e-01
1.620547608225143821e-02
7.043376402307133244e-02
-1.984117055281799102e-01
-2.494248637595702922e-03
-5.980270295600789154e-01
5.884697351870972204e-01
-1.897449713414373074e-01
9.069001436617329936e-02
1.606992622911533608e-01
-3.253631723147076826e-01
-2.803037177006768577e-01
-2.611246683719256612e-01
-3.625752467480217733e-01
3.638511815241604053e-01
8.229370532422944362e-02
1.166930944306782958e-01
1.818346018076265058e-01
2.863545566092822736e-01
7.061100645555011823e-01
-1.671836879376855656e-01
-3.043881645326592111e-01
2.706572554800442676e-01
-3.863694064756209579e-02
6.598659246241889154e-02
2.987889109073522120e-01
6.741484367854100324e-01
-1.451370569481950923e-01
-1.087363996516783893e-02
1.550684616150282968e-02
1.466879559758051399e-01
-3.042385246821255329e-02
-2.856731963327360790e-01
-5.477637167311351085e-01
-2.713367209463484198e-01
-4.819756715374852174e-01
2.092919431701596722e-01
-2.091331360858392774e-01
-2.840588913508604874e-01
-2.979939089244096340e-01
-7.012907758187621188e-02
-1.654655012077657361e-01
-2.885770837261132926e-01
-5.107536420048052195e-01
4.605427154529029288e-01
4.924400040425799263e-01
-1.441480578782878830e-01
2.692155402295137168e-01
-5.724560490907618093e-02
1.821743536844377398e-01
-2.586832402933005315e-01
-3.113611293684862558e-01
4.740465314244374229e-02
-6.869522213058207316e-02
-3.347553312310762585e-01
-2.670164382459035979e-01
2.401411310917345165e-01
-3.407441997584169657e-01
-3.603603672106065470e-01
1.703293116152299336e-01
-2.519535282305971347e-01
5.984062516978976287e-01
-2.445031796995188189e-01
-5.692304181339064018e-04
-3.356275202657733603e-01
-4.057946663444553792e-01
1.850792073364127543e-01
2.498200843950788841e-02
8.184399307303786841e-01
2.327670104388472883e-01
2.695993427377120222e-01
1.797505684820228933e-02
-1.935573293549118501e-01
-5.123484133960246045e-02
-3.846988423658467826e-02
-2.182254616344875831e-01
-4.434235358426158458e-02
-5.942307263350196656e-03
1.602274404945608910e-01
3.411360940213128412e-01
1.110105360109807648e-01
-1.152379559427650912e-01
-7.832379828120763499e-01
6.683282955754585308e-02
2.607403268973308430e-01
-2.763000045892716749e-01
2.540057596695778908e-01
3.323753073383855505e-01
-1.106191908954078928e-01
5.644334955057330738e-01
-3.973634616389966068e-01
9.070626106756540796e-01
-4.060894173337473712e-01
5.049413707526639872e-01
-5.262979697394110784e-02
5.124048592067915742e-01
-4.428322504196258169e-01
2.313184788743157805e-01
2.048068106007397415e-01
2.840665326482880171e-02
-2.277985205884146269e-03
3.809951011485426253e-01
-6.962662739132305378e-02
-7.568586552949229107e-01
2.032536175317333216e-01
7.950746114778713125e-02
-2.069065609586097088e-01
2.950097779867226211e-01
-5.479090093974893216e-01
1.763347225439202137e-01
3.579766964502204551e-01
4.505553865743192749e-02
5.069294706191537214e-01
-2.337750608109225581e-01
6.556139380971468533e-01
4.812467334357386495e-01
-1.134490418590426153e-01
2.640162407650262777e-01
7.440079701880245033e-02
4.792717532471157948e-01
-4.623012256098965045e-01
-1.979209072864917540e-01
-9.939247088737107605e-02
5.125465810633252906e-01
-5.144063110292373953e-01
4.984478706371546497e-02
1.954887026667222472e-01
-1.821058929067548848e-01
9.443599347847543568e-02
-6.805599293996781318e-01
-1.322847611975180304e-01
2.250663979516147328e-01
3.808470042623923746e-01
-1.853694510743332524e-01
-1.019349451904236481e-01
6.464278445424724850e-01
2.289786530203231085e-01
-7.431087501255365657e-01
-4.507666905990251327e-02
5.720783844716040983e-02
1.238383180631115327e-01
2.304734571670244425e-01
5.497065932209665995e-02
-2.229456163437648908e-01
1.591052849635237187e-01
1.722934243873041893e-01
-4.461442422508291594e-01
6.160418417931623480e-01
-2.989916502908284146e-01
1.137113472417840832e-01
-3.900223805819253986e-01
-7.452836806837800920e-02
1.722664383054789417e-01
-4.925487123346755647e-01
-8.138825800699453494e-02
-5.342812043051878845e-01
-1.588723413561228259e-01
1.234416156822982363e-01
-6.126513863011852079e-01
-1.359764352636544937e-01
3.061577686350188121e-01
4.103490885250619113e-01
-2.160100642315190556e-01
-3.988998536642288095e-02
-1.459796356332433431e-01
-1.330101305501880105e-01
2.426262658839197228e-01
2.955408737021510412e-01
-2.720867475210065889e-01
1.136131930127482620e-01
8.988849241114449384e-02
3.875826067452571300e-01
6.664448787752794701e-01
-8.186226588821715611e-02
5.016960018876810423e-01
-2.819264226492828040e-01
6.054166563107729604e-02
-4.307731660894218439e-01
-2.917225386807443810e-01
-3.678535328085122957e-01
-1.317943156526360238e-01
2.545859677666053589e-01
1.155422364431458737e-01
2.947463099773998119e-01
6.034157173630407822e-01
3.403068209223470975e-01
3.635130309616835254e-01
-2.335214383816588968e-01
-6.325582729984757790e-02
-4.418884240355926141e-02
5.455214204447534909e-01
-6.837202723758051270e-01
6.066562464500013796e-01
-8.032957513085283718e-01
8.550740232640044458e-02
3.889148459731351370e-01
2.191015691746649868e-02
-4.044389183328378490e-01
2.213065299619487447e-01
-3.974211929448996927e-01
5.108910061375708800e-01
4.423099140759435000e-01
2.960153157610180830e-01
6.907046436241445764e-02
-3.817300016270910312e-01
-4.299141146799519142e-02
2.342866298798867430e-01
-4.287270643406441151e-01
1.223274155231181826e-01
-2.977887842270198204e-01
3.393726405621040887e-01
1.091149455777344207e-01
-4.078415144406297155e-01
