-2.744919111036717707e-01
-7.362947268625547048e-01
-9.849559592651879747e-02
7.725569288374175558e-01
7.858241841520428039e-01
-5.450407778782561108e-01
4.922160095654418144e-01
1.208739722242849091e+00
-1.835613084387667460e+00
-1.086925183133337747e+00
-1.012381753058360090e-01
-9.628886487352937840e-01
1.162664547280841010e+00
6.130323742490128014e-01
-5.812346776248396019e-01
-2.394704785241197786e+00
1.162733842994012168e+00
9.606618378622839849e-01
-4.172073567376148318e-01
-2.254156521987278339e-01
-4.734267905063758164e-01
3.091229705109251880e-01
1.520434645880527569e+00
5.404969595113600089e-01
-6.232013902412358863e-02
-2.742802060051422464e-01
1.071950170544085368e-01
8.535811540688408305e-01
3.366996686541265937e-01
8.274322510318238288e-01
-1.022783020461431658e+00
4.287875915619402956e-01
-1.102591340142609067e+00
9.926738944384222441e-01
-2.830757468145661537e-01
4.599108721152280754e-01
9.421889251862306525e-01
-4.209227056619690988e-03
-1.039942539500340324e+00
1.118825613874116609e+00
-3.176371076588054287e-01
-3.583673986760725350e-01
5.160796300741734566e-01
-2.102000720148871626e-01
1.343262175856020924e-01
6.876246805348562585e-01
5.343364984971149534e-02
-7.615657144376034582e-01
6.105793738232129231e-02
1.059762098210287329e+00
-1.874695188663770828e-01
8.752520620052270939e-01
6.548730217346466764e-01
-2.038382553774145678e-01
7.428075089500995043e-01
1.039092312784008598e+00
-6.455512377891705622e-01
1.399886164842814251e+00
6.012314328293089094e-01
6.552805917949533487e-01
3.011076827670796652e-01
3.019886533244058868e-01
1.867657333528410790e-02
-1.011443485564528899e+00
2.564332358075455121e-02
4.095213731811528923e-01
-1.619120169715485780e+00
-1.205045377051436883e+00
-1.351160411868958522e-01
-4.776085583745830476e-01
2.574355749089595191e-01
3.124492176134214261e-01
9.019274807667979621e-01
1.267105379422701628e+00
1.057471499144778893e+00
-1.305247043337842694e-01
1.408268127896697530e+00
1.656956209124636370e+00
4.768886411511956136e-01
-6.011199483649751762e-01
-1.124756266321597531e+00
7.350898940632362155e-01
-6.348545760689422446e-01
-7.710828475137138094e-01
-7.177821667306889530e-01
3.676757180717264983e-01
-1.092102444344799639e-01
1.437807863406902475e-01
-1.767544442272406258e-02
7.729454871142360517e-01
1.937450292804858143e-01
-1.161782355670363920e+00
8.148353021727712253e-01
-4.030789132490849025e-01
1.595850795033733949e+00
-9.580134631023353720e-01
-1.174536691123248211e+00
-8.632470452532893246e-01
-4.610041380241447495e-01
-4.709461974050321853e-01
1.427476675895995140e+00
4.826407167170291279e-01
5.193479712655526548e-01
-1.416006977925015065e-01
5.389053566251971183e-01
-2.077105497805732170e+00
3.519164572570203653e-01
2.640301528863560065e-01
4.198886179358396475e-01
8.187189549632217789e-01
-1.506047178013181886e+00
7.311361630895554242e-01
3.936998225329913503e-01
-1.660118467345260251e+00
4.367597522069813221e-01
1.025540352381391518e+00
4.340648337510278343e-01
1.131769777335227101e+00
-2.173720220797121794e-01
-5.547669099484388022e-01
-5.728450381183186613e-01
1.221089940142970454e+00
3.290276206731841957e-01
7.226804525901027176e-01
5.774347257198801930e-01
1.084516450027541712e+00
-1.136657281898183269e+00
7.562470801453353708e-01
7.813002871580015940e-02
4.785970653721491885e-01
-8.542407493651975603e-01
-1.023504063283070087e+00
-9.331813954092649244e-01
1.054862325383864929e+00
-1.005384465223408963e+00
9.105591392203897794e-01
7.357369175049431886e-01
1.929884949255761040e+00
-2.930971183315795314e-01
-7.431625544841024000e-01
5.210690216404251229e-02
-1.688395907590006240e-01
-9.137664142249157795e-01
5.724393534248241044e-01
-5.917853347099469863e-01
1.057507951769293353e+00
9.712615672472355577e-01
-8.895546145615398359e-01
4.304703245858202409e-01
-4.125444125182929356e-01
-1.713953925097602693e-01
6.159559157434575383e-01
-1.141686261171581673e-02
-1.358379264102440587e+00
2.050078512146535914e-01
4.653161154601196392e-01
9.870357826026699977e-01
2.196626285824713420e+00
-8.796874634179234764e-01
4.234473395743350577e-01
-2.497617154211956292e-01
2.759495900330709572e-01
-2.760136583110344155e-01
-9.779645067540188030e-01
-8.413534041117756157e-01
-5.770641006446876053e-01
1.298733197750503443e+00
-1.234309591409540774e+00
-1.043421431293260149e+00
-8.804701250208462060e-01
9.880381601713427164e-01
-9.197317585950857133e-01
-1.559083049220554296e-01
1.478233120795882094e-01
-8.714704991041384297e-01
-7.855513024544977796e-01
7.238258975143245788e-01
1.250788697997415322e-01
1.488811420826113840e-02
6.567048424974386567e-01
2.142621143908317038e-01
-2.852927723529127824e-01
-5.582036978100326508e-01
1.731942768062318394e-01
-8.006910965420318549e-01
1.109280851345832541e+00
5.069999271925701434e-01
-1.101567128708107912e+00
-6.140404314199241487e-01
1.712384740492763457e+00
1.295679751103238297e+00
7.435479932467221609e-01
-1.015317237366442971e+00
-1.520424313257854321e-01
-1.806390984373684727e+00
-5.605829574624036082e-01
7.246708762228195599e-01
-1.987013099773738967e-01
-8.893569960234866123e-01
1.613811709571503883e+00
2.077283068044180614e-01
-1.318533082421266434e+00
-1.268800941917764824e+00
7.508238146814841807e-01
-1.503635569599491184e+00
1.134274316477345668e+00
-2.721493483851122330e-01
-8.031961010235501019e-01
-5.127215410321321887e-01
1.553827661121814363e-01
-1.956045515632267029e-01
-6.682662578243789842e-01
-2.885741050996698531e-02
2.045210366906236032e+00
5.134769870412059234e-01
-5.875561827228055201e-01
-1.458569689976414008e+00
5.562046185560098888e-02
1.404394574372702098e-01
-5.725845835597698219e-02
-6.155701623870357686e-01
2.379125411561316406e-01
-5.369667359382918059e-02
7.106465046606984526e-01
-9.587860395727942908e-01
-9.192856472581291127e-01
1.626687711225611732e-01
-5.052356080829764062e-01
3.508797258264911290e-01
-1.354976789235313728e+00
-4.774763286971079324e-01
-1.234320481934201963e+00
-1.283160049325813290e-01
3.849622145678162077e-01
-6.869239193320378911e-01
3.211540459975865680e-01
4.826037682985317989e-02
9.435224708534599714e-01
-6.459887669726225301e-01
-1.798297123040057510e+00
-1.396688185758584222e+00
1.611649782633218231e-01
6.011896843160834392e-01
-6.022755088270389523e-01
1.126437709417448252e-01
8.101486657541556724e-02
-7.113867569631875387e-01
7.924984754647783625e-01
-3.903210617041154018e-01
5.237468965476617111e-01
-1.318527709624480515e+00
2.359243681415283955e-01
-6.654484289961914989e-02
1.083544384099598634e+00
-3.189827096240905879e-01
-1.224158666159397280e+00
6.638362829548327682e-01
-1.407482154531510599e+00
-4.552145549289770554e-01
-3.683194796310112484e-01
-2.000749665694444346e+00
-9.024252745693690514e-01
4.232444620639526089e-01
-1.007671623752701029e+00
7.225330781039888128e-01
