7.896974863996728544e-01
-1.888550089736968918e-01
8.830589743777299550e-01
8.583173329841617960e-01
6.316008801841470621e-01
1.326476405908737499e-01
9.413474740249900830e-01
-4.793293853809600380e-01
4.560801575082938375e-01
1.078278409347197542e-01
-7.271508928150703932e-01
-7.751454704778252269e-01
7.022623392906560680e-01
-2.074671920194834929e-01
-1.577896143925718198e+00
8.638687772028124101e-01
-9.798326747590138663e-02
8.243863310857824089e-02
-3.696445597376714631e-01
-1.346657845573896894e+00
-3.892447713593531478e-01
8.213837848113162421e-01
-5.776821438822123955e-01
-2.504712172521273983e-01
-4.053374384854127044e-01
-1.815898204809790473e-03
-6.830507784800841087e-01
1.022064142066377856e+00
-1.195356189259909829e+00
-4.034676883175834505e-01
9.825144519111944641e-02
3.074531753007889168e-02
-7.068174029998904873e-01
2.759316981347518238e-01
4.650808613120944734e-01
-6.123595228568330384e-01
3.864554452012143593e-02
-6.990595543500937037e-01
1.251159820267027545e+00
1.123157012913691410e+00
-2.932370155429177561e-01
-2.404392744951006078e-02
2.879553381395577594e-01
-6.577541593715938717e-01
-1.803640202859424724e+00
-8.635095855583169167e-01
5.942614018644396534e-01
1.015664149568814567e+00
-1.448963781524367889e+00
6.847501468708998562e-01
-1.125640424719905330e-01
-8.413263608807448612e-01
1.206524246384408805e+00
9.605180850190833119e-01
6.658570192845085778e-01
-3.255029820946439556e-01
8.600469913540286226e-01
-6.971203602952995571e-01
-1.183797509981943108e+00
1.285490104771853104e-01
6.513233762634048629e-01
-9.533723266650776518e-01
-3.710777576938532052e-01
-6.414191609825701246e-01
-3.233475901388536133e-01
-8.163070520849475820e-01
-4.934290627524711148e-01
-9.191432858204370282e-01
7.340792908356956747e-01
1.122714191106955139e+00
5.417966637678583997e-01
-5.534325911551317700e-01
-1.342702938213713226e+00
-2.992514200509427402e-01
6.257347102921967386e-01
-6.650913319689635284e-01
7.742729643260544137e-01
3.751765168702998476e-01
-2.182527666806658440e-01
3.481939750356384256e-01
6.475122305239693343e-01
3.825050245784508696e-01
-2.864345312760501749e-01
-4.242063506104953863e-02
-6.994254315178081161e-01
-9.064873630237382240e-01
-1.178470430929370094e+00
-1.997528188658518555e+00
-3.580046280614457843e-01
1.114259424141565091e+00
-4.059717484871619431e-01
-6.872644157197976833e-02
3.185489246353406800e-01
1.724146285150513214e-01
-4.043636174724576371e-01
4.776081207610269885e-01
-1.048659950570173111e-01
2.419947641187058796e-01
-4.953139082741335741e-01
4.919036249561457019e-01
1.341905893857499699e+00
7.830629660266328340e-01
1.010177726563561640e+00
-8.270905582199220563e-01
-1.061657985896886647e-01
-1.036820655318794859e+00
1.030066136199768501e+00
-1.942716304913384429e-01
-6.901299549401097577e-01
-8.402382096809123402e-01
1.576802886240635804e+00
2.578317097142777126e-01
4.627888259988294228e-02
4.638091484274295961e-01
-3.113172187305759397e-01
-3.375324343527604243e-01
-1.920290395754358781e-01
-3.769094520414691951e-01
1.639236122848524158e-01
1.086653034358504355e+00
-9.892726857025491149e-02
2.135094744155237312e-01
-2.496071541550981265e-01
-9.956891936952116939e-02
-1.177672317554339765e+00
5.050912763660677651e-01
5.617580084624684833e-01
-7.947882873431409978e-01
-1.773276569000181158e-01
4.319103988627133739e-01
1.257498954078889675e+00
-1.006560819291991149e-01
1.169060596427003773e+00
5.449696032855008698e-02
-5.205656231096109643e-01
2.745483058966549650e-01
6.458133396978729124e-01
-2.382715396199332480e-01
5.781127135020118768e-01
-1.253472909617414643e-02
5.515614160912303277e-01
-8.362460869250292195e-01
9.155429715580261085e-01
-3.738732144522697309e-01
-4.794941573501050880e-01
-1.042854314617329692e+00
7.549073083573625276e-01
1.858027507220087748e-01
8.076188929166903119e-01
1.333177254612094575e+00
2.350994290998081326e-01
-5.559499206473387245e-01
1.594787809755257857e-01
-3.317746069613620730e-01
-4.479554375630708796e-01
1.234621264642464522e-01
6.867374869356057676e-01
6.799515746541793249e-01
-1.064001162265101774e+00
4.330285684155067427e-01
2.224879718458339095e-02
8.727838277250664634e-01
1.188706386697154338e+00
6.784089535526584003e-01
1.024398920282618280e-01
1.367925042294914906e-01
4.058642034299885237e-01
1.030978721930931652e+00
-7.326132704322153577e-01
3.793863929683090053e-01
-8.191609959039374278e-01
5.010119399800757600e-01
-7.108394045751684764e-01
-4.534766237727692051e-01
-7.706538220500158687e-03
-1.180092542944027878e+00
1.377401962864775786e+00
4.410981340445088161e-01
2.674349516459473275e-01
3.390502664909449959e-01
5.069286756892443790e-04
1.303014673456834305e-02
5.561416970100339086e-01
2.176108146576475333e-01
-1.428791919206958971e-01
4.962024989857527490e-01
-1.146406835442337346e-01
1.197476365293495215e+00
1.895752131865526269e-01
-1.873880149244689097e-01
3.703995495439915131e-01
8.126123650204128968e-01
8.037047405014940971e-02
-5.922459177231291783e-01
5.348146462329028683e-01
7.284934422812623378e-01
-8.487018176948221138e-01
-1.036020744763962442e+00
1.458022751328015565e-01
-5.561369312594104386e-01
-5.746509566406150515e-01
7.997771844320193946e-01
-9.729726101329322363e-01
-7.500840069209493421e-01
1.380069058147129102e+00
-4.400412016989393438e-01
7.622558890411561539e-01
8.119988265650774917e-01
-8.820368221758240201e-01
-2.956270602834479844e-01
2.469689933498162016e-01
-1.322856026843334920e+00
3.827205309223831176e-01
4.383458781341875166e-01
-7.371416328508335614e-01
-5.072905311393225425e-01
8.155476435341141306e-01
1.498554280284771778e+00
6.356122718242579461e-02
-7.184575357835325526e-01
-9.858554720458005960e-01
1.605625001475244229e+00
-1.167291867878921474e+00
-8.752230786329772139e-01
1.113338558641856935e+00
7.217843499187021061e-01
-8.813808232234108253e-01
-5.568039057998519503e-03
-6.783706717493502847e-01
-7.403673687031078754e-02
1.391550056452420137e+00
-7.795721710365047796e-01
-4.112198897113896745e-01
-8.642835416449241581e-01
8.595151318017415498e-01
4.945649969608148511e-01
-1.879435150618433137e-01
5.280696867556335938e-01
4.006441984383176669e-01
2.467964788596224146e-01
2.694044048879474795e-01
-6.924482314198258104e-01
-2.094624073762880179e-01
1.567628258469196290e+00
3.085853657637947500e-01
-3.359279282788860677e-01
-1.396165714080165321e-01
-1.202055359871613827e-01
2.806751478662675714e-01
2.003609503862474606e-02
-2.615751123513848642e-02
1.050098906392495923e-01
5.379938866920672691e-01
5.899213960159583880e-01
4.396593526932811025e-01
-1.616412097673142756e-01
-1.160437420750838111e+00
-1.321603851781321559e+00
2.625604937322194576e-01
-2.838934642901638217e-01
-9.324408738295394405e-01
6.571263639898481390e-01
1.025564477606031533e+00
4.108100804440295573e-01
3.030906575227124700e-01
