-3.785903428443643248e-01
-5.956879951354863145e-01
5.994756916405979963e-01
6.296991784609113907e-01
-1.361027998221920665e+00
-7.403101297373057554e-02
-9.736890060321934381e-01
2.110147018896177395e-01
9.572979297885870764e-01
-1.567934033358720836e+00
-1.297952573837977575e+00
6.692251316676611772e-01
-6.280932017407364620e-02
-1.419477493500933551e-01
-5.735569870271817194e-02
-5.675467059897076894e-01
-2.106841757652481162e-01
-4.874250182350569061e-01
-5.854214028418666116e-01
1.538325137727737935e-01
4.198111310186406486e-01
-8.981750972969958502e-01
-3.450515246293345273e-01
-6.230472090916163719e-01
-1.030166443015918976e+00
4.929269700387137743e-01
-1.787838450463345441e-01
-1.263850246748369877e+00
6.398808348725090189e-01
2.780969012198175605e-02
7.386340174833498917e-01
1.523278553132241697e+00
-4.770608614491182731e-02
7.625713481138830518e-01
-5.372369716475451362e-01
-4.648789486121937542e-02
3.889532065989236842e-01
-4.662225968269977372e-01
-6.773668266389589743e-01
-4.420296580775553430e-01
2.831098010403400034e-01
-1.047190170703322876e+00
2.783694105336708136e-01
1.982516832322606115e-01
-4.073781329300184550e-01
-5.316428603036267297e-01
7.415233505150002902e-01
-3.006854492710860915e-01
3.126153419371952014e-02
-8.187926945046403171e-01
-8.965439877477683339e-01
-6.132926523296148291e-01
7.667890856660491972e-01
-3.709062215795261297e-02
5.694520163581009431e-01
1.373502642105703109e-01
-2.695553663578983405e-01
-3.415967696061300019e-01
2.176546598537845156e-01
6.332675145048580201e-02
6.884508223131264870e-01
-4.286568038483057341e-02
1.005521174008002783e+00
8.318379790096496196e-01
1.440985359586952064e-01
4.654822512949237101e-01
1.371862358242485813e+00
1.027853677533587362e+00
3.508276129380463182e-01
6.335314078484891032e-02
-1.067200518796124653e+00
-4.808438479319004921e-02
-5.784078479992441624e-01
-6.047544686085783994e-01
6.101112625868709838e-01
-9.184813863795424638e-01
1.342051069054027157e-01
-5.147944064017282439e-01
1.516012002763074407e-01
3.142950762677754195e-01
7.803965959906975502e-01
-5.500797559939643588e-02
-1.835231297213546053e+00
1.232446482235881380e+00
8.508673017981152054e-01
1.742480203835478969e+00
-1.328359466314212423e+00
-1.994501519743174245e-01
-3.671728907862453761e-01
3.092903352076806223e-01
-2.498996731534318116e-01
-6.091943179433978450e-01
1.712365099460553819e-01
8.686761970266538846e-01
-8.741058082722918954e-01
-9.902646235001917319e-01
-9.319453402957037502e-01
-5.973330064289182895e-01
1.218635461945013210e-01
-5.800586576962398766e-01
4.251880560363320294e-01
1.021614978677531926e+00
5.771261980991639895e-01
7.080997360659615492e-01
-1.607668801827317306e+00
3.400937635422225380e-01
7.669009899874286162e-01
8.719580370773893918e-01
2.872414814862778165e-03
-6.810872646230939909e-01
-7.048064512682861160e-01
2.942944581829526340e-01
5.935088555767839558e-02
6.986009290450514442e-01
5.444887605819814791e-01
-4.708225598732596051e-02
-8.034270635117876092e-01
1.189043200979161830e-02
-1.232601064949670477e-02
2.086471118047799334e-01
8.160822041999722387e-01
1.041833877060881486e+00
4.137169894601767650e-01
1.166197770061333294e+00
-2.334923841881677564e-01
5.997853036964346796e-01
-7.102304269561545702e-01
5.209977890136583412e-01
6.339024100663203098e-01
1.602571716876255437e-02
6.896182362724725401e-01
1.147446049909945920e-01
-1.231150563081247817e+00
1.336312782297180535e+00
-8.850450967655523749e-02
1.914280841408855793e-01
6.823041387605124353e-01
2.561000365760751629e-01
1.473493045577384253e-01
3.865915097780214804e-02
2.570006765562669049e-01
3.323370176589033331e-01
8.817652739405427154e-01
1.436740234617715495e-01
-7.090829204242178330e-01
-4.503812682077473761e-03
8.507266222952301060e-01
3.951121753771180134e-01
-1.515064962790480529e-01
8.933486777122654487e-01
-6.735256430194153099e-01
-7.172546307621615602e-01
1.923896831980458355e-01
8.622110868652852478e-01
9.342463509110421338e-02
1.514138370494251040e+00
-8.462924522476295008e-02
-6.788904797960555459e-01
-8.187333233537289479e-01
-1.233411126972057126e-01
8.421477342438596914e-01
1.415764110845331158e-01
7.467427645484128185e-01
2.094362171972380393e-02
1.346954021679279134e-01
7.568506673505321913e-01
4.078749833599646935e-01
1.018714554187741594e+00
2.826973669803470868e-01
-1.755886128577663352e-01
2.915948972650941329e-01
-1.084058648714763262e-01
-1.043562074033600906e+00
-2.830925801938478092e-01
1.326751734647017567e-01
5.179964593099611880e-02
-1.024517350142868377e+00
-2.358774282837414749e-01
-4.815833173011482837e-01
-5.369382576996171164e-01
-4.229197149014583546e-01
-6.440837657865892130e-01
2.699502466805765444e-01
-7.754007138405558663e-01
3.551745860982310488e-01
2.042816230472043193e-01
-1.142224618734831276e+00
-8.371113464012507333e-01
-6.868159390965473676e-01
9.608005085108205501e-01
6.852672354725862780e-01
-8.401959683142073976e-01
4.815348731142470862e-01
-7.374680037420036083e-01
-1.453218390821848782e+00
-8.650733981448446297e-01
7.077757069915089350e-01
-8.396759913287982213e-02
-5.729381875349668363e-01
7.353774250132365520e-01
-2.545610244353210261e-01
-7.652614167836689907e-01
1.317024718180160647e+00
2.687446624039978582e-01
-7.059736826390490272e-01
4.687219185491756646e-01
6.415929851045445442e-01
-3.480673929179471937e-01
-9.859316460992906261e-01
3.441452718165379787e-01
-2.581502025276787848e-01
-1.065353403935651144e+00
1.133504918104364823e+00
3.835945141241263734e-01
1.102667963232148773e+00
-1.580427053177438368e-01
7.745828965375849418e-01
-9.689920371943980815e-01
-2.727977601966946608e-02
-1.594122093075746316e-01
1.632356622527940448e+00
1.277427551330999833e+00
3.192086870485340566e-01
4.402308136609751621e-01
-1.925049496622431300e-01
-1.273866920415701598e+00
-7.444282740752052874e-01
1.186729317014409091e+00
1.057476934801160340e+00
-2.211289207473410290e-02
-2.057320492733813178e-01
3.110527227112200310e-01
-7.052600366836498935e-01
8.019372427769738687e-02
1.005983119485011734e+00
-6.158334114192764996e-02
-4.766502248741396053e-01
1.007666814081589202e+00
4.587992386480863605e-01
8.010118097798064607e-01
-7.638117196106279927e-01
8.688293889230898071e-01
6.675810117950031763e-01
-1.716587697696390080e-01
-4.933971225036440367e-01
3.904885448491223765e-01
-3.416127240767705131e-02
9.935507252095971964e-01
-4.250660857899761780e-01
-7.002579297897082444e-01
-5.401272388861719786e-01
-1.456437452567648672e+00
-6.097967500901534388e-01
6.800359854410148452e-01
-1.530443732775447208e+00
1.182317543848178665e-01
6.484774277464434578e-01
8.618304698845007383e-01
3.224502848372652331e-01
-1.148781596642896696e+00
-6.184286209271655510e-02
-1.304125612667397238e-01
6.117042334825281147e-01
-3.062263377712128865e-01
8.263155223294060825e-01
