-1.154084478216787168e+00
-5.716251796979230360e-01
-1.335377789118372127e-01
-1.210883902963981740e+00
-1.476828751500762316e+00
-6.032329027310689984e-01
7.316361650280354123e-01
2.237872024004443072e-01
-6.175314059748637785e-01
3.443175819493595746e-01
-5.539912571050260581e-01
3.330172836376091849e-01
1.224175925421526756e+00
6.285844220379693814e-02
-1.275836350061641422e+00
-3.667360102069855410e-02
-1.021597814751397104e-01
-1.463576883764653669e+00
1.300882970821419571e+00
8.402871149827038089e-01
-1.210549022656082219e+00
7.080988239982709542e-01
1.416903815566900704e+00
-1.494410332135692188e-01
-1.421357072029818092e+00
3.728296662311781917e-01
-6.220055241891941922e-01
3.079505834388896801e+00
-7.860689841374624010e-01
-1.119715576644581878e+00
1.937095246980599983e+00
-1.482900603781495352e+00
-1.293013757133492092e+00
-1.169990494787036095e+00
1.395256977324316194e+00
-1.011510851497955610e+00
5.178232667040409964e-01
8.577286631497719194e-01
1.003592059698954042e+00
-2.036226810109907248e+00
-3.332501378284422056e-01
-1.433985376997425121e+00
1.597610072717288610e+00
-1.826652201732765324e+00
3.767141279200184045e-01
2.225748976284708247e-02
-9.349164827258190646e-01
7.744106731400740573e-02
-1.103659538297872666e+00
-5.238615167069247125e-01
-8.752221325040108191e-01
6.716984745789085220e-01
-1.770042203283702431e+00
7.310164332115682839e-01
-1.506104429293206204e+00
-1.001311372765672170e+00
5.211400685368104968e-01
-1.975461025648476143e+00
8.311602034978410325e-01
-9.374813070498833056e-01
2.094663272196098935e-01
1.002623998186985554e+00
8.139585993474135472e-02
7.748432496407950953e-01
2.159620906371407245e-01
9.422089417759782481e-01
-7.455539337062566663e-02
-5.307827396110822438e-01
-4.261639386770443849e-01
2.451677311662951997e-01
3.229057220808269624e-01
-1.131395976758352129e+00
-1.017393873971513374e+00
-3.818102649464800158e-01
8.062372822427317232e-01
3.245741362990340328e-01
1.442333179838106050e+00
-8.477307088866905538e-01
8.483547671490609954e-02
-6.299579498455282200e-01
-1.566126153370894780e+00
-8.451274315388555003e-01
3.707639720745395384e-01
4.205928419842617227e-01
8.945436960841705032e-01
-2.079378111615900693e+00
-3.556187196442371357e-01
1.506417438074049819e+00
-5.589083073440763716e-01
-6.417939123607590002e-01
-1.368166733864476514e+00
1.142526744326596067e+00
-7.118589348732038413e-01
-5.863667278403750238e-01
-8.018946317517655631e-01
2.309838000486125198e-01
3.234056729633740801e-01
-5.574873903537340691e-01
-7.519883559195905676e-01
-5.700934664151733333e-01
1.502527209219362003e-02
5.013283287749249473e-01
1.187204445506103156e-01
3.752324539619247279e-01
1.837132651833120578e+00
6.204390598192073281e-01
8.108074871097603609e-01
7.426772199296329813e-01
-1.412691558028741801e+00
-8.251103329832989441e-01
4.288313905822992989e-01
5.397974649704044836e-01
2.624190985776457263e-01
-4.983075872292510033e-01
1.874877235720102120e-01
5.974553714065430343e-01
-5.962847117720324608e-01
-5.864729282966719692e-01
2.317362189869505706e-01
3.176573689115377297e-01
5.066152459272912356e-01
4.233847609844093030e-01
1.177949022469575446e-01
5.982589775624624906e-01
-3.626737250708483296e-01
-1.243839784359530576e+00
5.198107881293325683e-01
-1.253671854742940628e+00
-7.829226126766084537e-01
-8.154335605175004886e-01
-1.785964490598334620e-01
-1.094194084916494392e+00
7.253417160379016515e-02
-5.293728168767002362e-01
-1.072614122840940265e+00
2.052545374290083213e+00
-4.561304700720436589e-01
8.182857390503280870e-01
-1.916107379820711776e-01
-1.252703692736001795e+00
-1.377759105868843204e+00
2.816745846796646080e-01
1.089473360169179728e+00
8.155014759136025582e-01
-2.866681674108081945e-01
4.301667622137448910e-01
-9.567714381861973649e-01
9.220873732806506018e-01
-1.292761409281287355e+00
1.602098502910500599e-01
2.873442336431097921e-01
-9.347747979263431040e-01
-9.667484577378400168e-01
4.266447181412544865e-01
-7.598208710813720845e-01
-3.361125058464692339e-02
-7.404170720560998564e-01
-4.493290767494683702e-01
-4.968968651929211444e-01
-9.654882018275562361e-02
5.188243316396583538e-01
1.442175811906255545e-01
-3.365230559259574372e-02
2.235123940992016500e-01
1.890712767672187322e+00
1.288247552250039396e+00
-4.861982494757404738e-01
-1.481333814374632185e+00
-9.335631736746410336e-01
7.164328669373926095e-01
5.559422395058771782e-02
6.894081098446405154e-01
-1.963300280447268342e+00
9.653884961975368606e-01
7.321609321263055081e-01
1.438136699324504830e-01
-7.280294785949207315e-01
-9.957249661703221344e-02
-6.427051132009899970e-01
7.845000634638077397e-01
4.910063942840648954e-01
-5.304981629218058492e-01
7.998900058612077313e-01
-1.160841421852291555e+00
6.374037882066062588e-01
1.603972510926494843e+00
-1.012220385822973245e+00
5.418891517954771420e-01
-1.241657654564558011e-01
1.257465303822238312e-01
1.535312364773055105e+00
8.515610191290629016e-02
5.074026402138192005e-01
1.146199924732179687e-01
-4.407068049279428412e-01
-5.118699350865887343e-01
1.463494522851134683e+00
9.801063637897872161e-02
-4.470676853003585083e-01
-8.197824011386516396e-01
7.960987600989679613e-01
6.610419085177465792e-01
-1.125186663793184216e+00
1.236790940370620095e-01
-1.896886133753500792e+00
-7.230287904281316180e-01
-7.293805663996657529e-01
8.245182885309928489e-01
7.206350885445238497e-01
-7.959370355430059885e-01
-8.578148343039617707e-01
-8.210218511431569555e-01
3.186531854694960031e-01
1.085869208596191626e+00
-3.790405853777759626e-01
-5.607593060863277357e-01
-2.619277665412501621e-01
4.613016083869534434e-01
2.071956803152931403e+00
4.339774500569116289e-01
-1.084911485912772644e+00
-1.513660163490918809e+00
-5.171075148323840409e-01
1.944245246544368921e+00
9.712078447343188703e-01
2.122246459081868486e-01
9.173812868186028702e-01
5.486685211846438204e-01
1.888773339671330431e+00
5.352866718252022871e-01
1.238706414502107833e+00
-7.880948424178562117e-01
1.460844970738739867e+00
1.142380505242064359e+00
5.300757612804699592e-01
-3.903236578041535676e-01
-2.895626333542052899e-01
1.281468393587245069e+00
2.370025654132209003e-01
-1.410231135937809466e+00
2.330028884680682144e-01
-8.855279802081328366e-02
-3.318096251061506963e-01
9.204839793998604858e-01
8.173055150250341239e-01
-7.377213913349351948e-01
-1.428832207748191863e+00
1.138783569501054416e+00
7.638642902115853062e-01
2.675227288322302055e+00
4.967777677565127226e-01
2.049366036780799760e+00
-4.381439634515169601e-01
9.145179894843566970e-01
-3.509490984762744792e-01
1.936895397739452074e-02
5.668511835572257462e-01
2.268507669563933238e+00
6.366531121696232809e-01
1.126078534943503850e+00
-1.555200977346532731e+00
-1.181206414768194879e+00
1.533403323549470954e-01
-5.336834085399984051e-01
8.428681837530944687e-01
