-8.330412166967282594e-02
4.076710191918445081e-01
1.436538981572421880e+00
8.199332292856886806e-01
-9.236010966811734058e-01
-6.466357609941022488e-01
-6.254452062086797159e-01
-1.497668641915420595e+00
1.134564349359218571e+00
4.967370952150221286e-01
-1.158236771114770969e+00
1.699550941639842716e-01
5.324233864395997440e-01
1.480730319958482311e-01
1.816208250481869679e-01
-6.224236702752699024e-01
-1.472533445610521241e+00
4.390662344435364295e-02
-3.631489786293462529e-01
1.087789967515566891e+00
-4.134481781346763807e-01
6.659887891262132875e-01
-1.657252655053979007e-01
3.896627770707041249e-01
-1.085239154777862813e-01
2.488444592299466906e-01
1.018092828968594876e+00
7.804552592848590375e-01
4.691530390051900645e-01
-4.683233680978141633e-01
-3.742307435596863852e-01
7.342112894395003142e-01
-3.504632516592628977e-02
-7.856950761193794985e-01
-1.623893307257090468e-01
-4.262159636615345804e-01
5.629181305481214537e-01
6.952600434016578124e-01
7.693118297629790714e-01
3.145281094233823849e-01
1.749212475020434088e+00
1.924860661245509363e-01
2.925918380698557808e-01
-3.594612419296723260e-01
2.749455418988117628e-01
-1.269996085060163260e-01
1.606640154686224953e-01
1.030160406233969761e-01
3.527188141666874333e-01
-1.450189561242304359e-02
1.033787154873973435e+00
8.025258763916807148e-01
-2.148948207383226894e+00
-1.197140814653989915e+00
1.796557405104356464e+00
5.205460841629121482e-01
-2.650071437927324358e-01
1.406819592189985979e+00
1.193853723635269981e+00
-1.168223292355555998e+00
6.837602843874457381e-01
-6.604282172970541431e-01
1.717465602420728432e+00
-1.395206147630492888e+00
-9.033625641462128542e-01
6.890291917478443828e-01
1.341694627678803764e+00
6.745734120297423031e-01
-3.072696463079918061e-01
-6.513569939043301060e-02
4.905727520213063464e-01
1.009317541450215794e+00
-4.076075226603522728e-01
-1.598210440540980826e-01
-1.019126334419413915e+00
7.116329565346452002e-01
5.654124944899319161e-01
-3.004728601467783755e-01
-2.513867332469320592e-01
-9.911149195149584479e-01
9.143955938682782891e-01
-8.319992109346057152e-01
-5.523202428220542748e-01
9.254238010368015521e-02
9.149034314084969477e-01
6.657332912200270014e-02
6.672211193545554142e-01
7.013121246026338129e-01
1.192785302306334394e+00
-1.020159050257215538e-01
7.299399723371833293e-01
-5.007975061238966186e-01
3.214697410921054654e-01
-9.172759281767856043e-01
1.042926202049234696e+00
7.902623046099510606e-01
1.928769559890581020e-01
7.491096137566112256e-01
6.584744409822824718e-01
-1.435194965311709647e-01
5.039338864835729570e-02
-2.014772709805435214e-01
5.828415278601873917e-01
-1.766542527738130808e-01
2.660382503862783743e-01
8.331325782029673777e-01
8.404648398814454913e-01
9.746507828307495735e-01
5.269931795026309151e-01
-5.961697669816403700e-01
8.204468561018224415e-02
-6.922272452196284176e-01
-3.842166618531920319e-01
1.183205413720800347e-02
1.045559851205938584e-01
1.987832289455272183e-01
3.504317835097839340e-01
-2.502126184621253913e-01
1.539185806839303394e+00
-3.166693466118544187e-01
5.803283692712354336e-01
6.641660628648561326e-01
5.839530270588657590e-01
3.497978167243807057e-01
-1.040077657462954885e+00
2.388883578962968934e-01
6.747489237094650427e-01
6.847523388396149491e-01
3.684344394129594469e-01
-5.738983754805928594e-01
9.588635214338830925e-01
1.574752462034068046e+00
-2.709953221438309301e-01
-3.776780702157189196e-01
6.708544033659782357e-01
5.115338525789860924e-01
-8.126218603311666233e-02
-1.016314811969781795e-02
-1.852367603317437439e-01
2.538117210437331739e-01
4.063205432535692552e-01
7.813429232460530338e-01
6.347487531908874159e-02
-6.335775556222718041e-01
-6.252860583957214891e-01
2.805843755163557329e-01
5.180962543725755598e-01
4.712612360707993941e-01
-2.022670630455066232e-01
-2.971468991174543439e-01
5.220168799725980469e-01
-7.970137733946106029e-02
-8.124165584315610200e-01
3.368041691215395428e-02
-7.951009507331647796e-01
3.048791676567000342e-01
-8.607772825425806795e-01
-5.958444878619509888e-01
-5.446809786513550078e-01
1.173251583918463181e+00
8.182292079443387323e-01
6.912639837092410255e-01
-1.167591929412943763e+00
8.415835451096815856e-01
1.205018223769433572e+00
-8.559016525753799787e-01
-4.335875940027179576e-01
9.621391284500584451e-01
-4.409435419430488556e-01
-5.345956758505026052e-01
-3.627066355448890222e-01
-1.948291550654193571e+00
3.472490380042031477e-01
9.136343215423053943e-01
7.727326812595398664e-01
1.689651658170165938e-02
1.502480365674541130e-01
-1.891021516884533182e-01
9.584495348885249122e-01
9.089398391720110437e-02
-3.588218320169882514e-01
-1.565987184745998295e-01
-4.350414408305971481e-01
-5.288506847753202678e-01
-1.086718721618571859e+00
5.504765480294318003e-01
7.006745454895764169e-01
-1.276172183258898807e+00
-6.366328603495756688e-01
1.176213058504932685e-01
-4.986082970747185428e-01
-5.593809740530036878e-01
-5.639073495735400510e-01
4.061405793838456235e-01
-2.431404756556261315e-01
-8.486722175438986548e-01
4.765689543349684310e-01
-1.335578411551700873e+00
-3.132773606332519556e-01
-1.766760687161084697e-01
5.805853932621936053e-01
-1.077217263479707032e+00
-1.124649982986639429e+00
7.754641165158955296e-01
-5.996913540305047752e-01
5.193401277886567913e-01
3.435355623522723945e-01
-1.402089751983959465e+00
3.114923627163584396e-01
-3.445217434523732969e-01
-6.537302464521578260e-01
-5.607578436339062389e-01
8.825953217074548052e-01
-2.012682598646564625e-03
3.659400172500841819e-01
-7.750396412730390372e-01
-6.047373016278629887e-01
1.059524728832805240e-01
7.355517204306137868e-01
-3.224385862129161562e-01
5.060048319107591785e-01
-9.423735958711350058e-01
7.064776674670717460e-01
5.452040268647062593e-01
-7.574434467887216638e-01
-6.652982905668021196e-01
-9.660211605302102544e-01
1.980911238743748581e-01
6.306395723841753398e-01
1.184978000252296937e+00
1.183966419768200939e-03
1.343382503975675046e+00
1.192852295780313931e-01
1.245433061065948532e+00
4.720224709958227849e-01
-8.658496189595179526e-01
9.339524225295495752e-01
4.460555947062370130e-01
1.574641415073949058e-02
-7.399287849012132767e-01
4.409751706085311973e-01
3.857265361685026095e-01
4.238661237677016080e-02
9.092450551476267684e-01
-6.699003008270431048e-01
-1.036308598159081606e+00
-9.341508463833549936e-01
-1.416603105863550038e-01
2.833117185087247192e-01
1.977328127808202218e+00
5.676900604647772131e-01
-1.079350813457193414e+00
5.414762557806920285e-01
-3.442687821543449767e-01
-1.796707100994236583e+00
-7.651712726772104123e-01
-5.397348820886659349e-01
-1.191747738561700576e+00
-4.308366819382259405e-01
2.575454655181358410e-01
6.279470431503840766e-01
8.606948072818051965e-02
1.150129487859788524e+00
5.257811615431907670e-01
1.063803284316997333e+00
