8.494286531839856380e-01
-6.445757771550741921e-01
1.041673039659808397e+00
-4.501566690205846544e-01
-5.290935411796273691e-01
-6.910948617570754626e-01
8.583070970098973795e-01
3.514347141115639062e-01
4.516982780216084459e-01
-4.863041955199883803e-01
-4.672523039939751044e-01
-8.408203969016129209e-01
-9.090618568028568935e-01
5.038946890171607240e-01
8.739481154297878973e-01
-4.989337283403979528e-01
7.552532595025709394e-01
-1.208822940555360770e-01
3.076986238183743172e-01
3.066986385925358771e-01
-5.226549513048913687e-01
1.307461474459858719e+00
-6.437408777023908568e-01
-1.899632900278575565e-01
-6.148259120314580883e-01
-9.755868063603678753e-03
1.155486074778333538e-02
7.546567258644940601e-01
-6.108257326150687838e-01
3.808692885184041810e-01
1.025456561788819498e-01
1.161920830080259703e+00
-9.343573293082407805e-01
-9.226731494277208290e-01
2.620570999530479339e-01
4.342245614599840042e-01
1.452284846285309960e-01
-4.065665201176890120e-01
-3.099216835666974701e-01
-1.394636372454305939e-01
2.069271778364599745e-01
-1.289654748643762394e+00
-4.937848098262673791e-01
-1.944505830583626027e-02
-3.877945514056140297e-01
9.779549050874858374e-01
7.823985730418988593e-01
5.070610640690910165e-01
8.611341441453554957e-01
-8.528606587082576684e-02
2.529679780047858206e-01
-7.474081396444132164e-01
-9.547968947112579485e-01
1.483288446268737626e-01
-3.690578715487553563e-01
1.170213384767779141e+00
-3.478190180633158324e-01
7.246729586161797521e-01
-1.402772186048019343e+00
1.022678489438977323e+00
-7.777113273149860451e-02
-1.617526505322317010e-01
1.060288881312323905e+00
-2.074610771227455852e-01
9.552003532427293386e-01
6.795377666376256620e-01
7.707483589216594932e-01
-4.922240558555621148e-01
1.203140497446890667e+00
3.559479002965554306e-01
-1.302313013347630388e+00
-6.187086157936126929e-01
-7.192849050966226843e-02
-1.061215770065009112e+00
-1.631376189474250116e-01
-8.970858152889404913e-02
-4.314012200477346237e-02
1.192285540804259636e+00
1.495687833886418794e-01
8.783474898301582012e-01
9.218343467437715155e-01
1.230505759613463646e+00
-8.417585405036001056e-01
-9.488105571494422907e-01
-4.976566638431356715e-01
1.306031711145501095e-01
-2.047580097444001712e-01
1.185788332573277426e+00
-3.403658601067382494e-01
3.666140346424888730e-01
-3.945673375953669404e-01
-5.096190794776728206e-01
-1.065623626972820537e+00
-1.559994666689865084e-02
-4.110237245000858408e-02
-1.244225612338001552e+00
-1.435232535415684518e+00
1.223217795723949841e+00
-1.171405343184839243e-01
9.377282248475620197e-01
-1.337911407793307195e+00
7.272651935331536643e-01
-8.645650313387753805e-02
5.047798975526718301e-01
-8.821735276052999897e-01
-9.766220689736045957e-01
-7.272954647125151606e-02
5.869166996977246420e-01
-3.793211734853013106e-01
-4.229099311295340113e-01
-3.134297149355220191e-01
-5.927505972689117719e-02
-4.570354279601019365e-01
6.049862298559198770e-01
-9.442511392852565022e-01
7.906256919124472482e-01
-1.159849733948949968e+00
1.554656935070585000e+00
6.133379601129962388e-02
1.234125580172097614e+00
-8.796284669556557745e-01
2.053412655346526172e+00
1.236334824186098302e-01
-1.805377493016064872e+00
7.268538313162719033e-01
5.674542766955211759e-01
-3.966321726941364756e-01
-7.491571567730209713e-01
1.178384236011416064e+00
1.355987619904248376e-01
4.269184084101842469e-01
8.850223409897060023e-01
1.149453542696325936e+00
7.376556822088425891e-01
3.774810798871285344e-01
-5.858855145021106825e-01
9.607200666041362247e-01
-3.150607584998252331e-01
5.413515429555835201e-01
2.367957829844141160e-01
8.333128124955080374e-01
-6.239553676526263803e-01
2.839410974843444846e-01
-1.646680480861370532e-01
1.302070974246589685e+00
-2.745864807199098201e-01
1.014017032645408989e+00
-1.609216027343386424e-01
-4.075768833013601045e-01
-1.136484175956256726e+00
3.592391914262835773e-01
5.085312960622506706e-02
-9.611071158496422573e-01
1.798470280905531071e+00
5.390349118596446942e-01
1.065684236155250542e+00
-6.338069441647352642e-01
-6.057842402272153315e-01
3.895818140549571762e-01
-5.786057982454869686e-01
2.920063122512107645e-01
4.531288964158057819e-01
3.908149350667665112e-01
-1.131452084717678996e+00
3.233187432156430230e-01
-2.755545853700286374e-01
3.628123693373236369e-01
-1.464630973006693093e+00
-2.934582837618993079e-01
3.468338822846189773e-01
7.050390847442319919e-02
3.213325734361155428e-01
1.534246623657763653e+00
5.748995311748181791e-01
-1.108665971220791135e+00
5.579420974835287428e-01
6.876257898384181555e-01
4.576208117993099123e-01
-5.577676254837361514e-01
-3.914535212876829595e-02
-4.107606554134352050e-02
1.766323553038955385e+00
-5.014968253563220069e-01
-8.759946532362389293e-01
1.022785262897087710e+00
5.442196860234599365e-02
1.175113667639022363e+00
-7.245255828689610711e-01
1.668917370195956984e-01
8.464942859140907050e-01
1.286619238840334578e+00
5.065397358891701729e-02
1.031681561503458466e+00
-6.503960760851009715e-01
8.821601378867978127e-01
6.756566412494987572e-01
4.471401330468035562e-01
2.445299071179126149e-01
1.042089864718307890e+00
-7.528506646354344856e-01
1.819044475995571508e-01
-6.070522786918204350e-01
6.513137180574728458e-01
-7.859363025744885434e-01
3.765057190627375538e-01
4.218111923355788440e-02
-1.225167560064714944e-01
4.954583760361639944e-01
-5.944027426884618270e-02
3.911912839143809606e-01
-2.687950543231877321e-01
5.007501986522555626e-01
7.573062779095052210e-01
-5.878301295829740925e-02
-1.086868051084453946e+00
-3.990360050822033267e-01
-5.491208714143211989e-01
1.170302152780481109e+00
6.561002696178450666e-01
7.878774975690900906e-01
-1.060505704622702328e-01
1.365720370610573053e-01
2.455833128698788337e-01
1.823862550542733052e+00
5.629304588864048053e-01
-7.643483143681700787e-01
-4.384440455732872555e-01
-2.902766270002420934e-01
9.439232785994984276e-01
4.370262333231649254e-01
-7.433893975112211283e-01
1.204073696242001557e+00
1.128473880707547838e+00
6.602859583154034873e-01
-1.035578940770024214e+00
1.146095054966108084e-01
-2.253173738184082731e-01
-5.153967768152472040e-01
1.380732203899005528e+00
5.223941360217698726e-01
-8.105667320546229293e-01
-5.838787376679238639e-01
-8.309939165956181650e-02
1.054104831563791755e+00
7.066416744229897517e-02
3.226501764062065236e-01
-1.122283278142921503e-02
1.111216027839711851e+00
1.083614663264904854e+00
-2.944588892964278837e-01
-2.066834511027231258e-01
6.574688735214864188e-01
4.171155996549997247e-01
1.856842798680225171e+00
-1.599924816248307291e+00
-8.177512110089590891e-02
-1.097721401247622630e+00
1.508688669833547991e+00
-9.573370247798181909e-01
1.675087013515358603e+00
-8.438960959860671851e-01
1.584908604562253465e-01
1.996506290276577888e-01
-4.740046199433015639e-01
-2.175161122848324191e-01
