1.637338357792778032e-02
-1.600432744717281697e-01
4.898646865166611519e-03
-1.249715592107432327e+00
1.024353428020333689e-01
2.667345644430439977e-01
4.869470256556788779e-01
-7.776173608451750763e-01
-1.335956775575655398e+00
1.634107436342259856e+00
-5.608436576488592396e-01
-1.606834871826824385e-01
-3.337358896793218843e-01
-1.916641253325745975e-01
-1.882663427795672195e-01
1.476019148884639143e-01
-5.182801101327749738e-01
6.228807985486678467e-02
3.568833581282808698e-01
6.552870671288527626e-01
-1.142717553853676682e+00
-6.338886625304830380e-01
1.033333297212535751e+00
3.434141454257941817e-01
-6.170433065814777684e-01
2.539108904256678900e-01
-7.243354252296190232e-01
-3.861135773538281746e-01
7.371366594778983039e-01
6.630092192793555217e-01
-8.271317278722005728e-01
2.695637856226891782e-01
6.619419345970599666e-01
2.845801719759584181e-01
6.492628221375756903e-02
1.729171328559028220e-01
7.591532768625285366e-01
2.557766374613099636e-01
5.608275209508942760e-01
-8.270599030227325787e-01
4.363175757027242807e-01
-6.702532752183338882e-01
-2.237218669010805350e-01
-5.848797504258383961e-01
-3.807817971220570641e-01
3.916011779444199536e-01
-5.402175375296597304e-01
-4.247842379475191277e-01
-4.837316897223835621e-01
-7.014096484904215334e-01
-3.763695544741273435e-01
5.667485940502072772e-01
5.870483657354003126e-02
5.376544467959375462e-01
-7.030644132600244456e-02
-9.732962662520960873e-01
6.589288143422070698e-01
-1.294530793175778571e+00
-1.288499977396198037e-01
-4.937158701117456694e-01
1.036541461546754972e-01
4.590737744917014473e-01
-5.425812804828740177e-01
9.647400637158909387e-01
-2.896931426915505536e-01
-6.408446180191877950e-01
-2.313626691951952141e-01
1.123207075664210075e+00
2.296950396246711934e-01
-7.139287044796907011e-01
1.094674322245348108e-01
-1.164545599433450596e+00
-5.023234649521028938e-01
-2.190187460181786117e-01
1.311262126139600026e+00
-1.806070849381060661e-01
3.451051321599569177e-01
1.072492123119123564e+00
-3.869935093611795995e-01
6.273015171967799564e-01
8.905706168585079130e-01
-3.626310570413995293e-01
2.690213920344541876e-02
-2.267473240159312842e-01
-4.189850124269879350e-01
-1.418231221237402084e-01
-4.524879465183201388e-01
-8.480476103948219047e-01
-3.859551285850580937e-01
5.165256914248005371e-01
-1.311339508543769128e+00
-1.125902366594263126e+00
6.818115447447861133e-01
-1.480816010354443435e+00
-1.668271379675969612e-01
-7.271394159500030874e-01
-1.023850916758257457e+00
-4.124141831801894087e-01
-5.076261342671501975e-01
-1.011297698512497734e+00
7.435793700358661606e-01
-3.070792356142091339e-01
-7.994901146495547728e-02
7.135356003108954681e-01
-3.614453749214226463e-01
2.291670874652192991e-01
-4.174983747686686897e-01
6.203438887721726136e-01
-5.595117427537775745e-01
-1.373133067036657051e-01
1.971219461530256956e-01
-1.942022366345092399e+00
1.444510509588170510e-01
-6.247609312378490376e-01
2.112260750689432531e-01
4.449700931037031126e-01
8.137185439741141391e-01
5.322845867926031538e-01
1.139477427331648807e-01
-5.544101853213412312e-01
-1.929566522014819485e-01
1.195414614695120115e+00
-2.054360775539763040e-01
6.176735913181593540e-01
4.967146460682045905e-01
3.538732176314146050e-01
-1.033095094937536151e-02
9.812146837587323311e-01
-2.432772136878235680e-01
-9.068694065354291345e-01
-4.314715730771604973e-01
5.493722589382703525e-01
-1.290678089695568853e-01
8.314446080551435303e-01
9.248427486211794335e-01
-6.402288468617899353e-01
-7.572228316107623147e-01
-1.018890297853104254e+00
-9.228041596914275946e-01
1.406353721268177592e+00
-7.755647186858697362e-01
-3.374776869767710519e-01
6.645369228145102669e-01
9.410447271042610140e-01
-5.039176883560181341e-01
4.981469355119863551e-01
-5.840242223519188647e-01
-2.128355465032698568e-01
-6.743199388020844065e-01
4.349255134379869658e-01
-9.860461501697028730e-01
4.363103847814210345e-01
-9.532169524202174227e-01
5.144434301023177447e-01
-5.540176769700291270e-01
-1.644605299353846473e+00
4.909337009131496399e-01
9.243081822118442981e-02
-1.250320645320240232e+00
3.135055442044772933e-01
-8.911663569073460245e-01
-6.279561863351962314e-02
-1.290229681850006971e+00
-1.879767694291356595e-01
4.948601592551399309e-02
-3.238396870027215879e-01
8.527839429278577521e-02
1.981314895226481410e-01
7.226690958163695111e-01
-1.140573918932559216e-01
9.343844951756745676e-01
-5.539730194077748804e-01
1.242165661264860721e-01
9.231086382439501747e-01
-5.844388293255244893e-01
5.914133013701059483e-01
6.069961368740832697e-01
-7.405477795783210748e-01
5.453932848862539373e-01
-7.147246961816033917e-01
-2.892391760007443358e-01
4.199794866888965084e-01
-1.196433155198558529e+00
7.031161841405059176e-02
-9.290638370120340994e-02
1.297027686515374034e+00
3.454395678808467318e-01
6.816665192776947269e-01
5.079814616392042126e-01
-4.210747254810792706e-01
-4.241218652746310269e-01
-7.488818310876264039e-01
-8.175541360285213388e-01
-2.414988944474627530e-02
-8.469683925305891981e-01
6.171826611448896216e-01
2.676098347087947360e-01
5.156939074950781521e-01
-3.163782167179673976e-02
-3.990042816421528471e-01
-1.087234189587496180e+00
-6.720554706323172978e-01
2.641867897251398700e-02
1.146596668036531819e+00
-6.646308242334432181e-01
-3.241401517865771797e-01
-3.289067124880822313e-01
-1.945462650094434975e-01
-9.761100092894871016e-01
-4.640337186394811742e-01
2.617543633874466757e-01
-1.539729501573441794e+00
6.406621231103364345e-01
1.018105199039115671e+00
4.719145351289127932e-02
-3.122317358720756442e-01
-5.650883983005466904e-02
1.164355151544266498e+00
1.311374376190759694e+00
9.340043878635977403e-01
1.650927762259654097e-01
-7.591448915547213128e-01
-2.853188387351671684e-01
9.397637465559199876e-02
7.287771269218897841e-01
-2.125691667118567718e-03
2.106126572219558790e-01
-4.274348743850644450e-01
-3.878129217864582090e-01
-1.578342639253995650e-01
-6.562112121420029531e-01
-1.949589407076543490e-01
1.217225151190689747e+00
4.539244785148183192e-02
-1.696644556774660195e-01
-7.826641089365582449e-02
-2.575733232895128233e-01
1.477566156286170163e+00
7.128536027271750175e-01
1.567080437180783381e-01
2.270404163432622191e-01
4.425057038351700167e-01
5.074550064738531097e-01
9.917820361569393839e-01
2.506652629861176318e-01
-1.005987911232015364e+00
4.367739705963276098e-01
-4.351352730135815694e-01
3.832189419833315625e-01
-2.494219497641588235e-01
5.401602216730452266e-01
-3.897135472198023920e-01
-4.266651888114165736e-01
-4.715876535040575135e-01
4.375623656718809484e-01
-3.151612720870999862e-01
5.625749320556596711e-01
5.269476369914732894e-02
4.414251603181864048e-01
-2.873451998994240308e-01
-4.543053594461815559e-01
3.212315107169350092e-02
-9.344345285117329203e-01
1.181522827435888434e+00
-4.812043261283905360e-01
