-7.621296667291296290e-01
-1.053326023248543741e+00
8.092592349922533845e-01
6.486082636126573320e-01
3.481977226311659401e-01
-8.394038898533358051e-01
-3.381671339740318083e-01
2.313678686565966980e-01
-5.976154257091161881e-01
1.245414551910501988e+00
2.444346489143843781e-01
6.393722581750505007e-01
-7.958667952565977588e-01
5.560812695234693681e-01
6.135860434289397425e-01
-3.977208359660265868e-01
-5.455549323033428433e-01
-1.748334141536812547e-01
-9.580964702511401976e-01
-1.250538906300778130e+00
6.117168025518449070e-01
-1.122116017270337718e+00
-3.688140273064698382e-01
5.208197813661696873e-01
-1.426462571761901943e+00
-2.427443399047478079e-01
2.564967467749476038e-01
-7.469265052756077772e-01
1.307521178277648577e-01
1.025676339994267661e+00
3.121904619152322535e-01
-4.138170533418724095e-01
-1.050396611150355763e+00
-3.234292735652500306e-01
-3.465258159283608475e-01
-1.269329353381785097e+00
-4.997924897538760236e-01
1.272052276464002318e+00
-1.368590306289751091e+00
5.993651659083905070e-01
6.770104357528694550e-02
4.686036057874394256e-01
1.660179349713070129e-02
-2.792053366823127325e-01
7.033571214069613831e-01
-2.903356101691699220e-01
-2.442922662306983017e-01
-1.098688889809279701e+00
-7.970764353315639150e-01
1.034462652402189597e+00
8.372021295050190437e-01
2.580388057761691667e-01
2.405303340997749784e-02
6.838711996552307992e-01
6.044226930837082179e-01
-1.742875451387493890e-01
7.721688804427440100e-02
2.376218824316280731e-01
-4.580173981654057647e-01
4.282356269593154963e-01
5.465857533544573599e-01
-1.061767753805764825e+00
1.209579017709661475e+00
4.034248840246005274e-01
-4.497616000590775598e-01
-7.673205450364943836e-01
7.619907363756217578e-01
1.017859598418993983e+00
2.036347278456201448e-01
6.345664812790980935e-01
-8.997234028787999272e-01
2.243657122105229274e-01
-1.800100151063836140e+00
1.411542340641580018e-01
3.328780754843819190e-01
-7.157308527614465454e-01
-9.313900438703666129e-01
1.038910026171218526e+00
-4.916764827956168760e-01
1.649698205372311932e-01
9.378776887007540530e-01
1.235249075451521517e+00
-6.096364948582151388e-01
3.151838334245181672e-01
6.369136477708738919e-01
-2.791044438607566680e-01
-3.679685042746477230e-01
-1.677624714702818931e-02
1.978873485087169204e-01
1.108122553230672658e-03
3.825834438491932943e-01
-7.020390320913544313e-01
-6.851624295663494291e-01
1.441994116731776021e+00
-3.881574063854522638e-01
2.665814380416783869e-01
8.835581937969356758e-01
1.036090504813597102e+00
-1.119292476047477058e-01
-3.349290924762294841e-01
-3.542530050780176576e-01
4.235204319390477590e-01
-1.560981872565320838e+00
1.474178136278136320e+00
9.627550354610967531e-01
5.478181311750607296e-01
-8.663127088478184135e-01
-6.773186698682034379e-01
2.809048629340601955e-01
3.694826408257720352e-02
-2.859644877579319289e-01
5.182111413524395638e-02
6.142436550889089908e-01
-2.766673376898722836e-01
1.452988825513973126e+00
-7.255308100185458020e-01
-9.592796806403809384e-01
3.714214433549783978e-02
6.114256332142851136e-01
1.598031040582506002e+00
4.440423249327231092e-01
9.035992658487390639e-02
3.594356859306178653e-01
-9.543386541505725074e-01
7.379438156614156474e-01
-8.455439566044039568e-01
1.087229689045185799e+00
6.050546230442149787e-02
-3.473599638194250216e-01
-3.838259593555929383e-01
8.737477955994432666e-01
-8.908129126428374067e-02
-1.955521321235419441e-01
5.206460843458832199e-01
-2.130299831516357933e-03
-3.352062953472678686e-02
9.799180245800462874e-01
3.003857606236828293e-01
-1.232448430151849461e+00
-2.481712163104702051e-01
-9.321869060393870310e-01
-9.499571498878057740e-01
1.200229782764178355e+00
-1.095741687386975194e+00
-3.552967079681906837e-01
6.641548895078497328e-02
8.777627433153423198e-01
-4.415913745854220251e-01
3.966431146839353161e-01
4.768754110799414137e-01
-5.142489517778036090e-01
4.244960729221074480e-01
-6.047397597052417417e-01
7.518058824259192807e-01
8.426104222928423315e-01
8.014600810461477431e-01
-2.411794108772759293e-01
-6.615160399067854247e-01
2.468986324637607588e-01
-2.856203556150857525e-01
-6.856670241353539641e-01
-9.128600134560439505e-01
6.754936170788141681e-01
2.100133345615343705e-01
7.500022033875424210e-01
-5.646416824111779587e-01
-1.694658449014135870e-02
3.250138320186080065e-02
-8.415558617275560316e-01
-1.498880351487362983e+00
8.073239989064284750e-01
-8.215960430035679218e-02
-2.956775057963271225e-01
-1.133288771429662001e+00
-2.438341837955243507e-01
1.747679334320084266e+00
7.518580077288978813e-01
1.569131101867472511e-01
-2.807068806225758162e-01
-6.389542474239630065e-01
-4.783045013627357234e-02
-8.526605074585158484e-01
1.450389154550638882e+00
-1.033748910901513218e+00
-2.865850132876651690e-02
2.334696876684629330e-01
-3.875577954611822418e-01
-2.794381884294684371e-01
8.246534874282951399e-03
-2.567244963493551246e-01
-6.266110149152673836e-01
1.359807132740804558e-01
-5.817240119121585007e-01
-5.836296013133256411e-01
-5.143473251933681212e-01
-6.721179567538639876e-01
1.156708597183423448e+00
6.587712144100623668e-01
-1.124057090333048681e+00
1.465543046944790539e+00
-1.926340213768511278e+00
1.812168301751015953e-02
-1.052054438560788174e+00
-3.089556381562557075e-01
5.911585262976519761e-01
-7.502593323147410675e-01
3.141586919389972588e-01
1.025117560629919433e+00
-3.093145916080739521e-01
8.168941519979552313e-01
-7.171390204874812380e-01
4.478510425329370603e-01
4.422669931386846165e-01
1.439052201170361034e+00
5.821648162321162445e-01
3.384530409067903478e-01
2.861538652630452040e-01
-6.151628136337780606e-02
1.162965072204169559e+00
-2.613726327377088321e-01
-3.380149323714886078e-01
-7.525680084383943313e-01
-2.505068342857392771e-01
1.155463489056184345e+00
-3.334193139660887040e-01
8.692130089348109045e-01
4.215733945506450198e-01
-2.438359987609051149e-02
4.695690184719263915e-01
-1.119578016463487757e-01
7.637314027793444815e-01
-7.983085891647072607e-01
1.323825373033753472e-01
7.950589879371102731e-01
-1.087685901978880931e+00
-4.879007537162523556e-01
-6.517024012235661523e-01
8.826306913532312448e-01
-3.113330955038974834e-01
1.665324196800505030e-01
-1.682107226879764883e-01
-1.457639595094272211e+00
-1.256134520754740080e+00
1.052050953605049077e+00
4.064100613450669086e-01
-7.879327266401183749e-01
-1.223367430256603994e+00
2.268040156293376630e-01
6.614202794944075148e-01
7.039164145888264779e-01
-6.052464567497946035e-01
-1.008469406487432662e+00
-8.710112197535544443e-01
2.873964273065643948e-01
-6.865399341508872100e-01
-1.575646425998261935e-01
5.160310075449372480e-01
6.112775268673220630e-01
-3.746827817292361362e-01
2.528049644613274971e-01
-1.076037371357025374e-01
-6.270899460009249360e-01
1.408904158726465461e+00
-7.720863798034287573e-01
1.764050204010845224e-01
