4.018990262130300861e-01
2.192737725377828240e-01
-2.218150511867869601e-02
1.438104228343806967e-01
-3.113902786114991494e-01
-2.476983264578436761e-01
3.869463394991932148e-01
-4.769732470777446887e-01
5.008852414081380600e-01
-3.708205979570448618e-01
-5.664415312042614392e-02
-1.361106041264064925e-01
-4.095471151292497947e-01
1.774902452914935702e-01
2.286765478575188415e-01
-3.008042079104327193e-01
5.972586557783292616e-01
4.806585020073984027e-01
-1.408076468060834585e-01
1.512257189537201674e-01
-4.661638821318161430e-01
-4.012097794819399210e-01
-5.588232416611172981e-01
-1.100002049308935193e-01
1.506616415560934341e-01
-1.274355566295099218e-01
-1.137401402344925816e-01
3.302498776391338264e-01
1.157818638497337682e-02
-3.177184074732127828e-01
-7.536458353326843662e-01
2.259608917609110812e-01
5.960003147927639411e-01
3.107650195595637044e-01
-4.899142865644351419e-01
7.156102522714288816e-02
2.240573348058124137e-01
3.626574857336930524e-01
-3.317146402734435506e-01
5.904894465112398017e-01
3.447832906214246540e-01
1.711727889071951725e-01
1.914326733920928003e-01
4.526405128298184311e-01
6.246797947869628942e-01
3.834699100031183638e-01
4.663001553474104277e-01
3.588467818968765766e-03
2.774437378143350674e-01
4.228770705093248816e-01
-3.451150753364461976e-01
-8.529383145156194113e-02
-1.939008117290812461e-01
-1.632739632920194583e-01
-3.250931133572884102e-01
4.157514815478315362e-01
-6.065529770677050014e-02
3.260886593975613479e-02
-1.715032676810395174e-01
5.440296569657976367e-02
-2.541761995855540412e-02
7.429798998897255147e-02
-1.377674189433168994e-01
-1.315381589793998551e-02
5.113450007255851415e-02
4.330021546822941936e-01
-8.571716924001399063e-02
2.822380847527442560e-01
-3.821762027999465183e-01
1.457067667498219421e-01
2.375497074000573194e-01
-2.071008260103223142e-01
-2.921624778971083636e-01
7.922865007434189977e-01
1.920802657666159374e-01
4.557339801576555383e-01
2.228120084082310659e-02
1.679162135208262796e-01
-2.798268008894521097e-01
4.674356341623008282e-01
-3.090937570069145490e-01
2.201392413437354145e-01
-6.045805164567550349e-01
-7.207076472091790142e-01
-5.328618036631009858e-01
3.223752595258971843e-01
7.319443846473175364e-02
3.963369796308347515e-01
5.501845050461007247e-01
-3.022659833186205902e-02
2.813279401005603919e-01
-3.675272789033999787e-01
6.578569188985394778e-01
3.990233541530744388e-01
1.390848215426501167e-01
2.987683478770059020e-01
-4.437163010523729190e-01
-2.939517874097101746e-01
-2.314089344257028169e-01
-2.594038434911123403e-01
2.273334543771351468e-01
9.456082401961857231e-03
-5.291532443063110547e-01
4.218514361645233635e-01
3.747689413757774868e-01
1.891222775164589365e-01
-3.551214878198517555e-01
-5.405557826039364411e-02
1.462270505125406739e-01
1.417992395099338387e-01
6.003840197172636284e-01
2.504944282893295515e-01
2.558593570515047544e-01
-3.935149384273690654e-01
6.001773134654891928e-02
2.765893944348427613e-01
8.960879107155655943e-02
3.364803492634904636e-01
-1.758376733809450532e-01
-1.386704253895899575e-01
6.452073795807731216e-01
-9.788715926299462744e-02
-1.251322929897159264e-01
-2.185123230115370851e-01
3.592920419908771645e-01
2.251352962399315594e-01
-3.786654576610763989e-01
6.420624588550198908e-01
4.105078709565457284e-01
1.968949554837113314e-01
-2.901321405529980191e-01
-2.272484566418816743e-01
-4.162946406414675948e-01
4.968058794478827367e-02
2.098512179026354452e-02
1.724190960719799159e-01
-2.224678677376883684e-01
-4.417693944139238771e-01
-1.795505782232845182e-02
-2.744737218777917320e-01
3.729418333864658042e-01
-4.139554949411548002e-01
-2.356653704317970832e-02
3.881158243617005565e-02
2.171715052790159917e-01
6.293348847788787781e-03
2.994608772848498246e-01
2.868643475194544434e-01
-3.056244175070239599e-01
2.143051672335888336e-01
-2.261256702669102170e-01
-5.697376847368589292e-01
8.082370374112024525e-02
-8.676339205539546073e-02
5.707147894899882168e-01
1.427571681368745571e-01
-2.548376848573584708e-01
1.518828366658578344e-01
-4.625157996290444329e-01
-7.197818354059934420e-02
4.138649167381334149e-01
-4.978044048715994929e-01
-2.985545508695682249e-01
-1.933934477457008583e-01
-2.652401877498812843e-01
-2.720518928076796628e-01
3.652901274478639881e-02
-5.294492386761360248e-01
9.028715876263873619e-02
-3.322073051088016982e-01
-3.066703139800746047e-01
-5.351071005900198685e-01
-9.779386628525257863e-02
-1.321511435779255672e-01
4.268780041321844076e-01
2.821063232275190513e-01
2.200296554086461631e-01
-1.256447560869428104e-01
6.273854391520941043e-01
1.342607287203709254e-01
7.251903680746921155e-02
-3.145189669011751454e-01
-5.083064471578919719e-01
2.396825838783521456e-01
8.680833290379037503e-01
-8.034776038385552099e-02
-1.181577080038403726e-01
4.928501785776003841e-01
5.624553971869430402e-01
-4.315791366937349882e-01
-3.349595507273575024e-01
-3.524862029979119460e-01
3.128168626916740802e-01
-1.923776405453254679e-01
-2.142444461629131602e-01
-4.063703228038311743e-01
-3.868755173817226001e-02
-3.644749448900323485e-01
-4.810115553462142590e-01
-2.034665193004411565e-01
3.107623689284230717e-02
2.600191138057644236e-01
-4.133689552746678264e-01
2.876928023574747972e-01
2.277896992101718920e-02
3.389107219704109997e-01
-4.181670341131972224e-01
4.556968160925621847e-01
-1.516085900940117026e-01
7.333805434191437156e-02
-1.649965742860015350e-01
1.067675405500133068e-01
2.697493539005625940e-01
3.497633930483784459e-01
1.123988372731500041e-01
-3.994931812245552938e-02
-5.867145801904187774e-01
-1.195151727602700442e-01
5.540158944365123350e-01
7.521395477444284272e-02
-4.189789220489971711e-01
6.512123124772972727e-01
-6.717527969708850799e-01
-5.395424381997537822e-01
-4.122537718189850375e-01
-3.172284721602125490e-02
-2.224691393423484653e-01
-3.837590819965990274e-01
1.821498567896667475e-01
1.181507796488924511e-01
-6.368547796507966208e-01
5.968502246880177942e-02
-2.954378741973238132e-01
-1.582917168563985066e-01
-6.857636972206418435e-02
-2.689512610467332809e-01
-1.463494297918526421e-01
1.261978369700163805e-01
1.555765305575274871e-01
1.505536161818399055e-01
-4.652184898592506279e-01
-2.411857180220820240e-01
3.802315718697087954e-01
1.113697932719734385e-01
-4.769724620607665999e-01
-3.146137100908670270e-01
-2.920987241807631030e-01
-1.107218479895830943e-01
-2.337829416959328055e-01
5.178748291305056428e-01
-5.196714084412240586e-01
2.757114807727935046e-01
5.087088965161227216e-01
-1.015212933999934952e-01
1.239630085016181216e-01
2.037386248200787342e-01
2.422049469732546478e-01
4.936911031796150096e-01
3.434727829503247953e-01
-1.066267264734295228e-01
4.956341507495101717e-02
3.519839657457362048e-01
-5.930316506977222346e-01
4.344215010325686577e-01
3.506025936866531412e-01
