-4.647443457802665628e-02
-5.065045696436154543e-02
-8.575925113547319678e-02
4.553030691087432968e-01
1.705217041311098414e-01
-9.279583475391220415e-02
-2.825022377777900440e-01
1.603990867684753074e-01
5.769707413216731418e-01
-2.446071590838651277e-01
-1.934152339576484247e-01
-1.441388443429649779e-01
1.403539648387383820e-01
-4.729455176393192462e-01
4.058905622398344959e-01
1.649172583971298678e-01
-2.475494105600282158e-01
-2.467678123695406511e-01
-1.713721291720820550e-01
2.493158660006731531e-01
1.598912628090872201e-01
1.840678287935719748e-01
-2.453924755077657172e-01
-3.543660169056427889e-01
1.096997695923009192e-01
-1.671997681304743244e-01
2.186017351596712954e-01
2.304629960357342244e-01
-3.934429052573255037e-01
-2.155495096483229511e-01
1.365517948704200180e-01
5.468367546949982616e-01
-4.794990651399716475e-02
1.282013783566714749e-01
6.702087163113947810e-01
7.521186744009561442e-02
2.258118770936107522e-01
4.888905364228296468e-01
1.072625122382802609e-01
-3.273110437516080218e-01
-1.740295058067376777e-01
3.149667721088051375e-01
3.712222394347569621e-01
3.746192624630104162e-02
4.686892113627334766e-02
6.448147414188332149e-02
2.955771764434718119e-01
1.379829060754226289e-01
1.601534075381688682e-02
-3.823249337186215152e-02
-1.572331071058102325e-01
9.546923661564812869e-02
-1.944078525591106943e-01
-2.014566551773293857e-01
1.391176057878545647e-01
-1.982672961221433883e-01
1.122711498381250977e-01
1.114383297162966913e-01
9.388389340899798430e-03
-1.310810140779213318e-01
7.251938690087802453e-01
-1.115712233084696775e-01
-1.480351809244664363e-01
5.346240192704240085e-02
-5.295874936491929974e-01
-1.676379343631994034e-01
-2.915465488277906858e-01
-4.621761613209642017e-02
9.824387031801870562e-02
-2.067589977925128886e-01
-9.196600168152271881e-02
-2.297575804085082510e-02
-7.021241573711381467e-02
2.808334766147020378e-01
-2.116859955007961980e-01
1.173632997184706345e-01
2.952766781882270042e-01
2.588358087980928146e-01
-1.817868307049613774e-02
-5.425460976336270169e-02
3.198910369032850753e-01
-2.419053704367103985e-01
1.512980866586057238e-01
6.861049629667760608e-02
-4.973719141427976331e-01
5.334430321688981014e-01
-3.216190384175640071e-01
-6.751410002456315063e-02
1.813895515807154579e-01
5.490549390317913669e-01
1.988243209836478842e-01
2.992553604798897648e-01
2.026483336562056869e-01
5.703073731300568189e-02
2.888116945873351327e-01
6.462238530930763947e-02
4.495492237731152363e-01
2.007826472723777123e-01
-3.874441521250891751e-02
-1.337357003789428622e-01
5.552813583899403049e-01
4.994449350486556694e-01
1.813575903292940772e-01
-1.924228572392566727e-01
1.752780637292038479e-01
-3.070861277532721534e-01
-4.845569380951692540e-01
2.457553918136782811e-01
-3.734661923745102863e-01
5.005623854837677467e-01
-2.767018374186803187e-01
-3.554103464601382489e-01
-3.131391411086952292e-01
5.351758307236968992e-01
3.571902499185160007e-01
-1.308066169960288017e-01
1.776058380424291525e-02
4.068754986041477062e-02
-4.472129068903658577e-01
1.415668353397211698e-01
4.958265239908971056e-01
-1.693221342834125842e-01
2.991674523909372829e-01
-2.042173675484031392e-01
-1.618274359266070050e-01
-1.805347622407029173e-01
-2.568829824354261770e-01
1.431021255396189851e-01
-1.310786425285467155e-02
-1.793838563652886131e-01
1.621370171638460422e-01
-3.316140358538804955e-01
7.115826483587053830e-02
2.211315876046269224e-01
-2.449064938004932579e-01
1.522378501866574751e-01
2.926022959483176034e-01
2.382136596014915175e-01
1.069627398972842480e-01
-2.405452463625902815e-01
-4.728563294060732225e-02
1.361784371468959809e-01
-1.667350471589935240e-02
-6.385309721070323019e-02
2.753796861012045571e-01
-1.737925209351501021e-01
-2.345895351586609334e-01
2.436504263083401622e-01
3.809708062667742090e-01
5.460166153132962885e-02
1.614084042411877973e-01
-1.640138571889593888e-01
-5.508992204211531352e-01
7.707731407642406940e-02
-1.413966530581644565e-01
-2.690691365447730465e-01
1.829817909614500290e-02
-4.961562633308037873e-02
2.220006141333839000e-01
-1.615017242981695578e-01
3.992562526520197497e-01
1.209760988373175389e-01
-4.478469785792631996e-01
-8.233515251709480620e-02
-7.768831502320160121e-02
-2.365806951531904123e-01
-1.952631255893469975e-01
-2.327384424334411617e-01
1.346985495235354935e-01
1.513462254421768516e-02
1.963612201430844223e-03
2.191499635838557447e-01
3.695348998367346538e-01
-4.107791438436875775e-01
-8.881996067823641483e-02
-3.611330941519403925e-01
-7.407738997605620157e-02
-4.041660879230402070e-01
8.598483243673844811e-02
1.631085882805533849e-01
7.752740788042489228e-02
-3.554234351075019060e-01
9.269133366603263258e-02
-1.806170955834971448e-01
-2.916566428019888857e-01
2.873836597269773668e-02
2.880404080426889335e-01
7.267923937841155868e-02
-1.262671765929380963e-01
-1.415922655076291004e-01
1.321480211695888474e-02
2.126233744688337257e-01
3.008927502316101621e-01
-1.337333579325646338e-01
-7.933319676029529366e-02
6.518855210264665745e-01
-2.005481853621586819e-01
-7.333089810263637709e-01
-1.481423586134585357e-01
4.302805891100827118e-01
-1.323072269604161078e-01
-1.571956394559035838e-03
3.035251922958719373e-01
-2.651015149374228996e-01
-2.852704298138382111e-01
1.909956302707253584e-01
-1.077765964523494935e-01
-1.117578853418414592e-01
-9.997796021954197254e-02
2.297822197627964191e-01
-5.248820186440219526e-01
-2.654874790755407665e-01
4.052531911279128041e-01
3.270565390729327504e-01
6.521248402749231510e-02
-8.703069285562685387e-02
-4.941275078275383370e-01
1.275253286459938074e-01
-4.280894909453354380e-01
3.334463069810861269e-01
-8.937282039590911664e-03
-3.116229641759223901e-01
4.365810424116702837e-01
-1.474617555574521122e-01
1.864185354287120899e-01
-4.036713617763985074e-01
2.990909416279708966e-01
1.076755874569124138e-01
-1.593782521694161319e-02
7.431004437993196654e-02
-5.426921431510504240e-02
-4.337318117927076999e-01
8.482333909994230203e-02
-1.814766285597195772e-01
2.422190430167555364e-01
-2.621700568887458949e-01
6.460135732020283461e-03
-8.263724124480163746e-02
3.264899015973325436e-01
-2.062591793584300226e-01
3.804843875285747190e-01
-1.230861566278851488e-01
2.937934480529034303e-02
1.836359210229887573e-01
5.000657110265294136e-01
-2.656195475648244209e-01
1.499243256404050872e-01
2.772436161909127561e-01
-2.337170680194366329e-02
-3.402141945032434722e-01
-2.278363864767706248e-01
-2.623791913475626014e-01
-1.219611664061183084e-02
5.212487810007708777e-01
-3.849365486027385708e-01
-2.814044683333240954e-02
2.591810932137250667e-01
-1.572022299299089543e-01
1.096936789048127137e-01
-6.333486751457380048e-01
-4.114813174021169084e-01
2.959093274079549474e-01
-2.118191533863482134e-01
7.418619190912243422e-01
5.944529364163433915e-02
