-5.175202318752823716e-02
-1.786400935941550028e-01
-2.234214301272026415e-02
4.399281069165250635e-01
2.071982853980164907e-01
1.774099197351293455e-01
-3.190546764964151683e-01
2.976143593787244912e-01
5.798545430838235593e-01
-5.165367923868749434e-02
-2.523570950592423090e-01
-1.785642335515192913e-01
6.191649169898612304e-02
-5.231923551956136897e-01
3.535941019673194408e-01
1.847508431923796518e-02
-3.644078317357711261e-01
-3.392103736136983239e-01
-1.682640162144672658e-01
4.113861183107879738e-01
-8.628497824709591146e-02
3.161686972233123671e-01
-1.232429058909605135e-01
-4.066208995861791409e-01
2.351936673227801311e-01
-1.630203955294837193e-02
2.653217313993463944e-01
4.599121053325900266e-01
-3.829298010210981373e-01
-5.919524419359945000e-03
-5.200437209064673327e-02
4.146338350440527121e-01
-3.938265465640702900e-03
-1.976895602016484066e-01
6.035530848938858162e-01
1.603711353440268605e-01
2.511784547276452173e-01
5.354690515313029753e-01
2.036701638496873357e-01
-2.368714723664045452e-01
-3.028458434439414981e-01
1.628906252288603307e-01
3.220483860028091061e-01
7.296420603318534703e-02
1.034139148441881595e-02
-2.641060598284183242e-04
2.308083997340323323e-01
1.159371651658555324e-01
-9.557404066128766251e-02
-1.963044559674966549e-01
-1.255384428669421570e-01
9.923644158073410826e-02
-2.818535301928183356e-01
-5.795822210671368324e-03
2.262052045058575989e-01
-4.498090641179618432e-01
4.628891085364039010e-02
3.618401532917279173e-01
2.932855643205453666e-02
-2.365387278444812669e-01
5.188827931279718086e-01
-1.967750326433111707e-01
-7.197661196361043734e-02
6.663472082632922178e-02
-3.647194538266280150e-01
-1.570853594928432739e-01
-3.295166554041020213e-01
-1.560654651489109257e-01
2.509692653950321706e-01
-3.000865547191454152e-01
-1.556442112903090313e-01
-1.064045317122967738e-02
1.810104110476788708e-02
1.676984226789614008e-01
-1.455816926917038318e-03
1.854688937458904008e-01
4.535080655634741165e-01
1.593111236523703234e-01
-4.494502865507641470e-02
-3.275774241546287879e-02
3.716702550305108765e-01
-3.220500306012716307e-01
3.612053323654783599e-01
2.647804739004472330e-02
-3.958267478241059845e-01
4.585142348404788182e-01
-3.250779677095751996e-01
-1.116257428969173737e-01
2.478964994491691942e-02
3.115228521293107455e-01
-2.797880466058262280e-02
1.164630775439905591e-01
1.695460467061269960e-01
2.220198595767218230e-01
2.011732971175929918e-01
2.550647262140653404e-01
3.424277038823234087e-01
1.531457892728109171e-01
-1.165028076042495947e-01
-2.038458537792514069e-01
4.588317579048092343e-01
3.551908817007451979e-01
2.919535211742898539e-01
1.045804119061732873e-02
-1.732393812021310042e-03
-2.956867774668925364e-01
-5.232290585794951987e-01
1.421952276275452731e-01
-3.018364899188260564e-01
3.563075869333310886e-01
-2.206720378062496102e-01
-1.997454070616220267e-01
-2.720466751064580246e-01
3.808091322859782912e-01
3.605525252657680868e-01
8.365015926864335927e-02
5.501270974962944177e-02
-3.754286827393546466e-02
-2.063729620498305217e-01
-3.985269886992784394e-02
3.513709336113471915e-01
-2.497563357918324844e-01
4.474658239949607652e-01
-2.765882135676331899e-01
1.871387676266735856e-01
-3.594142826626359200e-02
-2.019046195745874128e-01
-6.690409371171476827e-03
4.800404257728062285e-02
8.583989939177888440e-02
2.443585058485193973e-02
-5.767832974913830041e-02
8.767774101032056733e-02
1.410263358192837546e-01
-2.497476596619732925e-01
1.103674019123536826e-01
2.494859695280121081e-01
3.107060618912336758e-01
8.224366436431998495e-02
-2.117789240187544775e-01
-1.115111926351764343e-01
1.506160548322180714e-01
-1.644239824266065797e-01
-3.859692879239313978e-02
2.631496774518293780e-01
-2.049124657711468012e-01
-1.133636761026526191e-01
1.622542591406804235e-01
3.135314858263124060e-01
6.757048217562189318e-02
9.113261548540356471e-02
-3.982516298186021542e-02
-2.838489864740789681e-01
-1.285503961621346503e-01
-5.019728897278915442e-02
-1.797043447111315584e-01
-3.475348432102812191e-02
-2.004400198501507246e-01
2.303130538506166225e-01
-4.395100915561777066e-01
4.063410335108142979e-01
3.621443838072168631e-01
-4.475479981628219806e-01
-9.285027938681587878e-02
-3.329912071998032685e-02
-1.154326507403733021e-01
-1.634810274945846242e-01
-2.352445428588100518e-01
1.079291346467792928e-01
-7.212830489006574752e-02
1.311279540710069136e-01
3.630438466368181294e-02
2.721991850838025861e-01
-5.113610864267106315e-01
-1.109679840118111549e-01
-1.870975122175499716e-01
-4.651252649246138127e-01
-3.304924233877303830e-01
1.081598395349548936e-01
2.095186560286435573e-01
4.110288496691600485e-02
-3.548088711329651646e-01
-5.465334246050164435e-02
-1.653513126279250456e-01
-4.985215862869174508e-01
6.702507658343996588e-02
3.047438046589877603e-01
1.628396874135874528e-01
-9.214377645618576640e-02
-2.644890563673056860e-01
1.188997494321500925e-01
1.540204696437539114e-02
1.703297124994324063e-01
-1.732620403913668894e-01
5.462454670134127971e-02
6.473880641672760117e-01
-8.420049603937407312e-02
-7.125858314324747811e-01
-2.317108538035830834e-01
2.467938230248294951e-01
8.813879843663191549e-02
-1.817716552401240637e-01
2.217997316771508076e-01
-1.649612628907550227e-01
-3.327529675710346191e-01
2.521691928999322263e-01
-1.126560573639059232e-01
-3.888237368535962801e-01
1.860801203299071796e-02
2.758208145903400244e-01
-4.306221895626521357e-01
-1.482996973370081240e-01
1.715228865361963229e-01
2.521985358306121361e-01
-4.477439538247036943e-02
-6.799576013867114632e-02
-4.272344514153266770e-01
-1.433371627700305573e-02
-3.955275472464670483e-01
4.246717199965531764e-01
-1.252071805019895900e-01
-2.682957124663839510e-01
3.168667064831125479e-01
-8.541455916327819753e-02
3.969952678467625340e-01
-3.385661097817387333e-01
5.438954344353360559e-01
-1.061600700580590806e-01
-1.013498890616506415e-01
-2.487962587828475569e-01
-1.541048459832915218e-02
-3.689380251716652959e-01
6.319425051710231278e-02
-1.041738971520943940e-01
2.345051268349649942e-01
-5.370171527365331238e-02
1.119213132515019596e-02
3.636792319559928668e-03
4.728593390814674891e-01
-9.098189236461279306e-02
2.925924610182804586e-01
-1.380907022500342807e-01
9.210469140131369303e-02
3.207364343976066845e-01
3.654898389365789368e-01
-3.761514558586571133e-01
3.012321275533639264e-01
2.400631293188479898e-01
-1.408636787806558377e-01
-3.696576549275673029e-01
-5.069441499990600120e-01
-1.682747737627907914e-01
1.441952750689464158e-01
4.346185085760559397e-01
-2.819683116144795498e-01
-1.208316229508818174e-01
7.465828666728027696e-02
-1.650903067555400949e-01
8.736842503909982016e-02
-4.830956629906635325e-01
-3.311778807739491626e-01
3.594476260389781186e-01
-1.741055036352425756e-01
6.404802684885952946e-01
3.028691517378843956e-02
