-4.419633475068475426e-02
2.031436170932674201e-01
-3.065127459056766757e-01
4.495286947392262977e-01
2.730706841886205716e-01
2.267629465009822487e-02
-2.901270064226901257e-01
2.102393356584988104e-01
2.877770164949078335e-01
-2.404571427805484995e-01
-2.125251391349963770e-01
-1.833578579732522418e-01
7.643603141869159678e-02
-4.481966125644138987e-01
2.340166664969702548e-01
1.293773711160101092e-01
-3.099623486547127826e-01
-1.470012745550725863e-01
-1.570008711013205494e-01
3.495423794365364878e-01
8.221611121739280659e-02
9.196996635050272428e-02
-2.377682746448760986e-01
-3.563742499801434427e-01
1.730685532596319964e-01
-1.542003392267485284e-01
2.136260601708615536e-01
2.958988659669896659e-01
-3.167169175139293302e-01
-1.892587602014633164e-01
7.203179504608407668e-02
5.162179657096999108e-01
-4.553960817552528406e-02
-2.331451371929268990e-02
6.524959859340094814e-01
9.670463466197669333e-02
2.331875315322563536e-01
5.032466946661373619e-01
1.937041998137800369e-01
-2.663465875304474872e-01
-2.180002098883087047e-01
2.497544550254734708e-01
3.648305277876451869e-01
5.599536251901658657e-02
-2.972618673656743371e-01
2.574610196752795052e-02
2.767117815475646503e-01
-5.030173028498037546e-02
-1.652825759688739474e-02
-7.867956676123753768e-02
-6.289526342828308247e-02
9.800217813997463834e-02
-2.043471429776482218e-01
-1.046787886788499294e-01
4.226945503215738809e-01
-2.816260197207918203e-01
1.257537217767747129e-01
1.786244432393701842e-01
2.808061872149462956e-02
-4.455211748660826698e-01
5.186205797638786530e-01
-1.048777526518982761e-01
-1.900090199061929552e-01
7.788701934342980027e-02
-4.507912974218277191e-01
-1.334858653717721499e-01
-3.291803233212919344e-01
-7.005234083783451471e-02
-3.252901685811897259e-02
-2.322140590932237625e-01
-1.544680634087297610e-01
6.047861845614912329e-02
-5.792961290240096484e-02
2.701557855190590551e-01
-1.088869985820826725e-01
1.798517298156538657e-01
4.003396600621835777e-01
2.285658764032170442e-01
-5.422854633410959489e-03
-5.933939944960884422e-02
1.361978952265911480e-01
-2.552753655380533004e-01
1.769147048468530103e-01
8.943136339421511871e-02
-4.249023601789996274e-01
4.770357387753777489e-01
-3.614190146384836932e-01
-8.743681378260670378e-02
1.734595496634865341e-01
4.202008639440868998e-01
9.698212850743460900e-02
2.178853795941501359e-01
1.002055971276439583e-01
1.320703390398366428e-01
2.159005648251506038e-01
4.924270413522616185e-02
2.839073980883248804e-01
1.793166699688133192e-01
-4.043093316443037433e-02
-2.210809458678875128e-02
5.735196800175066389e-01
3.979292554339781685e-01
2.164971751792971744e-01
-1.555815642975355018e-01
1.372193503014322025e-01
-1.795317381907453880e-01
-4.995421593650972714e-01
3.778984593250029889e-01
-3.484429848729606038e-01
3.677478648967322794e-01
-2.519249443866635740e-01
-5.623453925098420569e-02
-3.126697161021012583e-01
4.372344183565887721e-01
3.515667545296244922e-01
-5.371921668629246749e-02
2.394065059238008331e-02
-1.623019184683461430e-02
-3.591971376337753652e-01
6.424322596322223911e-02
5.256068420652295625e-01
-2.083198040840806287e-01
3.273653984622931779e-01
-3.815965193254773347e-01
-8.854770642644514689e-02
-1.279022489805425322e-01
-2.221568588404029265e-01
1.574278992586120585e-01
2.068378201442381062e-02
-1.052068956497741736e-01
1.253773002335152875e-01
-2.120617780659512785e-01
1.469885624830041537e-01
2.002184479524495297e-01
-2.832532961838839514e-01
1.517770767520512654e-01
2.683931132026884936e-01
1.377183293071704839e-01
9.576477689939469351e-02
-2.063390074895402326e-01
5.610447636547941791e-02
8.141550430930696858e-02
-3.672356577616743556e-02
-1.099266057500094401e-01
2.812578869781496849e-01
-1.438078886940922785e-01
-1.797933643599274878e-01
2.404896352891318090e-01
3.448023754080441483e-01
8.341523387531034339e-02
1.338300774511299862e-01
-4.194298175176679189e-02
-4.239691549700501660e-01
-1.712766461762969816e-02
-1.079854491622054130e-01
-1.283363100667715972e-01
1.872516439188551263e-03
-1.301972942303203096e-01
2.392184603384319708e-01
-1.467451413997403753e-01
5.759348010431664111e-01
1.020818593001567298e-01
-4.637803824528107799e-01
-8.435852429394340157e-02
-5.400199631645623277e-02
-1.639301206804397726e-01
-1.503328277125254853e-01
-2.602377790148230896e-01
1.199570194589873462e-01
1.095895660144779321e-01
4.929112709406494736e-02
1.608283706601653096e-01
3.268286217248462799e-01
-4.118670243981526480e-01
-1.266668588638709403e-01
-4.339290175509543102e-01
-9.154056832667080423e-02
-3.246143398095732713e-01
8.611536922813622930e-02
1.915323276575485734e-01
3.754925195239243174e-01
-3.105957725568864181e-01
3.647448218924750213e-02
-2.105671171697188482e-01
-1.838577670908552175e-01
4.103837613405574014e-02
2.718423894465520907e-01
1.924299242088632900e-01
-5.283835294009826822e-02
-2.656043845160022121e-01
4.667482554441457210e-02
1.281267471110653644e-01
2.266673796536649577e-01
-1.209975220328163847e-01
-4.339332153462681363e-02
6.729680534328756902e-01
-1.673599420970275364e-01
-7.164267372549999457e-01
-4.219831513428646264e-01
4.881958189287020633e-01
-1.876838025135551535e-01
2.047460079860470225e-02
2.810622632796782594e-01
-2.292096338041856862e-01
-2.827539892294643753e-01
2.044979111672791672e-01
-1.281677866434569601e-01
-3.680041833306831323e-01
-6.339120851853909111e-02
2.094512188439598965e-01
-3.789650569734414054e-01
-2.620608736952613205e-01
2.386679522499946526e-01
3.262775057395815859e-01
-6.205058869047187786e-03
4.156837934152635833e-02
-5.502925866676502409e-01
1.550725235786103162e-02
-4.131725271699009383e-01
3.730712811134843099e-01
-6.526499392958182155e-02
-2.992458493300170219e-01
4.005367527032659969e-01
-1.256576642160875945e-01
1.424676027428202763e-01
-3.768438955368955678e-01
2.912618445438777681e-01
6.910659024068765977e-02
-5.023268329515483133e-02
4.979777834696236249e-02
-6.766381432308985616e-03
-4.040958037477940801e-01
9.856392463773833157e-02
-2.449987860896292446e-02
3.115960537072823833e-01
-2.026691798615787299e-01
2.666291880425486829e-02
-2.059725497756465656e-02
3.412341401454528356e-01
-1.726821868980293329e-01
2.929205022454742235e-01
-1.288734404113242860e-01
6.325424385257914783e-02
2.498046078988717944e-01
2.688452258836436792e-01
-1.656289737267872542e-01
-2.508209304571215603e-02
2.535794563700181636e-01
-1.043802494326022956e-01
-3.244525303206324263e-01
-3.292666106563963413e-01
-2.014593436267266280e-01
7.771889821633520823e-02
4.973939832516036663e-01
-3.287368029116337076e-01
-3.687335922845210723e-01
2.161268673544611829e-01
-1.670639924048201441e-01
8.353606769073509963e-02
-5.807407568193448943e-01
-3.707034588829475896e-01
3.106634143065137854e-01
-5.144619647063422563e-02
7.278797374850539681e-01
5.377313663448776010e-02
