-7.300352346962513117e-01
-4.498074063064478878e-01
3.625086736953631039e-01
-1.379005321492940972e-01
-3.460408109708568158e-01
-1.585750311784139832e-01
4.912422942737417753e-01
7.156859650368172510e-01
9.208714766155878806e-01
9.410088375807748040e-01
9.598270700542235190e-01
-6.765809149813211132e-01
-8.674350922531619545e-01
1.200839147732963852e-01
7.312577958686707902e-01
7.106591687686889536e-01
1.537786759593431363e-01
-5.509118808854718274e-01
4.230399947038212538e-01
-5.970371244713228442e-01
-8.719126119646631867e-01
-2.659430386479819663e-01
-7.453495726963870194e-01
-9.590518931398168689e-01
-8.701438063178112969e-01
8.558671233885366547e-01
-9.544539180453504024e-02
-5.383675643584400206e-01
6.134413764535344704e-01
-9.435591151766742346e-01
-9.617243033083879844e-01
4.047405672838257917e-01
5.616153993507586595e-01
-2.412498802940752363e-01
-8.815831230283492914e-01
-9.145134598395610048e-02
-4.779657975601456776e-01
6.978668920198305425e-01
-6.528978844452724140e-01
-9.156715515261528715e-01
-3.957127931707105084e-02
2.829761366515504140e-01
-7.171039081443388863e-01
-7.889550583406237383e-01
8.773725933653155895e-01
7.866591577939159308e-01
3.624690081401318320e-01
-6.536287491323662380e-01
7.874639424303639945e-01
7.634160339546240959e-01
5.289536982593872061e-01
2.058521974446054781e-01
4.024812534084585280e-01
-5.737753905753828487e-01
-9.584077352668374239e-01
2.148945989352908370e-01
8.860333360572527628e-01
3.849985654970964344e-01
-8.758728283005980941e-01
6.083496329589057616e-01
5.911483374887671616e-02
6.543780122217000006e-01
9.973300614643278994e-01
-2.292620798026199225e-01
-6.650643152005109027e-01
3.934522350938933766e-01
3.008672119713506898e-01
5.536394572758904786e-01
4.713032394015039817e-01
-9.158491461034179437e-01
4.825563278156512759e-01
9.006058068770927960e-01
-3.610469732831638190e-01
-9.429681034885020185e-01
-7.893962246932568760e-01
-5.076287970440374053e-02
1.616338509398960177e-01
2.906175499578675936e-01
4.247800635149072690e-01
-8.593490667928167515e-01
8.456649216871814367e-01
7.246923787143291218e-01
1.488355372268888033e-01
8.061061798813593526e-01
-1.497744607120017335e-01
-7.920633951422928476e-01
6.496267639593320542e-01
8.625097038155242757e-01
-6.071739446361876791e-01
-7.147300602854267382e-01
8.701659059956605713e-01
-9.093481739126469954e-01
-1.794213595539462247e-02
1.342028825296883721e-01
-4.235149869224654751e-01
-5.211083813415529065e-02
4.615265422809011753e-02
8.834530135738127843e-01
3.648031141978960168e-01
1.340551524832207519e-01
-1.801742906005867617e-01
-6.787269322331390686e-01
5.781537323593899380e-01
-9.485730533819833887e-01
-2.258246542686714875e-01
-9.839631845882523820e-02
-5.250171564523082868e-01
-9.808872640582708691e-01
9.035858743779270341e-01
4.286953955988146436e-01
-7.399513098563217373e-01
-6.710688040278780520e-01
-4.858792574537791342e-01
-6.968011102243827359e-01
-3.174210729854971547e-01
8.438792234415175564e-01
-6.002695004374141163e-01
5.546306998346477446e-01
-2.389548059828812132e-01
-1.000463117550602909e-01
7.172545213984624635e-01
-5.893726800959711021e-01
-7.882133820870889096e-01
-2.907862510006511414e-01
1.246673306154044703e-02
-2.119453674428413148e-01
-2.782829372438357929e-01
-5.905148256339218804e-01
-8.921010135922964324e-01
5.584497931616365651e-01
-1.592595516254318166e-01
9.846521402112526911e-01
-3.357184855377886024e-01
4.831850871859149077e-01
2.078123690089006548e-01
-4.702918141184282419e-01
-8.564347698425076594e-01
4.675820703339605977e-01
9.725471290555265380e-01
-3.259875448425002542e-01
-9.535765788666239473e-01
-1.308846072679477057e-01
9.126516852951307435e-01
-1.737650268470891657e-01
6.962737054795862246e-01
2.447460968078398746e-01
9.436258564134354376e-01
-8.909534632629241280e-01
3.460389865554223121e-01
6.695049164563917632e-01
-4.020319936948828499e-01
4.639280069665714379e-01
8.679155145862798015e-01
3.009938956554549794e-01
-7.602227433404460388e-01
-1.360229342801542174e-01
-9.280873428616727150e-01
-9.351526365169671173e-01
-1.756298060391492388e-01
3.262011679414995591e-01
8.961867061519537270e-01
-4.477442213760207679e-02
5.368651278607163846e-01
3.066962175834961890e-01
5.404642795633645136e-01
7.946273595916328869e-01
5.108246123472299782e-01
8.438039815411568778e-01
-3.929637678020918568e-01
-8.535718990960059482e-01
2.414220469562213811e-01
-5.757491955981384191e-01
5.709183127119641377e-01
-8.996073773345147906e-01
-6.123296178123731615e-01
6.931557805096628666e-01
9.351779537542368459e-01
1.383258257809514280e-01
-2.190506098270321722e-01
-3.217302127072447782e-01
5.629051187152598335e-01
9.207297768210302991e-01
-5.848184518105534746e-01
4.596427362649457837e-01
-6.184835985267485015e-01
8.266014201044749043e-01
9.543194081072785551e-01
6.131254572889233145e-01
1.722623295446765734e-01
-4.168575569172858764e-01
4.040833571514539369e-01
-2.562715882679444945e-01
-3.846568065269577730e-01
1.187078751897556739e-01
-9.179886595747406286e-01
-3.116848884160046129e-01
-3.395014460648153598e-01
5.991603974757488960e-01
-3.484803491453678514e-01
4.473646241079816122e-01
8.440020112074364533e-01
1.416606559418198685e-02
5.390761060630495649e-01
-5.735329489775167211e-01
-1.019165075282868482e-01
-4.431297653172920903e-01
6.610531026624875128e-01
1.024165930828055959e-01
4.502406818261384114e-01
-6.808329551055958273e-01
-2.259549012287456193e-01
-9.260782457882679175e-01
-8.136210275832957972e-01
-6.629819415711117880e-01
-6.286623506357034152e-01
3.161011958959785151e-01
-5.806671778082561630e-02
8.793859065549445297e-01
2.905931313632936774e-01
2.398399741446883837e-01
-5.069490096289499537e-01
5.031573324435811845e-01
7.256911894852013933e-01
-3.613985581729870500e-01
1.209965829113566205e-01
-5.942644947856769999e-01
3.530826948857985759e-01
-8.471712850581158971e-01
6.017592963454128085e-01
8.399034907641280689e-01
-1.730201737640646442e-02
-5.980310068302945314e-01
-5.916240271928314698e-01
-8.065366840700440854e-01
3.220540103719751190e-01
9.826623054719569872e-01
-3.528846317152221079e-01
-3.700675777481339246e-01
-5.809745683442346653e-02
-5.994180210536401709e-01
-4.113831460203307699e-01
-6.476348830954630209e-01
3.914890888589168672e-01
3.314307366423854262e-01
2.902611466983162636e-01
-7.551885800945863370e-01
6.976085488910150900e-01
-1.777216071366198857e-01
-4.993437057522636113e-01
7.075403399915680680e-02
3.474697746412491739e-01
6.623190606904605371e-01
-6.194082875517881170e-02
3.997410259566407387e-01
9.863189676115871052e-01
-3.854678657197423419e-01
-2.183432472724398110e-01
-3.002557249202999490e-01
3.850987909836822709e-01
-6.147008754108291839e-01
-2.391901600278805162e-01
6.784235500146618136e-02
-3.896614058953962179e-02
-4.342675942822142865e-01
-4.930150639862886930e-01
