-4.613398188273186429e-02
-9.896537858434342749e-02
-2.663457621505409267e-02
4.310670336476565279e-01
1.863118555138264520e-01
-3.435066619869778237e-02
-5.107653201323028025e-01
2.738363266925629702e-01
5.713876280387024664e-01
-2.653724189826920377e-01
-2.119784028760414163e-01
-7.429742789148857662e-02
2.246637213240010311e-01
-4.581929650969347456e-01
4.252957348023476691e-01
1.501545588123606167e-01
-2.741999303291229317e-01
-2.530794274300541824e-01
-2.052971929367576331e-01
3.671984488129692026e-01
8.194424301092081975e-02
3.463448234885189159e-01
-1.825208215015499680e-01
-2.358334488032345633e-01
1.704931907365361266e-01
-1.081599976499207916e-01
4.778696971413497474e-01
2.356494596125333352e-01
-3.477789444216166093e-01
-2.510938390168532264e-01
3.442775707208993730e-01
5.154268844812361916e-01
-4.132369180636454725e-02
1.699644414165917689e-02
5.861533661085320812e-01
4.357485743426620095e-02
2.036958974993634819e-01
5.069152039900537421e-01
8.707287188221676799e-02
-3.271126911542198701e-01
-1.860865332687600127e-01
1.789861439917124486e-01
1.036188602098782330e-01
6.072830060743041047e-02
5.729667781429965273e-02
6.021673402492409843e-02
2.918985351984023091e-01
1.198602830078011605e-01
-2.003914904233414923e-02
-6.159376815758299539e-02
-1.430440967055880142e-01
9.702269555512132992e-02
-2.483509514676418561e-01
-1.058074242032517737e-01
1.408856406439490949e-01
-2.430516739134745696e-01
1.424889939909179948e-01
1.619181304678264377e-01
-7.565865165185137881e-03
-1.095895794665603384e-01
7.465666996785006448e-01
-6.054785947445189692e-02
-1.790088434634846404e-01
7.388195673117736728e-02
-4.624321564700979992e-01
-1.391027884569827622e-01
-1.944822743909895568e-01
-5.510728240099154601e-02
1.857221491247308398e-01
-2.648014194684978895e-01
-3.538042260800058347e-01
-1.074138513937945155e-01
-2.341168605755330479e-01
2.726476219955932256e-01
-1.676758346482296325e-01
1.477799199032941990e-01
3.207383214256297466e-01
2.486881564563663272e-01
-1.940091773419425417e-02
2.802154443530387867e-02
3.258380193587834817e-01
-2.507496385200518318e-01
1.783460710472578037e-01
4.203638749865695745e-02
-4.396693442590887679e-01
6.923205655486089904e-01
-3.199676828550050978e-01
-6.294764904070940248e-02
1.830802404391176919e-01
4.205405548988547793e-01
1.439415539239536357e-01
2.295611773990129945e-01
3.598838929029947176e-01
1.264933844097313465e-01
2.553581141567051183e-01
4.495319165137312556e-02
4.035209401969919174e-01
1.906359815001752167e-01
-2.387678357259545581e-04
-1.158382190871563855e-01
5.649129868401476795e-01
1.960355706798148079e-01
2.033892853324735794e-01
-1.629056596544465330e-01
1.494585068873545697e-01
-3.054554348467430347e-01
-4.448377156417310241e-01
2.815023064278320275e-01
-3.424313762227502167e-01
4.580363448984836605e-01
-2.559347782348475042e-01
-2.904675206196821180e-01
-3.369422224449620806e-01
4.624024746836398192e-01
2.405870173420092961e-01
-6.727357034057139529e-02
3.874176028757243817e-02
1.438419266256691920e-01
-2.734627547735066777e-01
1.104020388086733029e-01
5.247879610772098191e-01
-2.030846480455540393e-01
2.905469123384807895e-01
-3.227388357237571115e-01
-4.428062320300717170e-02
-1.339320293429415165e-01
-2.597387082051464402e-01
1.004145992701323542e-01
9.877130305282342398e-03
-1.316377829795630505e-01
1.779286775789810371e-01
-5.126708562241311107e-01
7.399377384900229782e-02
1.412627705921716825e-01
-4.305948031213632232e-01
1.328112752306419841e-01
3.053305281325613407e-01
2.853908038932924662e-01
-4.883051745559439938e-03
-2.092087930900073944e-01
-2.029966478820647430e-02
9.135770879162223579e-02
-3.154504790778057954e-02
-3.916688744080875501e-02
2.778519979252754846e-01
-1.814913072420015760e-01
-1.766624265516152925e-01
1.863294623888999690e-01
3.254623137363179541e-01
-6.893713890947647527e-02
1.198592364843331787e-01
-1.741492757141356318e-01
-3.946406025486368097e-01
1.938883462279364714e-02
-1.283604179607449880e-01
-2.262586436707295368e-01
-2.175063788366450312e-01
-1.213403877504178885e-01
1.352983706310406098e-01
-1.279263471048123213e-01
3.891205487923825590e-01
1.984988389042676715e-01
-3.082871817188260755e-01
-2.033712690834617587e-01
1.403791061608220675e-02
-1.536040344689698633e-01
-1.589155204434399837e-01
-2.519763937029699807e-01
1.263593609300553977e-01
2.931093725905223324e-02
4.483904153740275039e-02
1.089910483103677663e-01
3.027321842047542844e-01
-3.845118529350626257e-01
-1.147712899230193817e-01
-2.376929691760075458e-01
-8.435986106605454504e-02
-3.723550107941231979e-01
1.407447922145783903e-01
1.909555645782811117e-01
-3.906201831487843279e-02
-2.781613507447435740e-01
-1.742526947341556387e-02
-1.871926456226396529e-01
-2.903963937219120606e-01
5.735857673269817089e-03
2.879142021772009841e-01
1.630981748169618162e-01
1.414836373290093152e-01
-1.710692027216391686e-01
6.952564642675494733e-02
1.370044572418211426e-01
2.473625939555010034e-01
5.634497404226757045e-02
-4.505171751235018812e-02
7.661883807306464345e-01
-1.696810197635398310e-01
-7.255673649581935170e-01
-1.534254828043198626e-01
1.534318325307334197e-01
3.677855970437168831e-02
3.438753651173495629e-02
3.240048461962018456e-01
-2.324240602074987283e-01
-4.074452163498601953e-01
1.934105025350879581e-01
-7.803264794921049852e-02
-8.695033938460094980e-02
-1.166703423550705110e-02
3.145098426030230043e-01
-4.794234072267636315e-01
-2.531093215651448736e-01
3.274671010366408397e-01
3.363362120232429309e-01
3.441485270474595182e-02
-9.131132691811250091e-02
-4.220854004601130582e-01
1.110590015766092925e-01
-4.006884464274813595e-01
3.575110682782945415e-01
-2.615334414297722926e-02
-2.291493256055078254e-01
6.604219292874538016e-01
-1.345383163172405583e-01
1.868029989408820091e-01
-3.064410879219433559e-01
2.739644636937904609e-01
4.472078507788145030e-02
-2.509530474038998774e-02
1.047875365203617265e-01
-1.330307820096506832e-01
-4.005515398986928544e-01
1.613757136323152597e-01
-1.556386624982039613e-01
1.712832888013119947e-01
-1.667737583084739073e-01
-3.356529520012813128e-02
-3.432304474430808439e-02
3.833983472807144799e-01
-1.752294159694040010e-01
2.739159651486993696e-01
-1.318613388055588642e-01
8.609263443603608346e-02
2.235264446159142271e-01
4.475562840492641747e-01
-3.370630785942895780e-01
1.680571076396369656e-01
4.566697906003353569e-01
-9.166240439427833508e-02
-3.359242039721750950e-01
-2.797621405105564230e-01
-1.920029797324923626e-01
6.795323979095009570e-02
4.920752691892088526e-01
-3.238221381961544632e-01
-9.366037967377516260e-02
2.228919557260949924e-01
-1.280213964281757266e-01
3.626777471690670329e-03
-5.895565165188811907e-01
-4.129710061492417594e-01
2.909651782481029181e-01
-1.947424110151516619e-01
6.595179561895845310e-01
5.685673442105504405e-02
