-9.353955730643341571e-03
-2.360524800166957926e-01
3.302724369788501840e-04
3.660232981435138089e-01
3.085165324462458281e-01
6.377021809403812802e-02
3.864068553980493093e-02
1.320112410125699742e-01
5.387253672546368222e-01
-1.907479900405666395e-01
-2.561751272078575115e-01
-1.941210491805578364e-01
6.878873862226306257e-02
-5.241687916438593220e-01
4.012843416387586459e-01
6.577674551123889601e-02
-2.119902858080697505e-01
-3.119515433706419594e-01
-2.657279026934108446e-01
3.897800534079517987e-02
3.388756461834263600e-02
8.159020732443963975e-02
-2.633317929727419515e-01
-3.483276007465450630e-01
2.707011530712933323e-01
-1.561476359806712455e-01
-4.102145541002844009e-02
-3.943497512274737882e-02
-3.420456089247434495e-01
-2.307987286349198752e-01
-2.425815863130758102e-02
4.146484128921077428e-01
2.543330540254077829e-02
-5.345174583394725343e-02
3.904729115200271661e-01
8.219008606742270184e-02
2.110379133815610819e-01
4.288838917039108356e-01
1.433717279224540897e-01
-5.912004299551112951e-02
-2.052415457259511578e-01
1.601087666105083795e-01
2.884780401221616053e-01
2.819254492871017259e-01
4.842636880962734175e-02
-2.088264832066626941e-01
2.652728812507977318e-01
1.370978305694458832e-01
-5.052759081708628475e-02
-5.151417784812555023e-02
-1.173267845519239128e-01
2.071892842063594864e-01
-2.411458003893062196e-01
1.008379685430648709e-01
1.130819825187615452e-01
-2.827441661883318691e-01
2.381230109626787106e-01
-2.003780497275756134e-02
-2.709097680257643859e-02
-1.754639035222965160e-01
5.806911070409402909e-01
-1.799777744984739081e-01
-2.214800591943218433e-01
1.055637026132324741e-01
-4.500783700641830531e-01
-8.276658422888001632e-02
-2.327834535864387877e-01
-1.160360895331588871e-01
2.442513802065114370e-01
-2.545292117884656591e-01
-1.368483686091723495e-01
4.450444312000595426e-02
-1.042437430101396216e-02
1.936563723400150927e-01
3.601467776794892856e-03
1.015462032835087458e-01
3.931877801338550804e-01
1.911806953026257139e-01
-8.130911729602803562e-02
9.726244220494029147e-02
1.674106999271170459e-01
-2.495271983812294980e-01
1.514107467280559616e-01
-1.730491091713555821e-02
-4.636719725523918978e-01
4.862614092276141831e-01
-3.053744532985783189e-01
-1.007365249650794131e-01
1.514752612816801514e-01
3.311945250558449572e-01
6.357541960243751067e-02
1.348654271565777607e-01
2.761216488739391406e-01
2.048940365438796929e-01
2.280185601525422934e-01
1.318264207944697397e-01
2.795500366513080648e-01
1.082063472639137047e-01
-3.563636725688364842e-02
-1.578563950152633844e-01
5.205024961662469973e-01
2.708315608332241831e-01
2.201886280573662202e-01
-6.216919648951518829e-03
1.451771543411680687e-01
-2.420399860766574984e-01
-4.256800292701811705e-01
1.975180440349108557e-01
-2.878648598376631340e-01
3.561900349990145820e-01
-1.515910684671599729e-01
-4.140619867049818437e-01
-1.969244361185651659e-01
3.607973209825801608e-01
4.641738143221411095e-01
8.982053296880371240e-02
7.305412355030026228e-02
1.447494938855574120e-01
-2.214024431666518078e-01
1.312768654326527951e-01
5.529711169261443127e-01
-2.216721758498478023e-01
3.307170987158499775e-01
-1.134877233784794548e-01
6.661491965936520987e-02
-8.053323435728433621e-03
-2.414925971639469704e-01
1.728939178359422540e-02
4.897483835614522413e-02
-9.370680401485545485e-03
1.995788836575944358e-01
-2.475707769252815105e-01
1.000564335406622374e-01
1.043083197684671892e-01
-3.591894513762149965e-01
5.519510080505705962e-02
2.528322985063541917e-01
3.121241975641244060e-01
6.744570767434697467e-02
-3.261483899256144015e-01
-6.842944961082517152e-02
2.554565190011447856e-02
-2.691203893511951578e-02
-1.227807204939923430e-01
2.336200784608480907e-01
-1.509541248262532553e-01
-1.143651622238099214e-01
1.312430234608139568e-01
2.653035340775538597e-01
2.594878200973638194e-02
7.303605127278894882e-02
-2.234620378833966636e-01
-2.441745443897537782e-01
-1.752915607209082349e-02
-2.252750399830511507e-01
-1.671866649839242047e-01
4.125175983562542892e-02
-1.894266266400082832e-01
4.445111213831467456e-01
-1.444912191536006363e-01
3.437855796522843455e-01
2.515525141475044024e-01
-3.765814152180753105e-01
-7.655665065016993565e-02
-1.541235892903235205e-01
-1.782543472415125951e-01
-1.204687481517359438e-01
-2.414496544685516555e-01
1.662568656506047127e-01
-7.144560108834634160e-02
5.669357914168360324e-02
5.077509375371928174e-02
1.664667984742302653e-01
-3.166179046210213510e-01
-9.361600958344967749e-02
-2.133011051626851617e-01
-1.604942051438067174e-01
-3.194558553444513671e-01
2.133094140221987733e-01
1.682431478887022047e-01
1.049274111500177187e-01
-2.038639009794423473e-01
-8.695829867672030811e-02
-2.098255362874714147e-01
-2.888240026894918211e-01
-8.433879311238684506e-02
3.217389211698252760e-01
7.869323659949503669e-02
-1.410284489798478008e-02
-2.552416102919161656e-01
7.716743368322571961e-02
3.192419798369622308e-02
1.757962745735779098e-01
-1.063865347262479555e-01
1.069432299761068489e-01
5.714270745871644630e-01
-8.183975774637940181e-02
-7.130616357730212851e-01
-2.673434656786974895e-01
2.082801486373778155e-01
2.274235054560236335e-02
4.088006794401543437e-02
1.887630768485334398e-01
-3.367565075703705946e-02
-2.399522132147518805e-01
2.163457081358027279e-01
-1.969036048186583177e-01
-1.550537635717841589e-01
8.432670286951307603e-02
2.098711376117664007e-01
-4.315861413208882391e-01
-1.611115176057934528e-01
2.267995417382355217e-01
3.504078455303555328e-01
2.700470124950949541e-02
-1.909016744114539199e-01
-4.544436961613600445e-01
2.271255583189266125e-02
-2.690154355082668980e-01
3.906585026666788973e-01
-9.440279948924876208e-02
-1.315864122121661595e-01
2.959289015650329313e-01
-2.018174842365791921e-01
1.378035829572618609e-01
-3.000471796896431176e-01
1.760000595551099445e-01
-8.882824160681038195e-02
-3.733099885554433395e-02
9.723998098618941155e-02
-1.424790108424289770e-01
-3.118868122418922417e-01
-1.726571105928961791e-02
-1.102826699718961467e-01
1.262152100952435574e-01
-1.670787759211882217e-01
-2.381281860071320644e-01
8.744098899891737664e-02
2.431950030935156881e-01
-1.066237251811291420e-01
1.393868519568845499e-01
-5.103605883143538802e-02
4.739452272517595821e-01
2.326940950699274702e-01
2.851814550640222601e-01
-3.930835162853225651e-01
2.356985858408540413e-01
2.606559037148985514e-01
-1.688065376130888917e-01
-2.905661069942665486e-01
-2.988220265882739479e-01
-1.432192463205134991e-01
1.532809445045437424e-01
4.430348365513480102e-01
-2.685494084894272104e-01
-1.550685371477192875e-01
1.502437366352206705e-01
-6.720674856882095927e-02
-7.876337100555555470e-02
-4.866521513761024598e-01
-2.844608687829237592e-01
2.450933925739885999e-01
-2.096820388656027712e-01
6.841906187481462398e-01
2.871100711339214656e-02
