3.327938604739274497e-01
-1.717310701564512543e-01
1.862350826543993088e-01
-2.475733591541866285e-02
-1.412056581732131222e-01
-3.471946119786383789e-01
-2.374587578417267086e-01
-3.387756403217757617e-01
4.223980652098029975e-01
2.389623677795754964e-01
-1.610711513673134809e-01
-3.266350573043844685e-01
-3.193432763384972395e-01
-2.341919936888225418e-01
1.555855935017031455e-01
8.918691917452191420e-02
3.639790689281385272e-01
-1.471444342362958069e-01
7.615936266494512108e-02
5.322957447525936137e-03
-6.480720542826871877e-02
-4.258531217634666799e-01
-4.224484326062831752e-01
-1.622844131367835452e-01
1.904086374468591247e-01
-1.460228795316230732e-01
3.197353176498611838e-01
1.003934270200380618e-01
-1.123531432370986766e-01
1.823388094727135256e-02
-4.600256748801211382e-01
6.886344560957909089e-02
-4.271266969714374029e-03
6.520146533607807937e-01
-5.857657485314722301e-01
1.108309770177572789e-01
3.620238713364413718e-01
2.242553809097057038e-01
6.384388701240863162e-02
1.799496784620611689e-01
4.981025921707347148e-01
3.109087973887930678e-02
8.995410441801077184e-03
1.803432710406369099e-01
3.944410210266346972e-01
3.525393460987481520e-01
1.516225446766307217e-01
2.892575157097337923e-01
1.868661238072243103e-01
2.587076931698648607e-01
-6.131589760157638014e-03
2.876320055470237835e-01
2.443816082989370420e-01
-2.287798570340791871e-01
-2.311751082422631998e-01
1.649881055624610182e-01
-1.247579752383760482e-01
-7.669535391426887672e-02
-9.255838740674417198e-02
-1.995175568276228439e-01
-2.838390800336806907e-01
-1.597229156696318153e-01
-2.692169935000041092e-01
-1.556542379319363345e-01
2.259635698986346974e-01
3.317898684820929645e-01
-2.522280792785562553e-02
2.561576724563142671e-01
5.792120757982367751e-02
-7.153747631738453794e-02
1.016074418091417741e-01
1.392334844254851101e-01
-1.969757332830578134e-01
3.107634593183655758e-01
1.101610594157701739e-01
3.825016031225747515e-01
-1.316971856831334331e-01
-4.148287671989948078e-01
-3.968473232476482093e-01
6.311474089181006164e-01
-3.185275621620915487e-01
2.945713598729239879e-01
-2.542478291682249703e-01
-5.374576286996423091e-01
-3.599807382199374239e-01
4.390711405524232447e-01
-4.539227633596698563e-02
-1.020744673051080242e-01
9.799654808804750261e-02
5.595669156737703709e-01
1.075618656665694450e-03
-1.462904901385806422e-01
4.879641284122739342e-01
-2.513009687193124009e-02
-3.157863894728790699e-01
1.143881034747257219e-01
-3.686145795658195279e-02
-4.272698460904665874e-01
-1.638175086047830020e-01
-3.109997282906588056e-01
2.286533712315766409e-01
-1.309996915344585899e-01
-3.728420633245501659e-01
4.205712267335350307e-01
3.316627993000491603e-01
1.747864776782601104e-02
-5.495047430076287209e-02
-3.312004778575755037e-01
-6.394051861629522493e-02
3.208614190769074059e-02
3.766598418909545831e-01
1.007655243832020209e-02
-6.806142018157337881e-02
-4.246610470938398385e-01
2.728056719386885987e-01
3.159922107634159927e-01
-3.752524819426430458e-01
-2.556242425598012624e-02
-1.132367137634712750e-01
1.161235695854207772e-01
1.320076851375227012e-01
-1.254660624533366353e-01
2.511311350017099153e-01
2.431775744384035570e-02
4.277439562050989741e-01
3.431974203550662850e-01
-1.773182558330922143e-01
3.384288485973740990e-01
1.191193618256828068e-01
1.489762983279771524e-01
-8.683867608627693357e-02
-2.529912341406252985e-01
-3.773817061112899607e-01
-2.483909704725564271e-01
-6.623969060841108925e-02
6.397524407344248876e-02
2.324616179852015130e-01
2.153005581181369199e-02
-2.081906016638775392e-01
-3.241438677381833222e-01
3.792771481581415083e-01
3.446008490024536630e-02
-2.197408363938440912e-01
9.987952413605979962e-02
-6.769511052357229941e-02
-1.008051315038501622e-01
2.526724948096113754e-02
1.761882267505222588e-01
-1.613187199862917698e-01
1.982761107572592052e-02
-1.482153789305284408e-01
-7.086962287478967837e-02
1.099134946799916468e-01
-8.347126900600410071e-02
-3.678229568196794141e-01
3.776053268505201732e-01
-9.146168463266821091e-02
-1.191894367972121116e-02
-1.010799074041428547e-01
2.121384581487869014e-01
3.245826776095374067e-01
-4.019822311787365487e-01
8.385691908540920947e-02
-1.011557329327581189e-01
-2.983285031397810982e-01
-8.781699713285011366e-02
-5.875641549928173335e-03
-4.464266802169732928e-01
3.473403071253121088e-01
-1.076991964269606306e-01
-5.828832691233466756e-02
-6.910787212879601626e-02
-9.497427668590423255e-02
2.342810829965174535e-01
2.703342298122783371e-01
-3.539108291866041034e-01
1.320021468670332099e-02
3.654199612363205341e-01
3.694240126423710135e-01
1.001230967031064151e-01
1.109329036214916214e-01
1.902271155544724146e-01
-2.873034448356824866e-01
-1.576556350446222665e-01
4.712086063114341306e-01
-5.720232898659693976e-01
1.916415362183889748e-01
3.938303908778242324e-01
6.165021063104891841e-01
-2.886462016787397222e-01
-4.346620819694129167e-01
-3.829244673810099364e-01
-1.519582619899943199e-01
-1.128746201638157476e-02
1.746244523276218596e-01
-4.184195551725213291e-01
2.031664289088238873e-01
-2.866591519655606324e-02
-4.956066983058181608e-01
-6.393829093413612441e-02
3.536306503826114889e-01
-4.915290390300752765e-03
-1.441235866998798465e-01
-2.171070897772043040e-01
-2.089503747354233554e-01
5.375599268278293819e-01
-3.220657450841007408e-01
1.917079946124754242e-02
-2.634738370483921122e-01
-2.138324187416304478e-02
-4.713364504956562562e-01
1.551313184208840679e-01
7.802820935873266972e-02
2.673185139121705967e-01
2.464520209646685611e-01
-3.003563492009390101e-01
-3.535568012787160819e-01
8.956877899880033578e-03
6.754877630329712002e-01
-8.276351607300058699e-03
-3.692423832748164547e-01
2.958494830055159452e-01
-3.975322025765157807e-01
-4.216808974276813893e-01
6.453366191547918462e-02
-5.193606432253544680e-02
-4.083486312132054152e-01
-1.391860552017596397e-01
-2.676557243477314385e-01
-1.085527551423791370e-02
-3.229076569898540749e-01
1.281664457984494354e-01
-5.462047641762646233e-02
2.910019715961931208e-02
2.632864190256961612e-03
-1.993631570998347646e-01
-3.459383195452492288e-02
7.197405204271198342e-02
-6.971984363139559215e-02
9.152767707142887843e-02
-3.560856095422770817e-01
-3.644949227862413765e-02
-2.552422805126489669e-01
2.260607180855406240e-02
-3.381943935597861994e-01
-2.653384243180271218e-01
-1.878624652927317340e-01
1.497917763812334491e-01
-3.229621330341801988e-01
5.237767761361327157e-01
-1.047556153918920013e-01
2.897704419854606472e-01
5.763054185142137964e-01
-1.480040473471717910e-01
-6.011140950692268892e-02
4.479460367784898200e-01
-1.330161156511592002e-01
6.510798326415422055e-02
6.513705563434953050e-02
-7.289198040588629190e-02
2.108178315560601812e-01
1.684051239748461104e-01
-1.321879769783037006e-01
6.180454857281458825e-01
-2.529045940563817707e-01
