4.265327906015694559e-01
3.096607457277587017e-01
1.416430957625354203e-01
-1.797008350982183256e-01
-4.447324507484247125e-01
-4.174988315088477009e-01
2.779394639242993570e-01
-6.112294845111861941e-01
3.565473656042281725e-01
-3.523716474844100222e-01
-1.863755821890253905e-01
-1.449437346434188090e-01
-3.311354742036510812e-01
1.742331154944164462e-01
2.597559612345822222e-01
-1.540329333761377706e-01
7.217213655515121173e-01
3.010613940487593121e-01
-8.431783088119637615e-02
1.260046354628751031e-01
-4.644224259844866864e-01
-7.403775410360730058e-01
-6.195755938091547232e-01
-2.093236133435251167e-01
3.399870118755637938e-01
1.965785038375054139e-01
-2.267980830440418094e-01
5.072004227940773990e-02
-3.303578131871549584e-01
-6.536620054539368230e-01
-9.521651919482896353e-01
7.399224361788048210e-02
3.697396151213252491e-01
4.362648987354196262e-01
-7.947051611062933008e-01
-2.649951797094297068e-01
2.797699858738926793e-01
3.012322104483527996e-01
-1.771992643267328305e-01
4.961497056384326365e-01
6.090107507753802496e-01
3.502110327185530281e-01
-1.764814099487476140e-01
5.509983634317497936e-01
6.723980948836257854e-01
6.572054923059439391e-01
2.663295923732991177e-01
3.721015438618417992e-01
4.906377887113951841e-01
4.825241831352964361e-01
-3.681480875965628119e-01
-2.131074673421395893e-02
-8.430777756886698171e-02
-4.236718245448867215e-01
-4.313426128287730643e-01
5.004506577283737156e-01
-4.039307996198199247e-01
7.641401871764794129e-02
-4.312629590625997045e-01
1.693566739508468588e-01
-2.247875859280459299e-01
8.221188537300805343e-03
-2.543473267840937746e-01
1.191652350796658100e-01
1.248688749827009392e-01
5.708592318076719518e-01
-9.988806456235121978e-03
5.174899955732951140e-01
-2.631190449867326642e-01
2.792718109762324374e-01
2.107797574135786833e-01
-3.393185592720737720e-02
-3.063513796002030887e-01
7.498312660141290831e-01
1.346945624212829706e-01
5.459197737496536140e-01
4.170354683257608830e-01
6.480259968730339715e-02
-4.598839280243612881e-01
5.765963370437032776e-01
-6.113250151952065448e-01
3.910452268115525154e-01
-4.272024107322154318e-01
-9.175764809149327128e-01
-7.022914291447676094e-01
3.126065067375357609e-01
1.638227533005134351e-01
5.019170752327144491e-01
7.885788617726126049e-01
1.881150619644623712e-01
5.062830254652705975e-01
-5.104206549984557917e-01
7.422481462368695215e-01
4.934586584699410805e-01
-9.318160032345212951e-02
6.275458836410110486e-01
-3.870338522081182009e-01
-2.751639352424040119e-01
1.334008481334426621e-01
-2.852693442527237666e-01
1.528489951234979216e-01
-8.542779046447013247e-02
-6.146763023163605011e-01
4.136976913987864268e-01
4.365992902664159736e-01
3.822638355985339409e-01
-2.142652721201905308e-01
-1.062633440684142005e-01
1.252630149475219001e-01
3.160804161801218370e-01
3.936230698983539389e-01
5.059304484731027562e-01
1.388971968887980912e-01
-2.703855864515388729e-01
-6.629407400336795320e-03
4.592232148758036425e-01
3.521168177045397307e-02
4.453889363656206024e-01
6.003439999497151014e-02
-1.828905872182298165e-01
6.813069367527263553e-01
-4.049269139648447036e-01
-1.729645108505506457e-01
-2.398529275618415113e-01
3.996353157003725842e-01
2.280787961469426250e-01
-3.462718379079828823e-01
7.339758015082326059e-01
5.842174948735084916e-01
-2.293612584495426931e-01
-1.070629019659229408e-01
-2.850113087605377626e-01
-3.384244965949374517e-01
-2.326714327675409866e-01
-1.895856631745690413e-01
4.867490835999503940e-01
4.080802552367068792e-02
-2.258844636104202497e-01
-2.015862538001947923e-01
-4.292323783797851178e-01
3.596718942349199644e-01
-4.597036058701166050e-01
2.542506384475337056e-01
-2.311671926293690227e-01
4.597258838492856992e-01
-2.944343109265401548e-02
4.086004278810154711e-01
1.588318564614825679e-01
-2.739251528777085221e-01
2.608911440151863714e-01
-3.100498516671069682e-01
-8.079411681283438229e-01
2.728251550584210872e-01
1.127896010163736973e-01
2.186843785153389508e-01
1.036941996836826529e-02
-3.186003598854888486e-01
2.786128914106483778e-01
-5.517386090967343337e-01
4.442726028136434469e-02
3.617152757925711781e-01
-6.852503717961107021e-01
5.408741897591562431e-02
-4.036148632340972320e-01
-4.371938988689180183e-01
-2.150623784959494467e-01
-6.709742219496250826e-02
-3.683309341652354352e-01
2.776693689941395204e-01
-4.254324602439243375e-01
-1.216985322068092623e-01
-5.362227148684386435e-01
-2.571805492410029759e-01
-2.706955313774936922e-01
3.255667185841267797e-01
1.110016075701353300e-01
3.556711928665579059e-01
-7.346760902237847723e-03
8.473495314370610432e-01
7.801967762414252494e-02
3.645483507157318837e-01
6.663093107560114081e-02
-6.471486143298661453e-01
2.152135086489239679e-01
5.770913075521222346e-01
-6.695667114799019881e-02
-2.381845298194528171e-01
6.874171817697015685e-01
8.038894936381595357e-01
-2.990667029439232349e-01
-2.067487583323011080e-01
-4.139844348804757601e-01
3.272129114161076435e-01
-2.069345792481993018e-01
2.328166429361768763e-01
-4.674748304880270711e-01
5.713466298682712274e-02
-1.332297887039797235e-01
-5.904188127419189858e-01
-2.670561761773403431e-01
-9.201192529096369199e-02
2.358919354480435437e-01
-4.309115410927470968e-01
2.676592340257075708e-01
-3.962238873313173038e-02
6.862580128309778704e-01
-5.998415158006570325e-01
4.287631640814761891e-01
-2.229718756700510562e-02
2.457888664484622065e-01
-2.163458657474321978e-01
1.457669733479434182e-01
6.391221612856992085e-01
3.775572695742075435e-01
9.521431502296628935e-02
-1.200412527495855475e-01
-8.697258995230160439e-01
3.874781370469809749e-02
7.911683508032458789e-01
2.170313413799934699e-01
-4.861427011704115286e-01
5.925887792584152436e-01
-7.862640214410889783e-01
-8.568112463704321558e-01
-4.251295767705915996e-01
2.609084246109394378e-03
-3.539626119527717885e-01
-4.867700705753399415e-01
4.472732844174265310e-02
7.114419787661940831e-02
-6.028650803158547289e-01
8.786978449109206224e-02
-3.612182655538420661e-02
-1.518581732300894327e-01
-2.487987717839529322e-01
-3.063614860323082834e-01
-3.223748648695254904e-01
3.589899865988492866e-01
1.256691062921775348e-01
1.072762072184488824e-01
-4.524476426525454453e-01
-3.176600179443543892e-01
3.877779278235851113e-01
2.749179178012388647e-01
-5.662736681377550374e-01
-3.972073280392107719e-01
-2.638135468556473961e-01
-3.112824304774663986e-03
-4.262537001476156551e-01
7.511420083247265511e-01
-6.367197077795615501e-01
1.267000154543854729e-01
6.003773774820814202e-01
-1.520764007156076847e-01
2.702083009976772310e-01
5.812805664635896097e-01
3.974109652491860656e-01
7.236968827904393109e-01
4.563288120131877568e-01
-3.319731552113401873e-01
4.519885710488846797e-02
2.382747741485645721e-01
-6.869663192877160096e-01
6.625918547844154016e-01
4.170504598260176277e-01
