8.784404077934121480e-01
6.188383831358933440e-01
5.086695828584102408e-01
5.375807483001866505e-01
-2.208485872021159757e-03
-5.505453108746524160e-01
-8.713712683881578158e-01
3.350001199684815023e-01
1.381184410540191032e-01
9.678496009391757138e-02
1.332178560957896774e-01
7.408864761431726009e-01
-3.842305527992534442e-01
3.924179063825273261e-01
5.674469082288032817e-01
-2.085695793035977075e-01
6.697660424618456787e-01
-8.419088572782792435e-01
-7.659311146584069085e-02
1.088915796932745872e+00
-7.898090735685292518e-01
2.401075933535390394e-01
2.937660163865779550e-01
-7.103697822363701508e-01
-8.343109766967193863e-02
-5.268987540591483221e-01
4.777956821332579596e-01
-5.789577886292904818e-01
-2.694310853731368138e-01
-2.058849654010110330e-01
-5.645857844231925160e-01
-1.418928348938445438e+00
-4.764352991437299512e-01
-1.075149578825727481e+00
7.621381677989473857e-01
9.667100675879062299e-01
1.203679390279071448e+00
-8.024011191373570107e-02
-1.091202646327060100e+00
1.930837500928015427e-01
-8.318633894715544708e-01
1.288974218089788959e+00
1.270788132014142757e+00
3.456924750646295230e-03
5.789798007579857186e-01
5.499468210287863368e-01
-1.055638102487914454e+00
-7.669832770442400749e-01
7.074135690186873493e-01
-1.422338106588996731e-01
3.641452409499816856e-01
6.270383078727475024e-01
-4.957167271815109966e-01
3.391647130320657455e-01
8.509249252826787124e-01
-1.019099829304335403e+00
1.972111617716276188e-01
-6.626792483409946755e-01
-6.398302377086342307e-01
-3.868454517176566076e-01
2.182033379969864628e-01
5.882885883842789987e-01
7.169414832790269587e-01
-6.928307055059302888e-01
9.068655511098904221e-01
-1.874138668367608396e-01
1.068120181542511427e+00
-8.395606214436059922e-01
3.916183935868017274e-01
5.224600988614169772e-01
4.886469213098307840e-01
-5.547357351644714996e-01
9.024158357926699292e-01
1.353212403211103032e+00
-5.750164317269204073e-01
6.445183949685667768e-02
7.625357444272892193e-01
3.796394261110797030e-02
-1.018618347775396060e+00
8.788336764515038979e-01
2.642635903251944751e-01
1.214742544935410340e+00
8.281970856544028647e-01
6.976113981378491147e-01
7.767777804893614135e-01
-2.610734762015552435e-01
1.350796518174914862e+00
5.200238298890255129e-01
3.924868897369909182e-01
-3.123995324806220220e-01
1.229322105488902528e+00
-7.231075386266009319e-01
4.168366283818624174e-01
5.706051863416483627e-01
1.166787316951606535e+00
-1.229078009267129179e+00
-1.155498158296491606e+00
1.444063188424438149e-01
1.018841138067208663e+00
-3.782897806747813618e-01
-4.536399968755227552e-01
8.763521252719297383e-02
1.440702195553646314e+00
-1.906759010480668648e-02
6.265506763877726204e-01
1.035072237363547254e+00
3.015883055699437043e-01
2.643671053268183968e-01
-6.903508187063507329e-01
-1.233671735949586346e+00
-3.227120393615844351e-01
-1.309316470036620217e+00
3.595147908533027903e-01
-9.294078901946958293e-01
-1.065030281113275468e+00
-2.331668828310597963e-01
1.071859855193971756e+00
4.523001722345304509e-02
-7.352075477950278382e-01
6.508629953949958136e-01
-1.015040949867255016e+00
6.557044596257957103e-01
3.968561736828075670e-01
2.977989076696083148e-02
8.765853164969675815e-01
3.555117837398119596e-01
1.532011838160491024e+00
-1.103849478707648601e-01
-4.725061758829380842e-01
5.058033069300481577e-01
-5.116276926936995650e-01
-6.250351199557214743e-01
-1.807412685159868193e-01
-1.003327688990936606e+00
1.177038741312518844e-01
7.521784284212733596e-01
-9.170566789996061896e-01
-4.240637062414304159e-01
-5.598976593508835364e-01
5.787652514152794581e-01
-1.346768303130001510e-01
2.311412488452198599e-01
3.156480845981606831e-01
-5.199685433317821071e-01
-2.750253406519750365e-01
1.076757219082942751e-01
-1.980685744565123141e+00
1.243216652143261047e+00
1.187625900921027267e+00
-1.386423870378254430e-01
-1.378108094030224551e-01
4.696533538265000862e-01
-7.482245319852345866e-02
-6.998500935311302573e-02
-6.499918145289351745e-01
-9.875097697008666797e-01
8.396072562491472269e-01
-1.145189161613763273e+00
-1.512155332613053793e-01
9.611034349893680107e-01
-4.862415470090069025e-01
2.421855198826616817e-02
-3.253243633709783644e-01
-4.574842745913778597e-01
-1.244335604731378608e-01
4.719027972475471344e-01
-8.744329062678924958e-01
-3.851151726989371915e-01
5.816328433726225544e-02
5.894377246185453778e-01
-9.155951524549807985e-01
-8.725268321302870334e-02
-7.873988164249082766e-01
1.151236112609740347e-01
-4.928414760107915904e-01
8.369012251907389510e-01
-3.265679749761053463e-01
-1.349358380704408944e+00
5.717254155737837573e-01
3.361299094481701166e-02
1.149163387190279773e+00
-9.130141406412698446e-01
-4.116994819752852752e-01
-9.602173842940249227e-01
3.918902421531257896e-01
-6.798279858887477101e-01
-1.419260397255053263e-01
3.508581583383003077e-01
-1.131154190218488953e+00
1.513680879305838722e-01
-6.373841201221547292e-01
5.509794948930474279e-01
-7.785874155909208172e-01
-1.945787288910392210e-01
-1.211057592332047406e-01
8.796039964800062005e-02
-2.854132794487813096e-01
-1.317007117181284492e+00
8.571147926682837204e-02
-9.543436007170829072e-01
1.103605247352087870e+00
-7.818000940934994869e-01
-1.526740141649166826e+00
3.405592533626833340e-02
-2.578507084572912444e-01
-1.041282665469350222e-01
-2.760746811723899796e-01
-9.235630557778889971e-01
-3.259281588680440489e-02
5.741169584604849385e-02
6.934233792569949317e-01
-6.718613097335739415e-01
9.560545060691847397e-01
8.618720335367040519e-01
-2.525359053360205497e-01
-1.700343965182831152e+00
-1.164419675596291226e+00
4.132843991353015722e-01
-1.156792964882255859e-01
-2.343129574179758645e-01
-1.076770574010001313e+00
-3.070793822656009420e-02
8.823927275864826836e-01
4.437502993721234579e-01
5.228206463138775906e-01
-2.072702086435282143e-01
-3.157055561007322542e-01
1.266918613523712489e+00
2.302520438755164545e-01
-2.739431873738757406e-01
-1.600391943492189828e+00
-1.053334971269106912e+00
3.627047348273956806e-02
-5.060385581252493381e-01
1.791634142969929511e-01
-4.498036291006811127e-01
-7.656690217663564280e-02
1.038806309632593905e-01
5.959642523376489365e-01
7.186112713244763306e-01
7.266084988913057430e-02
7.070635052484992578e-01
2.141549315123204011e-01
-8.462355294532337702e-01
-8.913894812381306654e-02
-5.712454052216477951e-01
7.786782166899184343e-01
-4.152765479335978616e-01
-3.165422337130643360e-01
6.543676623615692911e-01
7.659226193956736317e-02
-5.949201918271853629e-01
-1.598435671881176523e-02
4.202280468053551932e-01
-1.585476179473351399e+00
9.123841835619309615e-01
-2.063797067835609900e-01
5.331561401409024015e-02
1.363516331728678477e+00
-9.423855099761535570e-01
-5.764059791805493660e-01
7.534391699511582274e-01
-3.142539614246236956e-02
8.260443035837392589e-01
1.128102162257189622e+00
