-3.018143216593491829e-01
4.478037611693782005e-01
4.421795031876666338e-01
-3.348228540901040384e-01
-3.343930182448510147e-01
2.794041840368629570e-01
-1.041717498768663708e+00
6.233465514179221678e-01
-2.103339129944226116e-02
-1.124534179012349089e+00
5.214927486706029125e-01
-1.570240517359111632e-01
-8.554928432532991067e-01
2.480724882422791211e-02
1.306527343913879591e+00
-8.710271038515754460e-01
1.252112059482016759e-01
-6.223401929781178232e-01
-6.274833705047205834e-02
-1.029868247078533638e+00
1.016256171688212806e+00
4.200072769205504541e-01
4.396116176219231897e-01
3.997845887088025685e-01
-4.491426832616661757e-01
5.460041332358409605e-01
1.010106462462655008e+00
4.228694310613940743e-01
8.815177832029059690e-01
-5.599914004763704156e-01
6.605823462750772812e-01
-5.679334442210863809e-01
1.125870999605064871e+00
-4.133023157574094997e-01
3.606621956914901617e-02
-6.512983305726038896e-02
6.808667782009416580e-01
-1.525424601723073037e+00
8.218768935270146514e-01
-6.165674351250196583e-01
6.788867505446146700e-01
-8.280806937514872956e-01
-6.746948492353224136e-01
3.922361675361533129e-01
7.390168046207383767e-01
-4.395617510197463162e-01
-2.696873283231512874e-01
4.933777204672584737e-03
-4.053972268647259569e-01
5.439245734376272345e-01
-3.326330748483631861e-01
2.698561133286971336e-01
-7.490364320785359853e-01
6.682168503197929432e-01
-5.762956515741135544e-02
-4.829920725553120131e-01
4.248913070417950633e-01
-4.256683161318462472e-01
-3.352504773315695408e-02
5.392133334694132474e-02
-1.393848243436352607e+00
-4.823776944831770219e-02
-7.417653557400185615e-01
1.040280923446312844e+00
2.416475916104074972e-01
5.683490200374861079e-01
7.793658306611088715e-01
-2.979957599802783297e-01
-1.192438086188485347e-02
-4.386177088662889245e-01
3.467222462819525841e-01
2.940329927328213522e-01
-1.253200817529837252e+00
7.225047807127005228e-02
2.117918242671024687e-01
1.562940538577885841e+00
-9.266147538821349894e-01
-2.123720048811019168e-01
7.522761107940962866e-01
1.283638208098318856e+00
-9.380599295066069931e-01
-2.671312791817392340e-01
7.479839068129963131e-01
-7.175910373258085340e-01
1.911584592756949696e-01
3.284955690161817099e-02
-2.399269114304336536e-01
-7.844701393425199676e-01
4.404028974597214985e-01
-8.130416863530691707e-01
9.741533904015117207e-01
-9.691093599223377097e-04
1.196888402497235715e+00
1.004961233065816417e+00
-2.064140793739044355e-01
-1.064812936538707344e+00
3.916613872750525638e-01
1.104551922632788674e+00
-4.706281931611099312e-01
7.300230196938238825e-01
7.490278682696618340e-01
-7.006638380615148876e-01
-2.300464440637475239e-01
1.542230274454838845e+00
9.180613128118131350e-02
1.128999784484089552e+00
-1.055500372525602470e+00
-6.761214187428357114e-01
-5.802635217083109698e-01
-9.456529499269122896e-01
-8.109193314858091917e-01
-7.505453353212387935e-01
-4.521145827832651620e-01
3.622239618141176454e-01
-3.447682998939413102e-01
-4.538710317076389278e-01
4.570237650383650596e-01
-1.265543571263920697e+00
4.312953270488125157e-01
1.318226295658983416e+00
6.227230768410337847e-01
1.415548552290161854e+00
-3.835630600373257648e-02
-6.174391781161741033e-01
4.203599168070343839e-01
-1.519614906880215333e-01
4.650523110527408632e-01
2.881106943285053346e-01
-3.677522308675875706e-01
-2.141158655538080158e+00
-4.099637736826849399e-01
-4.064935804480299675e-01
-1.445975060534307355e+00
9.201196822258239649e-02
-6.812810051131197309e-01
-1.002520494857315425e+00
6.393286107357305514e-01
8.476959507101258229e-01
-5.488699501431044681e-01
-1.927138489589730330e-01
-5.133406682023761158e-02
2.998283659110917987e-01
-3.209823105372752172e-01
3.755637974457890493e-01
-6.744607460989122671e-01
3.064922704800003839e-01
-8.211331417480240980e-01
-9.701319712144337304e-01
2.171831530751688888e-01
1.643237361783444483e-01
8.982323111951945327e-02
5.205976397812333012e-01
-5.265006212734257840e-01
-1.148168759225824287e+00
2.157542877259879255e-01
3.309693524207422688e-01
-1.052756126446170892e+00
-6.634851497786458108e-01
-1.639634073952793036e+00
-1.312390749222597686e+00
6.838471807587325202e-01
1.394221428041774180e-01
4.158729437892615399e-01
-5.590264309466022041e-01
9.608188730005048361e-01
1.696201353961819813e-01
-7.215303133474556541e-01
-6.978041971031567758e-01
-1.884724808467688195e+00
-1.054279111912472144e+00
-6.383684192767098420e-01
9.234090401346950472e-02
1.261413449121627228e-01
4.688274519326054435e-01
1.328855130016981745e+00
4.483007197254011977e-01
-4.592680478362778373e-01
-1.011807914756326587e+00
7.693818951620459146e-01
-5.004055083297919149e-01
-6.411439523858214473e-02
-1.942647487291949693e-01
-2.168801548111132238e-01
6.136499008238621711e-01
-3.946290142324629380e-01
-1.044433915160692949e-01
8.224904609158605329e-01
8.678011826005981311e-01
1.190584840397636568e-01
5.207163387879537586e-01
-3.419857340053131800e-01
-1.091222008117181730e+00
5.567324325112982253e-02
1.713786979012674294e+00
-9.092437546497067480e-02
1.043535339572800869e+00
6.009026701706577933e-01
4.781592294995929415e-01
-1.994917787885832072e-01
3.069417196660866876e-01
2.830930666147000174e-01
4.606259746796097510e-01
-2.179281232960783576e-01
2.590666892752795381e-01
-2.093665475601705350e-01
-1.345162222476209424e+00
6.394383950823389062e-01
-4.269590853644806838e-01
-8.853199937951627962e-02
-1.613615635593727560e-01
-7.255226281713309522e-01
-4.722801515892396385e-01
8.518227515037979369e-02
4.072850704713948389e-01
-5.295696446719198036e-01
4.342664377402366549e-02
2.176493446010719923e-01
9.028990130176065554e-01
-4.369808809733304322e-01
3.920839575327279003e-01
-6.814162417881797218e-02
-7.931194551212006338e-01
3.710838173821759400e-01
-1.077901428168552833e+00
-7.556959330776019668e-02
-1.332441278896727699e-01
-6.111003662484093546e-01
6.811385938288097019e-01
-2.336218435382030334e-01
8.679879534486096837e-01
-6.650812438231534784e-01
-1.382001473985599582e-01
7.169669881661652200e-01
1.360300280031037645e-01
-4.719889725312004236e-02
8.552252688139816428e-01
-7.508472473590875884e-01
1.012689873925130657e+00
-2.597353651382141027e-01
-3.554468035309522600e-01
3.833499229916829121e-01
1.040598169582592769e+00
2.087537748326131481e-01
2.167811155810478452e-02
4.066729664707601222e-01
2.745911134550905186e-01
1.022942322601108511e+00
-7.407897216591539102e-01
3.769313665497999732e-01
-2.710404288937706685e-01
-1.073993311404075612e+00
-8.386612617376942858e-03
1.052586072429762432e+00
-7.850749821756547453e-01
-5.372157022332518794e-02
-1.064361052046102207e+00
2.217308863448843037e-01
3.479885085070825168e-01
1.531250723653118762e+00
6.121469470048008787e-01
3.077000810004091313e-01
-1.194192527247420532e+00
-4.966975765413850219e-01
1.426593290622914845e+00
2.330879506022111580e-01
