3.555688017921769251e-01
8.245099191860887355e-01
-2.773296952890884626e-01
-4.278097241608589951e-01
4.007352293721668790e-01
-4.188462933933628785e-02
3.115732808367869255e-01
-7.364256323890043809e-01
3.444144656069592081e-01
7.411644402088618522e-02
-1.078484619821946655e+00
-5.970968462609941296e-01
-1.229269381323297106e+00
1.285513780471447265e-01
-2.532276063427271184e-01
-1.285743369166509886e-01
9.392899667453491475e-01
8.940164765736432484e-01
1.172194725887923394e-01
2.973101094909677555e-01
-5.155269917507625532e-01
4.494645808980622936e-01
-3.927120110304898049e-01
-4.772704036083749157e-01
-9.950926230535871442e-01
-3.494052012198755053e-01
-3.055557213520960769e-01
2.876258994415386572e-01
5.467737804422267978e-01
-5.053245310124985235e-01
-8.443333524364626808e-02
5.192649551515079454e-01
5.305484253021461871e-01
-1.525186804142458774e+00
8.045658751351891791e-01
-3.662303096309477146e-02
-2.135515667687319097e-01
7.797017400039567558e-01
-5.903652657975358986e-01
-4.959267634380783996e-01
4.081307468158507645e-01
-2.979534177585488885e-01
-7.809115510893449574e-01
1.180488843751216210e-01
5.738133521010704285e-01
1.924369718003665075e-01
-1.868311990198336936e-01
-1.972872618939820466e-01
-6.788846217030133356e-01
4.158902888678573939e-01
-5.121173934550288243e-01
8.449528485913553322e-01
-2.849012017315677436e-01
1.260652946147937659e+00
9.529442166166780526e-01
1.387905529904892021e-01
1.593034702197914931e-01
-1.405709502553628698e-02
5.516093900875865819e-01
-9.979111668463218621e-01
-8.231836963756262726e-01
5.302476549362220570e-01
-6.620030274852631846e-01
-3.814200122440365437e-01
-1.538478309012447420e+00
-6.036441586682098626e-01
5.218009308303599436e-01
-1.319433127083188051e+00
1.461128082821305796e-02
5.450548621322343079e-01
2.063766813036894687e-01
-3.973329199302165216e-01
7.739010165169457611e-02
-8.667947990231299471e-01
-2.208524846792658536e-01
-1.420740737001401577e+00
-1.327131134784389710e+00
-8.204467597019755587e-01
-4.710906148021689055e-01
-1.146222950506004423e+00
-5.999069972415344010e-01
6.151042152771069027e-04
7.582319986787393606e-01
-1.830573640348377440e-01
-1.292990555837230549e+00
-4.906675041864755338e-01
1.096832648386054432e+00
5.613518937967167943e-01
7.813706583453485788e-01
-1.393036997660170639e+00
3.576745350088051945e-01
-8.969025733876562212e-03
1.054866696472115950e-01
5.040049394615886413e-03
-1.765564021512241455e-01
1.530312852114071032e-01
-7.902933752068914686e-01
-5.928888919114156941e-01
-2.936276187922591818e-01
9.813909456285700994e-01
-1.397937321476852901e+00
-9.935984540974601709e-02
-5.141450838067884721e-01
-4.418918649474951055e-01
-5.851429060432770113e-01
1.472783763050490857e-01
7.394150469003958337e-01
-1.270182950953483991e-01
1.065592985310519714e+00
-1.058478860279117972e+00
1.456987051866236671e+00
-5.926159516050216736e-01
1.163116045192534642e+00
8.906689712785080815e-01
-7.015997574154879679e-01
2.053695871880221180e-01
-1.572147609313799266e-01
3.451556974931763722e-01
1.709198142065686543e-01
-3.598875454939801655e-01
-5.271676009658093909e-02
-4.698571230867135684e-01
-6.592531821751829169e-01
6.267923149102783142e-01
-3.558397761123053282e-01
6.129827895478749955e-01
5.987719200487277016e-01
-8.962049432534040516e-01
-3.593022689478148068e-02
6.426695970708556915e-02
-1.935699517667413549e-01
3.730433131846437877e-01
9.306998448701842008e-01
2.859321938655040585e-01
-2.021451027729587180e-02
-8.022509728574513943e-01
1.157259774443956113e+00
9.840203315382980431e-01
-4.473334112011038144e-01
-2.301212271052610614e-01
8.860861472422602025e-01
-1.007782987871979508e+00
-1.979688626756185843e-01
5.337892654741185350e-01
5.660402201834142666e-01
-1.176358025799074003e+00
3.091267983162229172e-01
-3.807386358274308935e-02
-1.114257022307775014e+00
9.719504440227464404e-01
8.437644110711977063e-01
-1.667549751788320433e+00
1.748676226398850897e+00
-8.929531991515748945e-01
3.530016173798669055e-01
-1.333939688537513435e+00
-6.946245126446466411e-01
-1.556908711156771985e-01
5.920805682107510570e-03
7.539525581602246618e-02
4.386476244940711311e-01
4.218379305387323641e-01
1.148336846879874695e+00
-1.419919389068980520e+00
1.042127407244560766e-01
-1.071130794001298625e+00
-1.490294586036819413e-02
2.104097977220220628e-02
1.360463365845709927e-01
-1.013040970848107847e+00
-6.753123436988395234e-02
1.042493135691169026e-01
6.589137231028193709e-01
3.927443095803212492e-01
-9.513664511114333644e-02
-8.733538098451369969e-01
-3.580091647089693740e-01
1.026099069104382977e+00
-7.510494948806197835e-01
5.649809412386703755e-01
-1.997515486598738566e+00
6.927300563332232652e-01
-3.744005791047786413e-01
9.731014505575041884e-01
-7.257142186154870167e-01
-1.010814065049037813e+00
1.578028305970909928e+00
9.505289327868551297e-01
-7.537724155952107985e-01
4.746892008012191244e-01
-7.047904688836861276e-01
-1.233820384649411406e-01
5.384466364150311546e-02
3.070618221003461601e-01
5.276517012335902868e-01
-6.655806686427702124e-01
-3.981965484122190757e-01
1.068667103689094677e+00
-1.098817068753486392e+00
7.796916080933872228e-01
1.632797800500592977e+00
9.945944748738436703e-01
3.497632874229316680e-01
-2.996578196023715335e-01
1.125609490746593444e+00
-3.523115684527139413e-02
5.679215589163918443e-01
4.505714451383460162e-01
2.389489478627833119e-01
-1.042611594045925738e-01
1.848276838510969911e-01
6.685648948677467285e-01
8.165478271853868764e-01
-3.213645074378423949e-02
1.499743727226065637e+00
-5.726779557075026839e-01
-1.435313658641242718e+00
-1.358669608070748602e-01
4.653251183377096201e-01
8.147437579647792694e-01
-2.415839679168118037e-01
-8.130997921708842391e-01
-4.358058493743319772e-01
5.134090841320217979e-01
-5.726483710457381804e-01
-7.945193633235181352e-01
2.169767443612036772e-01
-1.489462553729489214e-01
-7.987505915887279651e-01
7.188748346212330276e-01
-1.148183293144749317e+00
-9.229920602114503048e-01
-4.502134266973422672e-01
4.027639679141824525e-01
-4.706082797031938547e-01
-7.539086368775981262e-01
-5.440517407544300799e-01
4.459903704422940041e-01
4.372850656465301356e-01
7.354435644783297032e-01
-1.296413857285525051e+00
-9.479708318723213401e-01
7.338836723585189237e-01
2.491295044890806110e-01
1.883263618292834618e+00
-4.469827235530102194e-02
2.886238315628887330e-01
-4.150024392429150222e-01
6.891053739772734499e-01
3.172361458879111584e-01
-7.478736026837090600e-01
5.841580569419440039e-01
8.664011536311104766e-01
1.045859588173981614e+00
1.899049134866211408e-01
1.514997551151321953e-01
-1.878383924939547311e-01
6.779410460453157983e-01
8.153473862832776309e-01
5.646328530365908316e-01
-1.193099041388958170e+00
-1.322638712602158595e+00
7.396862512967854464e-01
6.689058967435166370e-01
3.802008064737558701e-01
