5.200651135390171875e-03
-6.801989215022199442e-01
8.092734592633277213e-01
2.768223449982294415e-01
-6.736393370835266348e-01
-3.299397209533608266e-02
-3.227765363942582955e-01
-8.941541660703317129e-01
-8.231469727385468116e-02
-3.894670887149893068e-01
-2.919321041297658348e-01
-2.621943349356118946e-01
3.390585049477041202e-01
3.461470319564142195e-01
-5.914564273412801221e-01
-2.671221803929625938e-01
1.527268970412499760e+00
-3.088211093309721766e-01
-1.560275925020071508e+00
-3.811775771926039225e-01
6.699045666764138485e-01
2.634589670371270675e-01
-3.141353070370775935e-01
-6.045349045655558085e-01
7.670283374383489727e-01
4.796022846007397256e-02
-8.521490927561314876e-01
1.034325239845923505e-06
6.866037496011190289e-01
1.043503407750152379e+00
3.703743607319504028e-02
-2.537693880344055186e-01
6.030046496024654701e-01
6.752047684010420436e-01
7.128714639069408943e-01
-4.992048629913807822e-01
-6.659828842590467257e-01
5.115552859110175099e-01
5.141869108941083955e-01
1.126763069198610356e+00
7.476014914623890784e-01
-1.072895244426654404e+00
5.309126936510541461e-02
-8.457923765057662191e-02
-7.654363116548212886e-04
-9.107327326313447990e-01
-4.099237919856729140e-01
-1.368436220472503129e-01
6.570022002929709615e-01
8.805922044382985536e-01
3.983881745360580706e-01
8.338144580798403371e-01
-6.163524391085360987e-01
4.622672911518068140e-01
6.977937930769662067e-01
-2.232555229193847190e-01
-1.292469264403962814e+00
-4.531915432976451052e-01
-1.159491896463673566e+00
1.490593910177082093e-01
4.074831557939338489e-01
1.357107979372769724e-01
5.744259272863425636e-01
5.962809278865758289e-01
-6.499048813446115513e-01
8.510599714091557910e-01
-7.859908047773064288e-01
-9.072880970674317425e-01
-1.719082383445476037e-01
-6.422448052831899457e-01
-6.466226633481075847e-01
-6.443392321592136263e-01
8.051892192129433967e-02
-5.792184499272774456e-01
-1.506081668198531842e+00
-2.776389504020914112e-01
2.072091186275211716e-01
7.103778316842619400e-01
6.281561726550117797e-01
-4.097965873157193295e-01
3.123682065526802720e-01
-1.562487674739461152e-01
9.219641791949310106e-01
2.691191491735706043e-01
-5.243280479587186793e-01
-3.970857301111589965e-01
-1.332555580956919172e+00
-1.735637711260865079e-01
-4.374209470587577253e-01
7.817090711079828225e-01
5.558866424428829944e-01
-3.231064634308360439e-01
-8.922125890059998676e-01
9.944745808379675811e-01
-3.408806151498751102e-01
3.763401496099633703e-01
-4.852643195103405471e-01
-7.669230128448691897e-01
8.676487224995728109e-01
-1.016260460920618058e+00
8.153000075796268398e-02
-1.051337017997203249e+00
-2.589699253707967719e-01
-3.079608601822224623e-01
1.934514776924440849e-01
-9.880570574143677787e-01
-1.580689695309097642e-01
4.883710097543833006e-01
-1.011781636358729530e-01
1.792407320479634247e-01
-7.424053525990772506e-01
4.979477582482917941e-01
8.670418619751624201e-02
-3.341532908967195792e-01
2.605853758925275043e-01
1.717042803083685953e-01
7.700436063292256383e-01
-1.024239660678734509e+00
-8.509185627874292779e-01
4.446896322991148454e-01
-1.299905946320465189e+00
8.832778906885658810e-01
-1.487344115483791862e-01
-2.478452998585900513e-01
2.652993097871002015e-01
-1.351062067299496627e+00
7.527785883241739917e-01
-2.933060478821244432e-01
-7.671798771361779679e-01
-6.809018353060235507e-01
8.878410249351649242e-01
-2.638355438980075629e-01
7.510485153749930642e-01
-2.926772163611678357e-01
1.063029746226613337e-01
-2.293579834538799767e-01
-2.014975708789579767e-01
-1.647832419128773651e+00
3.334133110210854567e-02
6.141177176711083430e-01
4.810349401247922541e-01
-2.895199878799408211e-01
1.127010335266875884e-01
5.984293312015697142e-01
-5.976566797753837812e-02
-3.954516929715724549e-01
1.134342552745143395e+00
-1.440220955606536624e+00
-5.503205495413520110e-01
3.228305564401534600e-02
6.521096653590364722e-01
3.906760626612868492e-01
1.124550665020923601e-01
-3.259316510131086142e-01
-6.165819114125502542e-01
4.542277543970246745e-02
5.901731063451386428e-01
-1.534559155332642533e+00
-7.347219409910809018e-01
4.900060580917937614e-01
-1.423130578720881445e+00
-1.101534804455120420e-01
-8.721046126961363720e-01
-5.007572354422129557e-01
-4.683486185928346091e-01
1.610042869371292040e-01
9.758084824621302555e-01
-1.145717163036732433e-01
-2.047754534781117131e-01
8.177929684155293977e-01
1.889310966648922729e-01
1.431780078590363936e-01
-9.910731407628706191e-02
1.254269009430528103e-01
1.676522276154257529e-02
-1.258173917576955736e+00
8.000570391902599443e-01
-5.369733563229275308e-01
-1.436424650333347763e-01
-6.637506008031530680e-01
-6.394645325337535713e-01
-1.065901655661802838e+00
-5.194668923129726057e-01
-1.224156647349940452e-01
3.766198894328037783e-02
1.944423694887424114e-01
3.131303210054174335e-01
1.050866147178195931e+00
4.901705448388940511e-02
2.266938662479506261e-02
-8.429889243630190876e-01
8.575268378333474883e-01
1.347033564197988253e+00
-5.555135125693849707e-02
4.839997341615640547e-01
9.959930650234222194e-01
9.756455706920923454e-01
-1.657090878540266932e+00
2.844897074573227713e-01
4.169985637061749961e-01
-1.689975516582307158e-01
8.851493410607550461e-01
-4.795329673494750367e-01
-9.948475817870792159e-01
4.866118574798702356e-01
-7.259806017978869264e-01
-1.095284230208037612e-01
5.734625764760463706e-01
-7.578598978977995060e-01
5.067078694503386327e-01
-1.085394034760273518e+00
-8.902870978959810389e-01
1.904199778030642554e+00
-3.536708862650982388e-01
5.713215329192394831e-01
1.981218350477711998e-01
-9.818899730128581860e-01
1.729993523701276459e+00
5.302298001432862451e-01
-1.224280412651079342e+00
-1.095848027174506217e-01
6.193091602174772836e-01
1.444062356576703898e+00
-7.169257923235091701e-01
-4.733047143668231982e-01
-4.164194130483432899e-01
-1.605350177204527995e+00
2.433128965718001080e-01
6.007879605385118005e-01
1.518301124073432318e-01
-4.738459667742178638e-01
-4.021737717287887648e-01
-6.171574028269888323e-02
6.651519392360387695e-01
-2.558615943616356359e-01
-4.355091870331883053e-01
-3.332505124250145778e-01
-3.864838719017453794e-01
-3.536333615468576497e-01
2.383335858319387823e-01
1.683590415776873295e-01
1.010797846771268604e+00
4.943553353080633039e-01
9.077899476624105013e-01
-5.814092595065735170e-01
8.304622030463788551e-01
7.043419926520699814e-01
-2.370913758238983315e-01
6.008010813450235243e-01
7.081225423369741367e-01
6.965278950030702187e-01
1.089444059489710348e+00
-7.757811962476581780e-01
-6.191454929885026326e-01
4.375501194818890438e-01
-1.203599746973905482e+00
-2.249355293364916908e-01
-4.213192336222232881e-01
1.610558722744550586e-01
-8.234467280702101322e-02
-1.039238640146215031e+00
-9.266555503004851868e-01
5.378909878433020264e-01
-7.321793346808169733e-02
-3.414205459759182548e-01
