-4.182551700548703399e-01
-8.646594459371503838e-02
1.157064488201701852e-01
-2.038549032346365086e-02
-7.279348146000258479e-04
-1.149929335778406281e-01
2.118969449285323936e-01
2.217759700424827840e-01
-5.155164219768132439e-01
5.549858957633291290e-01
-2.211638783913454365e-01
4.778412086692779281e-02
1.652971738330256124e-01
-9.764143642664430134e-02
-1.749653659857200172e-01
-3.395317015301546060e-01
-1.968263063098997789e-01
-1.917249902588487875e-01
-3.818079564003191151e-01
-2.119670572027220479e-01
-2.149605284729344534e-02
-5.735408315141703461e-01
1.713609824345854737e-02
3.529351149673121135e-01
4.877301044092289817e-01
1.467474678603340466e-01
2.439635964201072871e-02
2.091305262883196570e-01
2.609512349747908910e-01
1.240719239347630731e-01
6.396798915962503829e-02
8.479142855668042600e-02
1.850574287333241752e-01
-5.371759280246710677e-01
-3.905823391752862861e-01
-2.845713465585704705e-01
-5.898162891819025422e-02
-9.034445272918140146e-02
1.631046849978484148e-01
-4.337614299408790175e-02
2.419355891481992094e-01
-2.964443379524129285e-01
3.076280512396036282e-01
-4.710149964771023212e-01
-3.505623239705437655e-01
-1.758169337595690551e-01
3.902356405120759320e-01
4.570933622917541794e-02
-1.738022201215007889e-01
-2.379424236753583111e-01
3.946038243865045980e-01
-1.844677217950763115e-01
1.811267801086897666e-01
-1.135160325689824612e-01
-6.053893786026970369e-02
-1.824557750804852163e-01
-8.784019330193543196e-02
-1.067059262389871699e-01
-1.318892996171452947e-01
-1.946125265539541960e-01
-2.410290287021404632e-01
3.677736801096587738e-01
-6.593041597390317254e-02
-1.483822405922224086e-01
2.830921792700276107e-01
2.669168471373812856e-01
-1.878111913234120633e-02
1.659356658191666611e-01
2.772996054164023061e-01
4.337638929169101432e-01
-2.287017053517254039e-01
-1.481664141199865170e-01
2.099454043798975877e-01
4.827308046729544277e-01
1.663662867809799217e-01
-3.481604041811783290e-01
-2.088569485057412134e-01
1.093409846929038753e-02
8.194436150857350998e-02
-2.462648341051270340e-01
2.253136762543732352e-01
-7.794841825870880980e-02
-3.851931489439041068e-01
-1.335641250853660256e-01
1.145796589767922175e-01
-3.295097880186426131e-02
1.017887020174429447e-02
1.315035110405752272e-01
3.135808669630167911e-01
1.096856069184357907e-01
1.721801409282064932e-01
1.477958812637428510e-01
-8.597134816948712177e-02
6.172600597284205737e-02
-4.512032720659586715e-03
-1.164229512711536241e-01
-8.140016446076199230e-01
-6.366325399129584006e-02
-1.757739226533882315e-01
2.505177440340770056e-01
-3.614752063579930175e-01
1.462878382109699116e-01
1.707855503146742115e-01
3.855780036264019883e-02
-2.963065160854503333e-01
6.872911971941630949e-02
-1.120828496990444734e-02
-3.953925357535533758e-01
-1.518398756896574553e-02
8.100009976221642094e-02
-6.334686233128019595e-01
5.812529316242837085e-02
1.416257517506583075e-01
3.238905309877010419e-02
2.209494703983351238e-01
-3.939810368776940075e-02
-1.571126562250554914e-02
-7.607069217140256800e-02
3.299500637549996895e-01
-3.102896061563209518e-02
-4.802453892312358308e-02
1.489556898127981643e-01
-2.505415222643213591e-01
9.631563515375515805e-03
9.302090190878850584e-02
-1.372625691835522854e-01
3.146764936169219595e-01
1.108986403475591409e-01
2.255282188230227358e-01
1.773741495133610013e-01
-2.733818433230587042e-01
-4.342821281234149344e-01
-3.648350213397808517e-01
7.675880058364967229e-02
-3.817363984114702236e-01
1.244211611074645674e-01
1.761423077449869867e-01
1.415673582870189684e-01
3.773866687145053245e-01
5.398247501719320995e-01
-3.942437338515414891e-01
4.366093460367915235e-01
-4.470412466559519071e-01
-2.288424434849114786e-01
3.474776357639571822e-01
1.617127263484670063e-01
1.926376821280086915e-01
2.032456710505256836e-01
-2.233644897969745413e-01
3.890156452653016905e-01
-2.447488788661275061e-01
-1.479506516687978390e-02
-2.070285491447392823e-01
-1.579302598861016538e-01
-2.205192279967449487e-01
-2.608876214180558262e-02
5.564248828407847292e-02
5.532744401451384908e-01
-2.989956350854017231e-01
-9.359804335865538893e-02
1.701586809885800855e-01
-2.103545401247769453e-03
5.167048418290479117e-02
-1.339972073089210070e-01
-2.378369449862501317e-01
8.003955808097150404e-02
-2.048045785151619003e-01
-6.356230424827844505e-01
2.232457453137333681e-01
-7.391122587827442247e-02
2.445760674672762536e-01
-2.489615544280180948e-01
-2.395000817673351157e-02
-5.687677659351972337e-02
2.476455552916192737e-01
-1.227382025227880258e-01
1.554762248369121191e-01
-3.970012012997131690e-01
-2.518554037813371949e-01
-1.151500197726005592e-01
-1.425497850428142643e-01
-1.684325230699695308e-01
-1.760704196732444937e-01
-3.114216358576017418e-01
-8.271140454072199721e-02
9.156666850297984217e-02
4.316993818692170803e-01
2.141378788816064305e-01
-2.114043400222689051e-01
-1.518978906564448783e-01
-5.606928154669327258e-02
6.150856735740239944e-02
3.587108860704427693e-01
-1.056223991638791659e-01
-4.278710373051833327e-02
6.705698988851954701e-02
3.289249609823395315e-01
9.236862759640029896e-03
1.560196799904309539e-01
-3.446355586861771236e-01
2.250135824856383526e-01
-4.450276923865741363e-01
-9.589709047953820509e-02
1.050585990915781365e-01
-9.280597452370145661e-02
-1.658156680201205990e-02
5.265126100789379038e-01
6.684525568489394498e-01
-2.167818719354198398e-01
2.975503994472631364e-01
-4.335633538891799921e-01
2.004418423427160034e-01
1.637126032298430456e-01
5.429904798424056711e-02
2.424914155218554912e-02
-3.875662517928601947e-02
-2.972270075484958474e-01
-5.217394030180366737e-02
-2.590161530528764522e-02
1.211764579725110869e-01
-1.841195814548875764e-01
-1.827353732591263102e-01
2.530151650095993077e-01
4.633238664353060976e-01
4.023955084123362891e-01
-1.272918406336419339e-01
2.217525874293153343e-01
-2.614367887251440314e-01
-3.660780878556278428e-01
-3.969524040363210382e-01
-2.346196534663456956e-01
-3.745619634631346395e-01
1.428648444751829671e-01
1.253547738745481865e-01
-3.407295432249889400e-01
-8.493868231773701871e-02
1.310277561130384905e-01
5.728218148541872612e-01
7.768205927568333502e-02
-2.547653119448634040e-01
-3.167056509341255044e-01
-2.278081269850796842e-01
1.567243942009898250e-01
1.739400301852037090e-01
-2.139591896215352895e-01
-2.155646330839522951e-01
2.898641666330052935e-01
1.149821590319466680e-01
2.055778932605790421e-01
-6.333785675166272444e-01
2.610854886822916998e-01
-9.588554548512229214e-02
1.364974767416055612e-01
2.873799073662272052e-01
1.103911381882335951e-02
2.112741893821884487e-01
-5.257708240386955723e-01
-2.601098877722019531e-01
2.157847422443502916e-01
-2.510937713800945881e-01
2.674062931282874533e-01
-8.771885184987818218e-02
9.404367097451277191e-02
1.968655525252779592e-01
9.146430291855871253e-02
