-3.255083367623177737e-01
1.570301137606406883e-01
1.259606330104987015e-01
-4.751721252007158336e-01
-7.471678787417113110e-03
-2.177551556220898021e-01
-1.598559668462427585e-01
3.027328626053308880e-01
-4.599771879637942762e-01
-1.439202124072123945e-01
-6.633260426886417038e-02
-4.698345534030133330e-01
1.021002409965899305e-01
-1.153733859187824340e-01
1.375993843199752042e-03
-5.779632787773140157e-01
3.150422323663915058e-03
-3.139180548766877799e-01
-5.174273800806259427e-01
-4.591030481703372024e-01
-1.938559206584781758e-01
-3.264964402563015899e-01
4.133136432164398744e-01
3.574069680310668629e-01
4.596060959546513502e-01
1.472400949812163740e-01
-4.265519570960761286e-01
-6.604830760991547978e-02
2.722862788221529495e-01
3.641273853476005296e-01
2.159378897035330036e-02
1.145532417028422012e-02
-6.988815395452652179e-02
-2.758857163515317512e-01
-3.986526469479198531e-02
3.227786216933981045e-02
-2.978881397107164264e-01
3.221779095872726040e-01
2.333411169520488992e-01
1.978861775729372496e-01
6.971203309427382866e-01
-6.451849210727946815e-01
-3.976736817286686265e-01
-1.109268032456830477e-01
-2.352711314904795681e-01
5.675702928767527577e-01
-3.889095133129516491e-02
2.897579450687244873e-01
8.605332547539729093e-02
6.511992981308992734e-01
4.470659001573162872e-02
-1.542721227319778787e-01
5.752313687886823068e-02
-3.843464346262653875e-02
8.724422416037663774e-02
-3.727160317221739905e-01
3.987061670202715069e-01
-5.665410648258445425e-02
-2.866762891560895588e-01
-3.701698252453181071e-01
5.096619076790562808e-01
7.893254980626904782e-01
-1.906495459776546553e-01
-2.900903332502803300e-01
1.486912294983263050e-01
3.589319877729668096e-01
-2.600302881329254467e-01
-5.051362325899084738e-01
-3.383316205871247928e-01
-1.383855358916159795e-01
-2.734445371447052908e-02
-3.509907555766679232e-01
5.892504864174030743e-01
3.614763339687697141e-01
7.269880357203850618e-02
5.874444859962385523e-03
-6.344124231738927921e-01
-1.181580042219292359e-01
3.275507557372082656e-01
-4.496073051937580223e-01
-2.914482538099326114e-01
1.897915281107305230e-01
-4.148093607928136084e-01
4.264222108018048130e-01
-8.110892654981982641e-02
5.685328633683306432e-02
-9.825552342191354316e-02
4.166834828663226187e-01
-3.695233756729516261e-01
1.259407089665022239e-01
-5.318339116959931445e-01
-2.438022092946834363e-01
-1.796134389815405297e-01
4.404346012912799257e-01
-1.082530559736857301e-01
2.465795360711349749e-01
-4.314590437530746447e-01
3.316977457765518666e-03
-4.258408537374318570e-01
4.814113411526292907e-01
-4.240143456991663506e-01
-2.031487646480112375e-01
2.509474482101189396e-01
-8.220053033818308652e-02
-2.928402335580745919e-01
-2.893643058561767845e-03
2.713280660507093045e-01
-2.453669703670177671e-01
1.897622553987022842e-01
4.462343603017727145e-01
-9.815037766335071856e-02
3.296379738966619399e-01
1.069879226652370313e-01
7.770069102302565311e-02
2.286400738003357969e-01
-1.126519561727724050e-01
-1.155509694244797880e-01
3.585809915779645252e-01
7.052350523736162780e-01
3.504899650332125582e-01
-1.978102190024826901e-01
-5.993779641971241912e-01
3.079833015944988261e-02
-1.683704778546100123e-01
2.891487868538623052e-01
4.171973246823852399e-01
-1.689885435927503954e-01
6.218433021274083483e-02
4.461796446628410462e-01
-2.167256273227777807e-01
3.007864683646163106e-01
-6.082982741623669254e-01
-2.464131672935770956e-02
1.163481612313707059e-01
-1.827055914988540142e-02
1.528455674763185557e-01
3.798548685838609718e-02
7.908537087466072091e-02
-1.723111438437729681e-01
4.376694872968963090e-01
-5.017405244626927940e-01
1.155978281830478127e-01
-4.821811196862001991e-01
-1.636734569040325105e-01
1.069145438799121162e-01
-2.426998493536351442e-01
-4.485389425858652412e-01
1.559038272899800348e-01
2.315068521907849564e-01
2.937039054857252252e-01
3.817800722757196952e-01
-4.152255972934426609e-02
-1.969005226703756939e-01
-1.288436433174215412e-01
3.676313514252743664e-01
-3.661116747737901411e-01
-8.175428752436686430e-02
6.069510929358378215e-01
-4.583719547566583175e-01
1.095064893080210933e-01
1.643426588306480807e-01
2.685021792876576274e-01
-2.990482430043098772e-01
-5.623997874093049631e-01
-6.599048031368324185e-01
-2.714478219473289156e-01
4.575464901236473980e-01
2.326985185039148751e-02
6.175322486026117996e-01
3.025490747582472717e-01
5.549957189469754137e-01
-6.266139460287812879e-01
-5.080997599937264741e-02
-5.312248927079116223e-01
3.209010112004544446e-01
-7.694899399797598960e-01
4.430977748868565880e-01
-3.660329492977317800e-01
-7.857478623764373449e-01
-3.840355462872656611e-01
-8.394235108916570098e-02
-6.991251318800534298e-02
5.570108038148204876e-01
-1.347473795253352757e-01
5.306659612300784756e-02
-1.722155057917744425e-01
7.739463283411551764e-02
1.662365531268844288e-01
-4.096865668367673519e-01
-4.706441025805089828e-01
-1.261209131780164361e-01
-3.286128324594723704e-01
5.229676735040638125e-01
5.527419793761336742e-01
-5.128540847696554383e-01
2.105419498990346305e-03
3.856587988812891221e-01
2.347164000378492155e-01
-3.841487342686865092e-01
2.725140305330771562e-01
-1.977775942691299971e-01
3.865306645184173884e-01
4.608702753279569908e-03
1.435821334929441029e-01
3.777147827169504701e-01
-5.396395004385634575e-01
5.856328693416354980e-01
1.511424506146443192e-01
1.523567707817055639e-01
-6.619254971399665677e-02
4.230154742953303182e-01
-1.544960415747137494e-02
3.697552621329536771e-01
-7.642129400535402350e-02
3.136534937554705249e-01
-3.442417131152636367e-01
4.245960162722755560e-01
-2.251252580248286339e-02
7.394435254964448756e-02
-2.674288378563575153e-01
4.045534956654023295e-01
-4.481731987371145864e-01
1.534907074181357245e-01
2.677075287517888258e-01
1.775995468434314883e-01
5.465194452381125778e-01
-6.430417927934040101e-02
3.072905188327923476e-03
-5.058213986950443886e-03
-2.670156874744103459e-01
-3.262516468033971329e-01
1.481273512899525246e-01
1.823055072588871395e-01
6.465185591839806012e-02
3.424342857089361924e-01
-2.185814221811032132e-01
2.450078289893746208e-01
5.713341765652150128e-01
-3.818885596181446629e-01
-7.335825766352999100e-02
7.518957489740740741e-03
2.067723346790613093e-01
-5.294090612229507276e-01
2.848627069662489908e-01
-4.403695861922500843e-01
2.324582596228502718e-01
2.897194696161111138e-01
-2.056067605468397952e-01
-2.853313047077019049e-01
-3.142659711740312667e-01
-2.936877470662253575e-01
-2.401740207513167191e-01
4.842990011099715386e-01
-3.749783798672012836e-02
1.119199483059181155e-01
-6.832505974818334771e-01
5.235407751589926661e-03
2.098237371968941778e-02
1.640273409803267857e-01
-1.463448373260611557e-01
-3.078565306945025282e-01
-2.470185432500743850e-01
-2.216118574443085021e-01
4.278865383801286337e-01
1.330821331617954018e-01
