1.366169585429634070e-01
1.231483622675545592e-01
2.186875328041021638e-01
-7.640750783656981293e-03
-1.786944897536849042e-02
-1.790273108161894444e-01
5.850528721140991345e-02
-2.265806241714962699e-01
1.768500807333018773e-02
-9.774115738437981482e-02
-1.639704768335279589e-02
6.732199641195660278e-02
-1.484139578788073732e-01
-4.487124947918539469e-02
2.143602238803730964e-02
-2.308217438898448881e-01
2.030008306978029475e-01
2.263676134895565017e-01
-1.323542134390170155e-01
-2.385157580247865006e-01
-2.793957411122464096e-01
-2.394232036783583428e-01
1.991654470736169413e-01
8.452588481640174733e-02
-2.148465022673415881e-01
-1.630371678752051134e-01
2.461259144018498879e-01
1.346416232484674014e-01
-1.429982422530480246e-01
1.488337507727728881e-01
3.034975287726883186e-01
3.960781133343607013e-02
-6.718646251876282671e-02
1.764764841655147853e-01
-1.175454574439599165e-01
2.370877253146042862e-01
-8.285942963923473847e-01
-5.903986790799006790e-02
-4.342766912490846065e-02
-8.009958587258991791e-02
1.522477929910427130e-01
-2.066416461962984896e-01
-1.312322249782439387e-01
2.528774932257687458e-01
9.060337221732867041e-02
7.389608703641101228e-02
2.996500263921349216e-02
1.439774936250620696e-01
-1.427503366080648539e-01
-1.697287100045404284e-01
-9.168116044204373261e-03
3.575663320411937018e-02
9.083901182801845664e-02
-9.427907875910496172e-02
3.559991763986921631e-01
3.821778330146158309e-01
2.201940586948765433e-01
1.977220057669392406e-01
-5.625495290737080045e-02
3.237519702066374294e-02
-7.731160432284722717e-03
-1.283864439304397975e-01
1.165380546309480181e-02
-2.343480784098931069e-01
3.145931074730452526e-01
-1.986604287333732233e-01
1.270696156127563425e-01
1.448008154146015469e-01
-6.217042750567110948e-02
2.351285844855651730e-01
4.627729125153275946e-01
1.175407928533587221e-01
2.761559171210504204e-01
-1.272468864509458952e-01
2.558813177269746442e-01
3.313451530408344503e-01
-1.503890470124012724e-01
-1.702182837511518471e-02
1.341838387428889168e-01
4.397832052927439506e-01
-8.116675830143224579e-02
1.836007676300317193e-01
-2.558906874626168393e-01
-2.377482767225129190e-01
1.744486148656996388e-02
-1.206552584187783883e-01
2.894739413441661524e-01
1.777674224854708662e-01
3.283314947459061717e-01
1.788024101673797994e-01
-3.780917866385380965e-01
4.418540251554048393e-01
2.341290413474053089e-01
-1.316069142331993402e-01
-2.317447708317674493e-01
4.298877403352849291e-02
-2.606347860373225966e-01
-1.528098527785033967e-01
2.911384200651989662e-01
5.648003277185122961e-01
-3.691481991755138359e-01
-2.906993399032991032e-01
4.327745597043076708e-01
-2.775363077288308111e-01
3.087018619698146393e-01
-2.964149826822300993e-01
8.094338282139804108e-03
1.386217738098169672e-01
2.549292473468510734e-01
-8.223169765544602328e-02
2.776329582381901195e-01
-2.021615563341478961e-01
1.290483868145391594e-02
-2.072786255084302920e-01
-1.768227867549644894e-01
-3.782791067974148880e-01
5.515433602857527928e-03
-5.584070144424214260e-02
5.980921317206634724e-02
-3.289206722836796049e-02
-1.815415601380331312e-01
1.937695530023606644e-02
-4.493683595246281137e-01
-1.299769993767583842e-01
-2.089110029219272135e-01
1.056186625823061220e-01
3.778463214697808797e-02
3.310001353424052439e-02
-6.736702191542910667e-02
-2.413935817157021047e-01
1.462045681122942087e-01
-4.977258361764241856e-03
-6.394521941880913773e-02
5.118225546852123164e-02
-3.518095610455704847e-01
3.477119063471489219e-02
-1.024669165700996254e-01
-3.942707468886440247e-02
4.467687639460010685e-03
7.423849093393740384e-02
5.666846433883874212e-01
-1.367734998220210274e-01
-1.695375121597640922e-01
-2.276178753693592349e-01
-1.515592388848194527e-01
-4.335445675541065302e-01
2.554438807580178827e-01
3.381841444750274817e-02
9.478567081874854361e-02
-2.296158366435671616e-01
3.163038535228673842e-02
-1.485167873597830757e-01
-6.760760693081870054e-02
-1.978013869503798261e-01
2.496111775938111010e-01
9.335769629295798122e-02
2.252606918466120711e-01
-4.907517212526200934e-02
2.782349950430587082e-01
1.133451144945789163e-01
3.243802221046938605e-01
5.240046339960284516e-02
2.498236650444007612e-01
5.443080187718623009e-01
1.080746729690931079e-01
1.428625893071562569e-01
1.243340555961314348e-01
2.085278445348904761e-02
2.952262919736345359e-02
-3.811367371607244370e-01
3.984292125815825925e-01
3.045383308029270264e-01
2.267899279637362042e-01
-1.913083954314014901e-01
-5.606569571774058097e-02
-3.464144297453392030e-01
-2.898672464043615671e-01
6.662319219935312897e-02
5.011255057874609842e-02
-3.581774750427013099e-01
-2.939900376723182385e-01
8.534995585790006167e-02
8.598056027067528528e-02
-3.041118241358680141e-01
-1.727876997496221867e-01
-1.344319397256514281e-01
-4.548330514958681681e-01
8.447231398353577392e-02
-2.458460288663399940e-02
1.704776479606874562e-02
-3.519753819814052109e-01
-1.471742878812426492e-01
-1.227998093768065679e-01
-1.883012785080868667e-01
-1.629514723038344992e-01
-3.180644794576860668e-01
-3.912030803906328402e-01
-4.251396720002092317e-02
2.058684673588638825e-01
-7.126771031180820226e-02
4.659886185425031746e-01
-5.936088818778901821e-01
-2.050185592002392032e-01
-1.564321226884061999e-01
5.286797775968028745e-02
1.256954725332052880e-01
-4.941994906042904701e-01
-4.411821197175968545e-01
-1.870591272389316578e-02
-2.304659415023571079e-01
-1.123969977888869820e-01
1.925516286878684591e-01
3.637334479181429936e-01
1.436614707053107953e-01
-2.537309787628113100e-01
4.443589724868321489e-02
1.993142443956452126e-01
2.809950618554898361e-01
2.051465821012357915e-01
-2.201917186990082556e-02
-1.952984626650756672e-01
-9.126193374309771178e-02
3.328434256733165952e-01
6.843673004073502764e-02
-1.195734307816758990e-01
-3.273261198839614861e-01
3.181629878701000558e-01
3.315661006437824465e-01
3.545267756706443896e-01
-4.533077148694650282e-02
-1.447458822628802655e-01
-8.074364448296800223e-02
7.514413598391192495e-02
-4.333334234610114466e-02
-1.786819043789558692e-01
2.921858634196450311e-02
5.217593252701108186e-02
3.225532176740633084e-01
-4.301434518391445971e-01
2.303410041405783149e-01
-3.043150224009729676e-01
-4.671220782816710992e-03
-1.430191633308192656e-01
3.840016224305484172e-01
2.968496174978083602e-01
-2.600463894363073958e-02
-3.537986474232339695e-01
1.936244128807551312e-01
-2.823955385026276077e-01
-3.086955064214781941e-01
-1.499565464390524849e-01
-1.662643054728767944e-01
2.351678149003338381e-01
3.763073766857286673e-01
2.325151379089361869e-01
-1.430514702245267444e-01
-3.324172213956628208e-01
-1.912308518637901300e-01
2.788507588043987462e-01
-1.730880513848878643e-01
1.566266743597130584e-01
-3.231020229762186502e-01
-6.371207319491922760e-02
3.240567539124505902e-01
-2.406307285143344243e-01
