-2.368096905594530011e-02
-2.365216466499686643e-02
3.053836159334473166e-01
-6.571333096145313135e-01
-4.736095893301280890e-01
-2.729697973110231657e-01
-5.146887950995890915e-01
6.991313713998081880e-03
-1.025360701180487721e-01
2.454290778771633375e-01
1.520888767424759536e-01
-7.596962707916047330e-01
8.116821216262944949e-01
3.902138706445327787e-01
6.034344377725631148e-02
-7.237440964824980449e-01
2.486839043078629130e-01
6.009809384195341497e-02
-1.530891780137108027e-01
-2.280182770500086553e-01
-5.488881483280469986e-01
5.898049798856153103e-02
1.438619475507882939e-01
4.658862295708448009e-01
3.361650027707908661e-01
2.511582095268745096e-01
-2.819404963602522018e-01
-4.557559873805202555e-01
5.840881216899190820e-01
7.668107862878015268e-01
2.128589780391899611e-01
1.751740676928472684e-01
-6.696934286532874037e-02
-5.628593376795829606e-01
-2.372487038545856297e-01
-1.983699092542395848e-01
-9.477265032061044092e-02
2.940618882681167445e-01
6.278648390660139800e-01
6.503371307033263271e-01
9.324925090993791965e-01
-3.375247726759311728e-02
-3.270453337529639626e-01
-3.060075179889903962e-01
-4.913966370230355984e-01
-1.101237636814625942e-01
-7.687412461400955355e-02
5.184793055096792447e-01
1.936283565408869478e-02
2.350501726237131939e-01
6.734522384906166392e-01
-4.789598463113682314e-01
3.819197786247490178e-01
1.053122099919959753e-01
4.902091707106888130e-01
-5.017373455472585730e-01
6.550504556308258675e-01
-1.580109308215242869e-01
1.585777561594258200e-01
-8.871710886206002344e-01
-8.587354974942051911e-02
4.931223522963465999e-01
-2.803386331582604640e-01
-4.856099219610411355e-01
8.591916435710527100e-01
4.303179159125921638e-01
5.217022384495056953e-01
-4.502349656279442947e-01
-3.793707307185224531e-01
-1.340930158308812903e-01
-4.738117600814691910e-01
2.643984407226410704e-01
1.258882621701857829e-01
7.757931793025795164e-01
-1.738366926233850807e-01
2.691531431041793709e-02
-5.044723747887747134e-01
-4.476539668934901295e-01
5.229671492174015057e-01
8.377782995603766381e-02
-7.338700588023829852e-01
1.104802440511086781e-01
-4.148602800552075864e-01
1.393402110119198456e-01
-3.647582042656053458e-01
-2.584069612285869733e-01
-3.563254898494873091e-01
-6.875217207830913724e-02
2.574370621111923274e-01
-2.847706583222437970e-01
-6.361793971838480832e-02
-1.815586447659551794e-01
-7.214801848003202789e-01
5.083402074528762249e-01
-7.408403094060155292e-01
2.082231714056008709e-01
-5.065942819474742453e-01
7.822384324355646790e-01
1.086498763368701770e-01
8.490300517238265066e-01
-4.767012606976008815e-01
-3.000386143589987009e-01
1.338535170748424985e-01
-2.979383997829762043e-01
-7.230712348799017697e-03
2.184686511322329050e-01
1.016797718934068229e-01
-3.106157359002748031e-02
2.476456787784956370e-01
2.693190215475692595e-01
1.062948570645724233e-01
4.194751811410598608e-01
-6.466679898408789207e-02
-4.504428107442592921e-02
-3.679836662077581311e-01
-5.688550167403144675e-01
-4.242659649172173530e-01
2.754287032482619635e-01
-1.030430340608001760e-02
8.795881984246484153e-01
1.511305684676316208e-01
-7.789067833711997846e-01
1.357098239672958062e-01
-4.730252144035393957e-01
1.592376069855780951e-01
8.674755735725689920e-01
-4.650330351565323816e-01
-3.909505315445865881e-01
8.224444724580844968e-01
-1.022524004204106163e-02
1.220566046771757174e-01
-5.262534609302012001e-01
2.810360223688912473e-01
-3.998518612325430155e-02
1.893693307148991423e-02
-2.839042174335912883e-01
7.737889368925570110e-01
6.803322501983205539e-01
-1.283024980244529267e-01
-1.755522541234679768e-01
-4.521669785117972129e-01
3.136411111183055045e-01
-3.963733566139874265e-01
2.815891058920060308e-01
8.740851934358984110e-02
-1.599790272136888403e-01
-6.197062423846660950e-01
2.736689602088637763e-02
1.732634220093954847e-01
-4.293763750600529949e-01
-2.610535011271164496e-02
-5.519174499332077932e-01
-5.559726852134828645e-01
7.475249057106225781e-02
-5.524126132148158286e-01
-4.014147071218577834e-01
3.315883079923083177e-01
8.370124234889102510e-01
2.206524565212542033e-02
4.313561658477983451e-01
-1.005121368241684854e-01
3.424462376296276145e-01
7.311701333421261051e-02
-8.524161964259702184e-01
-4.591808073040269944e-01
-2.416804530371029491e-01
4.803855229226476897e-01
-4.886763297214031798e-01
6.696776344108661405e-01
2.682079359832501009e-01
6.256562951094202241e-01
-9.477581964117823832e-01
3.732484237894901913e-01
-3.850476507946498650e-01
1.588340358250728279e-01
-5.770511426093445362e-01
4.585977432136877363e-01
-4.317456383599731495e-01
-8.498936719605277856e-01
-3.245767435305904058e-01
-6.362541182691994202e-02
3.466150936561100959e-01
8.571638403418921914e-01
-5.680253929286045445e-01
-2.793504043264247727e-01
1.867211017557507402e-01
3.178049805984085596e-01
1.632826239444602479e-01
4.283893864269699980e-02
-1.443807221774631167e-01
3.210890527940833405e-01
2.165442813255328280e-01
1.307206997728876940e-01
9.250623535863855551e-02
-8.840114995444525725e-01
-4.703686640720805556e-02
3.561944304554987006e-02
-3.531033729381982678e-01
-1.720905961566530085e-01
2.588159713183364463e-01
-5.265437158963581776e-01
6.714815061909732430e-01
8.904919889940189348e-01
2.313683092591622970e-02
5.950217268283696237e-01
-5.080868565381341240e-01
4.300353506292834416e-01
6.893985032566369853e-01
7.151119574595984352e-01
-1.143561674306512455e-01
3.311358073933361457e-01
5.375091672807392751e-01
3.393306175898622712e-01
2.241988654080004917e-01
-1.445656642304393724e-02
-5.407127674164742270e-01
4.226183852472704672e-01
3.912303143796247440e-02
3.945542836269250175e-01
1.654267471094816866e-01
2.371296838552683361e-01
1.339321430847759675e-01
-5.174441237859150888e-03
-3.350222654434515945e-01
7.841062038045240046e-01
4.673914932471082695e-01
7.383357725000374572e-01
6.166398959667256374e-01
4.682363865629329824e-01
-4.038891838402199896e-01
-1.737782930813445148e-01
4.697405787936753674e-02
3.699041645013111390e-01
-3.424894357806196332e-02
-2.464363140259528961e-02
5.293947387210977684e-01
6.380377840927800026e-01
1.962410184564314930e-01
-8.153378690939183659e-02
-2.329628981104576724e-01
-1.680144439375368393e-01
1.946401721262347451e-01
3.472767303459101118e-02
-1.031575566376214947e-01
-2.741313998126915230e-01
6.650778017887144511e-01
-1.796341118279581872e-01
4.926747697964566353e-01
-8.303982285223989734e-01
-4.143569672694709105e-01
-7.765117675845594203e-01
1.756101426351130423e-01
-2.150620637687954417e-01
3.534181093007568997e-01
2.304523001792011527e-01
-1.233050607075734106e-01
-7.332403895158701168e-02
3.542453914156804551e-01
-4.639781859108689233e-01
-4.018771702621625197e-01
-2.434246799578130283e-01
4.105705332807846331e-01
-6.894573843618866382e-01
5.492208060435255224e-01
-3.252382045773252184e-01
