1.009978108845124289e-01
-1.486151557279426216e-01
-2.005119655928896405e-01
6.242482731373384663e-02
2.333416957899872579e-02
3.100998041598620469e-01
-3.477837753143738775e-01
-2.363873056324285460e-01
-4.075590580652294070e-01
-2.041561830944909894e-01
-1.904152040644246646e-01
3.111725114573415940e-02
2.313939152593599835e-01
-9.472784176473478257e-02
-2.149422731184678081e-01
-1.594109444036424239e-01
3.303643941055106614e-01
4.324012602248101245e-01
-4.005692266989265282e-01
-3.151613093127150766e-02
1.219973554640264857e-01
2.055337583584139483e-01
-2.082120146462154708e-01
-1.162189729725206788e-01
-4.010813059979217998e-01
-4.567090094557291757e-01
-1.270531212099171581e-01
2.458093589172428151e-01
1.803760479342502721e-01
4.990894177966173073e-01
-1.049851616860970477e-01
1.639208392468213815e-02
1.675334751352868801e-01
-1.065100808241270514e-01
-4.873855664190208103e-01
-1.514090256803847512e-01
-2.113920294968887892e-03
-8.121689148525859658e-02
4.503350252160892575e-02
-2.128989262540720295e-01
-7.616739272574599151e-02
-1.609582516336859337e-01
-4.541278897197104786e-02
2.282720617951259912e-01
5.650176322581381694e-01
2.625195814510947745e-01
4.441961353552670300e-01
-1.086777955721789923e-01
1.022669499454737230e-01
-1.166300257451936551e-01
-1.113659639076528263e-01
6.188991215494919068e-02
-4.649840250499755190e-02
3.819325261344945488e-02
-3.281462908716783478e-01
1.011619207810175863e-01
-1.855297862136741360e-02
-2.492002797745101472e-01
1.317515909161753318e-01
-1.490852103458941147e-01
1.388522468172153079e-01
4.524023927450816496e-01
-2.555025562503286940e-01
1.760117421507636504e-01
3.361633477580470986e-03
1.873206588305746101e-01
-1.593690107761440433e-01
3.479253386964427097e-01
-3.513882135901308379e-01
-2.239776566395644541e-03
3.278787723335423870e-02
-1.713753160573304735e-01
3.900085645241577192e-01
3.521798846107839775e-01
1.512670247259029210e-01
-3.219457434741019863e-01
-3.282021976884080122e-02
2.792816248657670197e-01
-8.721840870402557122e-03
-2.188479925487150576e-02
-2.576022477752205608e-01
1.362598959594292780e-01
1.223561321421996195e-01
1.858879261874065714e-01
2.582131525554940965e-01
6.651955588878830095e-02
-1.349809697525567939e-02
1.080556473462371825e-01
8.928421608368225515e-02
9.524105325117944443e-02
-1.568201692386581581e-01
-3.463485623166641103e-01
-1.563676967681739693e-01
-2.482585866594259616e-01
-6.267898664207910420e-02
1.854817707351956446e-03
2.361515207374480507e-01
-2.831599871183867467e-01
-1.734202769093413088e-01
-9.420738998251337870e-02
-3.996900429578196245e-01
-7.581648430403037375e-02
-2.614532536899216719e-01
2.435690369436240843e-01
2.022053972055255777e-01
2.461345180561579915e-01
-9.668454216983603244e-02
-1.163938670310349366e-01
1.097388320399039219e-01
7.444346183117810101e-02
-1.803016195267150013e-02
-2.135387986576129937e-01
3.480353388892688526e-01
-7.502152806064355667e-03
1.492315815483197250e-02
3.919913262404540327e-02
-1.967934396419277476e-01
-2.410443254853991968e-01
-1.342646177480193992e-01
3.054638196457604149e-01
2.903566787395173709e-01
-5.676934578012858834e-01
-1.186275253838228183e-01
-6.222467496501166151e-02
-3.674796649459435294e-01
-1.196398550842773523e-01
-2.126502871905357195e-01
8.414046311844472492e-02
6.759289637675081064e-02
4.972030491682144504e-02
6.910037148963428522e-02
-1.364092170646045710e-01
8.004919524037182321e-02
1.777368057437962168e-01
-2.487884121224093192e-01
7.981019400296957000e-02
-1.101848830004835411e-01
7.644247511669807760e-02
1.878981177515693171e-02
3.496988493309096113e-01
-4.917181616183867454e-02
3.229031365278313692e-01
-2.229646087940559407e-01
2.250251745291414474e-01
2.946215895983225197e-01
1.833761183046661580e-01
1.540733506251465434e-02
-2.442305176273171230e-01
1.647477739531673369e-01
5.519013026236559843e-02
9.493777252292857904e-02
-2.076600227635985035e-02
-1.888121931457002745e-02
1.205508346173315287e-01
8.891860750320665363e-02
-4.225198543183523170e-01
-1.803691605579866089e-02
-1.684260300901399554e-01
-2.020007348055258972e-03
1.063266679309263496e-01
-1.499179091095542427e-01
-3.908541313619633417e-01
5.418174093670718311e-02
-2.466040115644360306e-02
4.414678232597635255e-02
1.918248058184165994e-01
-1.771118109859468881e-01
-2.987058517481009159e-02
-1.700508550388319107e-01
-3.874867489622847438e-01
3.974073054299807894e-02
1.674878897813489309e-01
1.439035412604043329e-01
1.689673142486952107e-01
4.316499819677434013e-01
6.564985509799703065e-03
-9.502844479523663013e-02
-1.918509949281450577e-01
-4.216956160792086350e-01
-1.017137443417938103e-01
-1.543581789527843917e-01
2.078566073280553941e-02
1.377223651202432175e-01
-2.329753637227970353e-01
1.172028706327126191e-01
2.319400238456368057e-01
6.683120280813314995e-02
-8.078414410823724773e-03
-3.403794709637986693e-01
8.846346394946499880e-02
5.975011983585641617e-02
2.257280060757505258e-01
-4.639275529043508650e-02
3.734218815340252240e-01
2.907908149750441096e-01
-1.612424808415501010e-01
-3.955522837797652014e-01
-1.209349126415975445e-02
1.127410993202890149e-01
-2.170373426537804962e-01
-4.709005936036870787e-01
6.624371101632456349e-02
2.318331562544213575e-01
2.780886434713634309e-02
3.593385297930280498e-01
-3.569639944623746730e-02
-3.319678492074983334e-01
1.762592316229468214e-01
8.781293097504193346e-02
1.534103438652389406e-01
-5.336924337222634929e-01
-3.050127456569102224e-01
3.130076041789626728e-01
2.705447891277252825e-01
5.310865842620753341e-01
-6.994440310816008033e-02
-2.229692920057294581e-01
7.804942353727353788e-02
9.453498467809920425e-02
2.959631858327301662e-02
-2.104373840504906723e-01
2.050371308027997830e-01
-1.561411309159149163e-01
8.435496986159020383e-02
-2.897846045861725006e-01
2.349151467119524050e-01
1.641171467167560349e-01
-7.346995157072012950e-02
-3.963066618747387165e-02
-2.171817003149331682e-02
-2.527779881840813148e-01
1.887827286049741093e-01
-1.080550699313432700e-01
2.856413144763682022e-01
2.044638494380794369e-01
-3.528050381177121886e-01
-2.770798589232527365e-02
2.870057051396443515e-01
1.921537225381349523e-01
2.295626069477824660e-01
1.400881743682784730e-01
-1.747622816646423605e-01
3.041297570337646028e-01
1.807912234913275351e-02
-6.650562995716793879e-02
-2.883097623018762157e-01
-3.834021249618663196e-02
2.655618332168898088e-01
2.041920440561122846e-02
-1.203569457338315302e-01
4.592171470122931032e-01
1.879456998700540504e-02
4.161715845726623453e-01
5.692252253218116689e-03
2.368071572594310781e-01
-5.138121684033210013e-01
2.960300636964053808e-02
1.670051543096954250e-01
1.234994270581437903e-01
1.285091801935900335e-01
-1.100960098141649524e-01
2.829263898275654054e-01
-1.851846821867944581e-01
1.557684453362510602e-01
7.084489229499632557e-02
