-6.961841366171406253e-01
-4.395916962897566949e-01
6.664711805111500631e-01
8.686570200000673925e-01
6.262736437559629499e-01
-6.574653208647103231e-01
-5.045430213286050680e-01
-3.519481130492438936e-01
-1.900765049649319471e-01
6.470972576997086056e-01
-3.534959385914704932e-01
5.136677924616150914e-01
2.637209398163367635e-01
8.303913614558295908e-01
-7.881281601428389294e-01
4.670723020011170457e-01
-3.265144504694911243e-02
-2.983656900895336195e-01
-1.365108828022743720e-02
4.628033219897269568e-01
8.248085989664907802e-02
-6.855792574989227894e-01
4.471010261719128853e-01
-3.164053696412427730e-01
-6.762490391430048264e-01
-7.623147001670776968e-01
-4.809912732721177142e-01
-1.773900197455329786e-01
-6.394178532505503387e-01
-7.237266750444135144e-02
6.906180219101893947e-01
-4.187884448841048268e-01
-8.288573554868887694e-01
5.713237819334049394e-01
-6.968648482679321576e-01
6.499164593547434032e-01
-3.688157580936533564e-01
6.411330823950583957e-02
-1.136994188734040678e-01
-3.730028062290521862e-01
2.584698359118163258e-01
3.657770985194888080e-01
5.062788793076737903e-01
-4.118819125307868895e-02
-1.344706195669466975e-01
-2.105408736110511714e-02
-2.967127160585069645e-01
-3.143325789327727771e-01
3.062304871524769712e-01
-4.590035779303335006e-02
2.516829088338611853e-01
1.687554967972427211e-01
2.120641982749982835e-01
-5.009407596986300559e-01
-1.162109237336925449e-01
-2.693466262599322758e-03
-1.653043985254686876e-01
3.621469817932151392e-01
7.121385224747847076e-01
-1.142184739284646255e-01
-5.573303626678420830e-01
-6.721548555692350435e-01
7.167671025450747524e-02
-5.009387800147057090e-01
-1.173470836358646435e-01
-5.595529614136574015e-01
2.536080151164206153e-01
5.323228515181992471e-01
3.466043842100980932e-01
-6.634681062214471403e-01
-9.824555512758255393e-02
-5.148658239355790034e-01
2.566060618535175308e-01
-8.399594966369703375e-01
-2.004246629315101780e-01
2.491710593889738812e-01
-8.161465613849088196e-01
6.603102262975536485e-01
4.991267892742407009e-01
-8.897420109121803034e-01
-4.764146294573354812e-01
7.829002756312315459e-01
-3.602963769055829157e-01
8.768626160879887388e-02
4.524829562098248853e-02
4.412536889954931096e-01
4.324149076796658386e-01
-2.935228418978103604e-01
3.312764755922285032e-01
3.072070599116606682e-03
2.450662332908593033e-01
-4.732635365546195572e-01
-2.061880475616107988e-01
-7.144414479581704391e-01
6.926325412339082166e-02
2.110972884007234485e-01
3.354505528315809837e-01
-3.548902842714406480e-01
-5.265706528221216765e-01
7.940568494049862203e-01
-8.097346920670724923e-01
4.209799668490731284e-01
-2.079449396989272447e-01
-2.061754943838514653e-01
-4.226667394702228187e-01
-7.576444792955712160e-01
1.085780734247257240e-01
-2.404065518355356090e-01
4.212312681158019156e-01
1.866025842304089855e-01
-5.144449031804565475e-01
7.635502391173853987e-01
-6.414407697544481923e-01
-3.184089334258973225e-01
4.763626227768802956e-01
-7.268122118063459480e-02
-6.071623162375106020e-01
-8.115848395702940365e-01
-9.237774152387752125e-01
-4.908616677686495899e-01
7.138310638260011443e-01
6.361906539982842279e-01
-2.750894080428791799e-01
-2.220186098840528088e-01
-2.753466121744198025e-01
3.580962965974541223e-01
-3.532118555533440007e-01
6.357532540851917879e-01
4.063965869568033629e-01
4.145764918730553417e-01
7.535213546170309584e-01
2.302258114350163448e-02
5.267316190963792222e-01
4.223072357021622203e-01
5.193073441576130378e-01
3.414135490684127583e-01
-6.759165506102181586e-01
-1.592519834309035209e-01
-8.617466081392243238e-01
6.112075148564354299e-01
-3.991040755725962508e-01
-5.779775735794453473e-01
6.378222805213685787e-01
4.122127356029702261e-01
-3.868421525408877182e-01
1.633452112575867754e-01
6.486572481585560768e-01
-5.857785006196801758e-01
7.069628083526133810e-01
4.515784195556973857e-02
2.539273533644791359e-01
6.595621591860603705e-02
-2.320575504240455222e-01
7.191272203327042645e-02
5.942882287644971617e-01
-6.071009016422147520e-01
3.345581293526632694e-01
-7.899207830797760899e-02
6.173352395940044923e-01
1.381668930106109416e-01
7.389597048388862888e-01
-5.498746539848218262e-01
6.533104747082597585e-01
-7.557015621067456612e-01
4.015095624479401715e-01
7.115257417718336974e-01
4.795047695004636679e-01
-5.777640338157093158e-02
4.677742426202483039e-01
-5.460117838353510944e-01
-1.919490294576559064e-01
6.449086873570200051e-01
3.578970558399798829e-01
-2.421438463788822271e-01
4.177080093591551968e-01
4.785034669764811621e-01
-2.648847798709759171e-01
-6.357540556864981207e-01
6.856998513294632058e-01
-6.085112612775984697e-01
-7.770154023891721051e-01
8.842389058077887443e-02
-1.886342275070408137e-01
7.243358525362679767e-01
-2.957577713845317008e-02
-6.402607479967277193e-01
3.842440915367146270e-01
3.464924158873837756e-01
-4.594924131262457800e-01
3.153558829810972908e-01
-3.313507766493553053e-01
2.684866249202647048e-01
-3.205540847722654907e-01
-4.503654861318143743e-01
-7.091810846857952155e-01
-3.342021366136203875e-02
1.304276661472441590e-01
-6.677749351606915296e-01
-5.371164889339650195e-01
4.337984929280456203e-01
-3.470343918395956129e-01
-5.109814177654785627e-01
9.504078858857103462e-01
-5.978873134464843808e-01
-6.282449081379291034e-01
-1.574586009028999811e-01
-9.481425327429587879e-02
5.471502473920587528e-01
4.034938040823644601e-01
-5.227690184254278893e-01
-1.892563553438125212e-01
-7.669034023577037118e-01
1.004403082455334606e-01
9.403624137331995092e-02
-2.159776180021789893e-01
-5.717846953139755772e-01
8.324108115710873168e-01
2.326001221278299891e-01
-2.357678473896367977e-01
3.058253881808077335e-01
-1.535175947899732052e-01
3.395775984695856287e-01
-5.253804253015275094e-01
8.227070034970860313e-01
2.655708482611490173e-01
-6.348498193269086487e-01
7.559053024271654708e-01
1.606738470025810203e-02
-5.020976544220684401e-01
-1.958060401105767845e-01
-2.455215899128445067e-01
-1.602400806520412058e-01
4.082848596418737208e-01
6.009575339895560642e-02
7.355709706993521779e-01
2.151426196182721629e-01
-1.545840758718751151e-01
-6.499777019744840123e-01
-1.714841481195174960e-02
-6.785819451911663247e-01
-6.802338839896453493e-01
6.050615944644337496e-01
-2.224738239736051559e-01
4.873173005176050232e-01
6.866527729582123651e-01
-1.130208667093640929e-01
-4.777027153487604233e-02
4.574885228478863253e-01
6.867112913495514448e-01
3.067677673598846466e-01
-4.952331989840901283e-01
-2.067049665625182997e-01
-2.113765286609089744e-01
-4.646851841097333069e-01
5.758234716267730535e-01
-2.144954338488219009e-02
-8.066477341734550333e-01
3.191416862623969175e-01
6.661097144486149979e-01
-3.905604430986860942e-01
7.263471094654798399e-03
-5.687575489922530592e-02
1.304120085154926445e-01
-5.562393825163078898e-01
7.764889801330419061e-01
