5.994287200567078866e-01
-3.542701329496908413e-02
4.739428586118731856e-01
8.370548936782529204e-02
-2.414116347463453327e-02
2.982373562103404763e-01
-1.664303395939047414e-01
2.207050513816989634e-02
2.313755659257532848e-01
1.745501071444622854e-01
2.785336196087433991e-01
1.912287920098336702e-01
2.990233555128279930e-02
1.368175509965581238e-01
2.244032930459112229e-01
-3.729758040693534338e-01
-1.379001855941368038e-01
2.719698384267994484e-01
-2.763591449604622663e-01
1.194581404201910668e-01
-4.117370788959256456e-01
1.062664326927389019e-01
6.519472706599109546e-02
4.038377703885755454e-01
1.036522038141556440e-01
2.097735511519932261e-01
3.842253636131837125e-01
3.178537602782154359e-01
5.019721083607385781e-01
9.677829730354531312e-02
3.418848976486225655e-01
8.757250708198181799e-02
-4.649235452123168938e-02
-1.886140502821928577e-01
1.288491611727473896e-01
7.279726617722920290e-02
9.066214808948137166e-03
4.576092864437686369e-01
-2.137763994640738685e-02
1.110820016026271562e-01
1.374075781454738854e-01
4.069280227008699458e-02
-2.446123182236885629e-01
-2.245104037144736164e-01
-9.333530703223930081e-02
-3.871281579479758927e-01
-2.632520963845386697e-01
-5.675312926248078649e-02
3.457316237059854247e-02
2.311882813453886368e-02
-2.707187956150921004e-01
2.241004456972791603e-01
3.138067568662499252e-01
2.201596541561741394e-02
-2.240259563481067084e-01
-3.334843736334247577e-01
1.867165079839715469e-01
1.700706967991189034e-01
4.575280112306839148e-02
-2.015774771468664128e-01
2.311200873865758287e-01
2.324362587529786583e-01
1.762471894189954202e-01
-4.177649813929478206e-01
8.153341483485243568e-02
2.778002064608535715e-01
6.651428131960321344e-02
-5.910769920245767528e-01
-1.465820400590219508e-01
-3.966009577908063966e-01
-3.170441157331416182e-01
2.039151637717137033e-01
3.784821077624241914e-01
-2.564999027058935122e-01
1.109467825015943987e-01
-2.088607975752999613e-01
1.530017461970900328e-01
2.880818478907481994e-01
-1.152029726857922848e-01
2.860723402616063282e-01
-4.052171321036336649e-02
2.187569295771409419e-02
-9.041735385274848880e-02
-3.570867059954357936e-01
1.002175352247603943e-02
-1.361566712310055272e-01
-5.404274737613594393e-02
-8.892603941897685160e-02
-2.234758256305396651e-01
-1.461843847217257353e-01
-4.466809971036428406e-02
2.440161890710153270e-01
-3.772386307057178922e-01
-3.396404495071744245e-01
2.233691334679280965e-02
-1.937959855226512040e-02
2.164900408831512690e-01
2.017004638917101883e-02
-4.687719989129967013e-01
1.061145196575991392e-02
-9.160571523701116492e-02
1.103263556591745909e-01
-3.090475662985786576e-01
-6.765649462184088192e-02
-3.242856301960068133e-01
2.262085711901588025e-01
6.454079949070948286e-04
4.062459934822678087e-01
3.452056709929402500e-01
-1.275943362617899812e-01
2.405191348831251796e-01
-2.307463559741067538e-01
-4.022362148774478174e-01
3.319509762679334619e-01
-6.282984719262031392e-01
2.022177679464995936e-01
-9.982356392808756917e-02
-2.293557904489961496e-01
1.271831988845311123e-01
-3.397806513283811031e-02
-5.324078826468199299e-01
3.142239081676840295e-01
1.593469334733927933e-01
-5.127173274380072421e-01
1.107114674702785601e-01
-1.768771230044642317e-01
1.508561805851623139e-01
2.963981481589852418e-01
4.834905333759070278e-01
-2.230186636858519367e-01
4.127343324991286089e-01
-2.561898814329476859e-01
-2.774642127002363567e-01
1.617743089904381260e-01
4.278270036251502484e-01
-1.046147075758132317e-01
1.292195350812997412e-01
-3.060854013230561721e-01
4.101647343855698014e-02
-2.913873336157368765e-01
-1.704668703463855239e-01
1.701118322586258058e-01
3.879775659538667876e-01
-1.521708971794483167e-01
1.165292800438692267e-01
-3.008641963284040544e-01
2.820780455444044654e-01
1.846306858949788854e-01
3.361424179792566469e-01
-2.312527660647938077e-01
-1.112949140588060382e-01
-1.816570811943474806e-01
-9.036915010071261412e-02
-3.174602333414551225e-01
-1.586563384461086301e-01
9.642990409174739819e-02
2.507474237916015314e-01
-1.819417230128561880e-01
-2.347714035950223821e-01
-2.819133867365504198e-01
-5.353304783036185732e-01
-4.854129883645537102e-01
7.496724757753499280e-02
-7.355918253453334055e-01
3.753169393419075739e-01
-4.336163857285807999e-01
-7.626071674513779097e-02
3.002906263830977807e-01
1.556075448267265904e-01
1.130767970466249328e-01
-3.885964309169493563e-02
-2.982683545569155825e-01
2.505427401498394602e-01
2.125521808643904276e-01
2.269679349825887149e-02
-1.490087258734146825e-01
-1.077354113892284998e-02
3.963400246113559233e-01
5.733600580783582146e-01
6.052894214650196558e-02
1.735794552255040257e-01
1.867346302831771609e-01
6.035776396599575044e-02
2.185781683074977111e-01
-3.737534927873521484e-01
1.088897982190986380e-01
3.539474053269118237e-01
-4.249432450788626081e-02
-2.082518365005081584e-01
4.429087879040602416e-02
-2.713455040882788438e-01
1.945109537596968474e-01
8.059551871098560860e-02
1.339383214747203177e-01
-3.170033738743432972e-02
-2.931568275624840680e-01
-3.782300270647789286e-01
3.533939814444628236e-01
-1.050689935717083467e-01
3.147635048281929304e-01
1.384851647300656685e-01
-1.107779067875970802e-01
-5.227547376408599178e-02
1.553771703363719670e-02
6.446683211032698535e-02
1.232660686175713477e-01
-3.679373386255875913e-03
3.719662319882692525e-02
-1.706280703839653246e-01
-1.137079586656447733e-01
-1.543981912865664829e-01
-7.304906192261913234e-02
3.305616904048734317e-01
4.002682960832913001e-02
-1.592904765640171527e-01
-4.228915922847862330e-01
-1.035528193670267050e-01
1.969915814374582075e-01
2.267653689006690620e-01
7.429424753581642671e-02
3.913152333417282969e-02
-1.744925337379340802e-01
-3.116294216866503652e-01
2.135580793737889005e-01
1.684825648925858399e-01
-4.410069387470663127e-01
1.042236554198847920e-01
4.431845123989424096e-01
7.655294528664097209e-02
-3.584695235254553580e-01
2.598274680710968010e-01
-6.780637937304775376e-01
-4.020626824337567018e-01
-2.054020052458273016e-01
4.783491925246192988e-03
-1.949050115649099135e-01
-3.176849190712127124e-01
-1.125890382515754157e-01
-4.654520402593318590e-03
-2.329372383510870392e-01
-6.714067030736639574e-02
-2.737627736448032811e-01
-1.074868991877672986e-01
2.348067572220394750e-01
-1.479418890275100984e-01
2.596056393064666290e-01
-2.697783505401460391e-02
-1.532017748877426699e-01
2.329081157291370552e-01
-1.097900135563636831e-01
-2.005109682758841605e-01
7.325038903963732029e-02
2.786826428056740634e-01
-1.152466646085089086e-01
2.537529333753308358e-01
-2.235129364946989231e-02
2.998772614309768159e-01
1.792757661593534502e-01
4.761330116759646819e-02
2.473573271063444767e-01
-7.926676095369215858e-02
-4.399326295048973101e-01
1.958411562804613926e-01
-2.068428706221792646e-01
2.547017987105587578e-01
