-9.693092395867948241e-01
-7.187713728093692023e-01
7.484616254511216038e-01
6.527917887255036966e-01
6.581414470610726930e-01
-7.238120032471335730e-01
-9.348264611668657409e-01
-3.490480815523600011e-01
-2.512407097540567680e-01
7.001029301341021860e-01
-5.678804181114966987e-01
6.124379641322639234e-01
2.074116258913705213e-01
9.136153152369275166e-01
-9.750318313396975078e-01
4.986043268441366916e-01
-1.517478960317180103e-01
-3.180551458792166830e-01
-1.263052524080856553e-01
5.662734554627593120e-01
1.777422320709711734e-01
-9.819881402001138238e-01
6.839295231912123629e-01
-4.556930514660646470e-01
-9.307226414099429856e-01
-9.089582665640636439e-01
-6.788366755199575220e-01
1.303109608738306502e-01
-9.688920774838027938e-01
3.173104015363992225e-01
7.129174081320206469e-01
-6.806159729378709056e-01
-9.885930614626776691e-01
8.706325171601885238e-01
-9.031939982684560331e-01
6.869548130972280564e-01
-6.363559273059105070e-01
3.084994123778783681e-02
-1.510341175188210094e-01
-4.646615317046705051e-01
8.578845881127561412e-02
4.356143959338441007e-01
5.912228150182163855e-01
2.424538930837250028e-02
-2.948676055274823682e-02
-6.321422241825813693e-02
-9.900715870125709195e-02
-5.272458731879987592e-01
2.600743276886601230e-01
-2.994080985316838195e-02
2.512680020952204885e-01
2.135538573017410346e-01
2.654811541082837678e-01
-5.891422745637291403e-01
-2.762885842303122175e-01
-4.732010893551796826e-03
-2.869229093618534954e-01
6.053217172353861919e-01
6.773485221033328507e-01
-2.655762215561741080e-01
-7.267513754713372798e-01
-8.986218347960461816e-01
7.901148791215795164e-02
-7.818630802298298654e-01
-1.139484713755571921e-01
-6.484130148479658740e-01
3.234115910600756649e-01
8.413262175561748712e-01
5.601858222407738452e-01
-7.769469570324143426e-01
-1.716943020608088233e-01
-6.691010135428343553e-01
4.286810145002082351e-01
-8.667752887839443865e-01
-1.232423687260879586e-01
4.612068906681401348e-01
-8.531533227695258237e-01
8.138597167552670264e-01
6.319677620924264438e-01
-9.420812994384062389e-01
-5.313495371386893762e-01
9.457681722714041950e-01
-3.110516029927070658e-01
9.151491115154630762e-02
1.502800669597124106e-01
4.747839933060553630e-01
5.038091955412615786e-01
-2.357498585724242535e-01
4.726786263382232178e-01
3.101811026759060397e-02
4.807918525097842899e-01
-5.970455384017920863e-01
-3.548047697778193843e-01
-8.814411190944353436e-01
2.326397484458040399e-01
2.181127499813162451e-01
4.286750833789689796e-01
-1.361513542007779520e-01
-6.808379599623786138e-01
9.465148745055085300e-01
-9.377574919802185160e-01
6.502656407822662299e-01
-1.640004726205344099e-01
-1.968525341860853928e-01
-4.463165926074594836e-01
-9.432235728738396219e-01
1.009972594137955593e-01
-3.846627582695325565e-01
6.963870528096640644e-01
2.397485192792265796e-01
-7.050540097051614108e-01
9.775955670999485481e-01
-7.451400996815886746e-01
-4.044364932665349688e-01
5.975555042016820195e-01
-1.088970331009118109e-01
-7.060590222543787764e-01
-9.564874723763132636e-01
-9.815896939379089581e-01
-6.477182368406704249e-01
9.665636661989926992e-01
7.418133563026705346e-01
-4.251623791857446211e-01
-1.182572440365277089e-01
-4.677805208474818954e-01
4.258951700084905312e-01
-4.925935258875893119e-01
7.396934288157883675e-01
5.073204006361036189e-01
1.776721687614535305e-01
8.281563039258943437e-01
1.300081858179358285e-02
7.814597663802462790e-01
4.654559364587558257e-01
6.133993755761617539e-01
7.715737606137145210e-01
-9.142720663665964143e-01
-1.099467785871739434e-01
-9.616154799989788948e-01
7.802306013807163154e-01
-4.281314142505707743e-01
-7.011930709560552089e-01
7.634235205223409704e-01
4.167142868938167322e-01
-4.510255291269065214e-01
1.205823311482887572e-01
9.103942468278944933e-01
-8.403467278593066414e-01
8.250642573693056647e-01
2.543473052820706126e-01
2.904434740316630403e-01
-2.168966486218220080e-01
-1.311240851851565026e-01
1.376136834536256792e-01
7.872734515334733896e-01
-8.142087061300478101e-01
3.577730393097215966e-01
-1.711053022753388220e-01
7.002258838404835650e-01
1.966022039249888387e-01
9.933071253797227662e-01
-7.194549641940832796e-01
7.271025651776050758e-01
-9.414633077920695481e-01
4.772676973535383560e-01
8.568809146234654950e-01
6.410391195574878243e-01
-4.460890282265395079e-02
7.768952546537712944e-01
-5.413509585673119684e-01
-1.778871368426657718e-01
6.753319299302023015e-01
5.797346013478275051e-01
-3.147580908447236148e-01
4.102447800256123767e-01
5.309653757581649369e-01
-3.812640089275498578e-01
-9.217141099212708966e-01
8.494122708598270677e-01
-7.464077557314112710e-01
-9.245211044368513154e-01
1.774617079316354040e-01
-3.329094147828022265e-01
9.463142440787242204e-01
-1.691396396743025665e-01
-6.878246074437710522e-01
6.562797082260711790e-01
4.742998566523322079e-01
-5.069775673911234293e-01
4.384919698253926246e-01
-3.911096241535696461e-01
4.142743262586900954e-01
-5.203828505107115365e-01
-5.296868594945913777e-01
-7.958318786176112880e-01
-9.339775155857688027e-02
6.282119772999061880e-02
-8.785592999648013102e-01
-5.182717963070126999e-01
5.902953459352409116e-01
-4.707523958169812506e-01
-6.885285575668780300e-01
8.977693897671670253e-01
-6.510386432052941430e-01
-8.450125970621060745e-01
-2.146650668565117659e-01
-1.235622847898780741e-01
5.351520401956619821e-01
5.391242820821569026e-01
-5.911940190802829065e-01
-1.771584323631862912e-01
-8.296635488566059813e-01
1.243362756184724915e-01
4.225409193927620599e-02
-2.878044784962690006e-01
-5.862546073490000342e-01
9.072421446453122762e-01
4.567776169739352632e-01
-2.630230789975072092e-01
4.633840626793834794e-01
-2.523157198772141285e-02
3.906757834880290048e-01
-6.887280334726200159e-01
8.770956037654895621e-01
2.775412458012758155e-01
-8.341666794213145053e-01
9.265147764455445856e-01
-1.674251539307847203e-02
-4.966610707194976104e-01
-2.814607706485849903e-01
-2.308566145112622703e-01
-3.661218202393350385e-01
4.750954032971630436e-01
-4.837886139245117789e-02
8.550491230345902416e-01
1.963097916998486347e-01
-6.656235835086632413e-02
-8.967483805119782492e-01
5.935409099801924881e-02
-9.624160951287257237e-01
-6.008065039376362382e-01
7.763354076123749614e-01
-3.171204602818431528e-01
7.276057630745349503e-01
8.906621115305148884e-01
-2.514836890367571076e-01
2.087786181367470295e-01
5.288300674609440755e-01
9.264721362351588940e-01
2.388953910039532946e-01
-6.930482138436413475e-01
-8.159417454098072398e-02
-2.855877793300696244e-01
-7.276242153821395053e-01
6.663902755812936007e-01
1.638240767233134498e-02
-9.048805915734181582e-01
4.267814224018047220e-01
7.696355456874248713e-01
-3.196109821860944056e-01
3.736961139076400151e-02
1.029848364349796874e-01
1.338334903321873881e-01
-8.644212623626388314e-01
8.614388315549514896e-01
