4.989618097767254956e-01
-7.233820427684304818e-03
1.613084523583632746e-01
4.448989246258319707e-03
-2.255662713018585785e-02
5.342029359118113385e-01
-2.589137369477554351e-01
9.483741628562396969e-03
2.367155518396222291e-01
1.151383699324281806e-01
1.904671337940176401e-01
2.303445683532200083e-01
1.848637415335813161e-01
1.280255721132345648e-01
3.529955594390759011e-01
-3.585900334584201099e-01
-1.404479390104863556e-01
2.765853854450853744e-01
-2.478681341329642129e-01
-1.457192917518230491e-01
-3.633819192218135097e-01
9.482496461802449039e-02
7.862309527545613408e-02
4.110516971992157487e-01
1.957543316891650065e-01
3.268739197450788447e-01
4.247570322102103280e-01
4.383205483148757686e-01
5.350275826512933541e-01
1.455510269642549814e-01
1.743990378559166499e-01
8.543104214904541360e-02
-2.099802149001221002e-02
-1.227206490179370418e-01
6.271071692517182772e-02
6.062185179161357768e-02
3.965181681676816644e-02
4.360462499332696806e-01
-1.808787468500496487e-01
2.624815820618535689e-01
1.181079464468697549e-01
9.511804982707464107e-02
-1.058882267924497605e-01
-1.870265193048165631e-01
-1.041624488458129799e-01
-3.766074144156921211e-01
-1.884224633553690520e-01
-1.717323609395628448e-01
3.929539861657790900e-02
1.688230425095074705e-01
-2.657198991940367128e-01
-7.813761741265712324e-02
3.908963552567454314e-01
5.449604211711083640e-02
-1.757166949733529326e-01
-3.276001147139691039e-01
2.795057704941977250e-01
2.743490201547225116e-01
-1.643765938132266680e-01
-1.846838615032408981e-01
2.507671465469001326e-01
1.926060793821480210e-01
1.283730719830758482e-01
-1.689257114166744511e-01
9.139506886342928238e-02
1.079076534147940802e-01
4.992019427001137544e-02
-5.450473564895301770e-01
-1.947130154202599828e-01
-3.247374414239817542e-01
-1.035225230161759685e-01
2.134619258882176351e-01
3.860543750119218576e-01
-2.374620201061419522e-01
5.730436565399096849e-02
-4.160243652438757600e-01
3.196884956462565930e-02
4.395109592873657212e-01
-3.022819305205871887e-02
2.414141715780789843e-01
-1.423201837274152282e-01
8.011395784689502586e-02
-1.119481218872031975e-01
-1.051530434242475831e-01
-5.311000385410728081e-02
-3.297875314848108808e-01
-8.098614938778342376e-02
-5.861879126433300335e-02
-1.171418358328599890e-01
-1.465986538462248912e-01
-3.624540063608606283e-02
2.424826210235508928e-01
-3.882402520248688371e-01
-2.550714579691087391e-01
-8.212574322827567719e-02
-8.009690357743977362e-02
2.164664200598522825e-01
4.585452837345892207e-02
-5.229261517664697267e-01
9.523275895375320210e-02
-9.558498396930605046e-02
1.444808399616785144e-01
-4.239719206328756984e-01
-2.111185652157227324e-02
-2.475031043105136441e-01
1.566423855212600302e-01
-4.504636445358225355e-03
4.020096476743507674e-01
3.187359322038092468e-01
-1.434538410961039567e-01
3.250947907297059847e-01
-2.248581887805376489e-01
-3.242669660740905013e-01
3.089301518682223691e-01
-3.980549960886887173e-01
4.375987948889952794e-01
-1.283096656854419149e-01
-4.243192856003044078e-01
2.917235635899206869e-01
-1.520815612597837541e-01
-3.913659440346355378e-01
2.756510652925164839e-01
3.873771679039414439e-01
-3.603771317432559740e-01
1.677266804767339747e-01
1.982448937819010493e-02
3.422911951845922784e-01
1.697837045006539980e-01
3.785225795911364433e-01
-2.925738282570082283e-01
4.730867563867264813e-01
-3.402323958058302567e-01
-3.483544195903117702e-01
1.723410803434170246e-01
3.536457458937743437e-01
-2.899217942562169470e-01
1.107924096997683627e-01
-2.140579252630414320e-01
3.822624392579098557e-02
-4.168527375395615353e-01
-6.382619941375455852e-02
1.721771894260603342e-01
2.296448613686947471e-01
-2.189001683550061139e-01
5.156960852716971355e-02
-2.379711754796542955e-01
1.999777229029747194e-01
1.908916900526299587e-01
3.031522222456505267e-01
-9.056741698010808972e-02
2.006070376494761137e-03
-1.410550224059337887e-01
-2.127687387418438769e-01
-1.099093511289738201e-01
-1.263933868217283485e-01
1.265107460177630483e-01
1.659470806982070445e-01
7.856001651077644532e-02
-3.382555749004190759e-01
-2.701711193664660393e-01
-4.772399210991955520e-01
-4.273018445248368269e-01
1.362530320618294544e-01
-4.092629479642257984e-01
3.918367105825383279e-01
-4.803332801575300737e-01
-3.939835701875823992e-03
2.512317063705395981e-01
1.716740581334889049e-01
1.060312218984509058e-02
-8.388157543098891111e-02
-2.513773155196964426e-01
1.502947338226672258e-01
1.618828963162764201e-01
-8.807651847913391951e-02
-1.052747264544071915e-01
-1.797649717473628339e-01
3.906452377584546110e-01
3.719349920156787004e-01
5.089770132218292276e-02
9.852462029009324829e-02
2.250182881154069447e-01
2.081918464519836587e-01
1.846640466944276526e-01
-3.596887751037830538e-01
2.657668210846010626e-02
3.287174081149201177e-01
-1.241321657402323919e-01
-3.374573686647095450e-01
2.588357946108955643e-01
-9.353932237055696819e-02
8.296567538234907169e-02
1.222185058072342290e-01
3.010132983056582057e-01
1.524211796517880441e-02
-5.163360409779831350e-01
-3.837784885741992724e-01
3.727699684369277233e-01
-2.625786143924145888e-01
3.874483908917657482e-01
2.484603111502384776e-01
-8.523039515299148106e-02
-1.722620314191708468e-01
-6.914339832920804452e-02
6.049125921325594624e-02
-2.236461283338735465e-02
-4.649591035181840915e-02
1.231511518889481446e-02
-1.318039318715578667e-01
-5.546846048895194559e-02
-2.578169554684102138e-01
-1.012148399103593444e-01
4.143380532611320999e-01
-2.564544759535289375e-01
-1.239357539387006268e-01
-3.760495537342814498e-01
-4.180110536909334984e-01
2.595202938732915632e-01
2.640099674063816071e-01
1.406971612369010138e-01
-6.913061698220880624e-02
-8.618289062457983041e-02
-2.954664726241854611e-01
2.385125452495317488e-01
1.858195353898269842e-01
-3.720556762511648685e-01
1.345975765964075310e-01
1.810652693789087664e-01
8.635492888353440977e-02
-3.023489859789586509e-01
3.278246162128264363e-01
-7.230536420060380554e-01
-4.271786978825787284e-01
-1.546678874172492946e-01
-3.055815544250111565e-02
-3.507338487006845806e-01
-3.614571159426192004e-01
-1.024100649581826117e-01
3.682890534066851629e-02
-2.069629324339236631e-01
8.793074854102538029e-02
-2.429878883426992431e-01
-6.623029702149446640e-02
2.443144713572623361e-01
-1.513772965807161086e-01
1.882310202182922998e-01
7.836249722072332474e-04
-1.191217132746265200e-01
1.790651401973644141e-01
-1.869681643911675351e-01
-1.404701975423753857e-01
9.060291767293028597e-02
1.654894637807196589e-01
-1.458139999288592115e-01
2.282552032872872116e-01
-2.013282674811537470e-02
2.995122808848912355e-01
1.743406816790141756e-01
6.070509527487523427e-02
2.115629943044896044e-01
-7.756987010926245929e-02
-3.259815363854358106e-01
1.760311159937726910e-01
6.320065258219963178e-02
1.854004061562996020e-01
