1.669775651597595334e-01
1.890464338634601782e-01
-1.844641694593954218e-01
3.282273072082864673e-01
4.445609232346869888e-01
8.031013592104740972e-02
2.348545582966319045e-01
-2.197549178336985765e-01
-9.457146396959831280e-02
-2.231555721840436379e-01
6.603795300633792387e-01
5.841306844461269243e-03
2.719554540528844599e-01
3.910587530626990493e-01
-1.321585594456639590e-01
-2.599560632492894929e-02
4.914226515255883943e-01
1.016197663005685703e-01
-1.866553808527841862e-01
-3.598436750596175626e-01
-2.239663597222071867e-01
2.850102602328720702e-01
-7.769589794388891135e-02
2.274522539747606542e-01
1.108438367437301758e-01
1.093046398804685404e-01
-2.410356267896386628e-01
-3.534389415249480915e-02
7.886940460086216964e-02
-1.398105735389693349e-01
4.664845685755072968e-01
5.548520508966623410e-01
-1.082655276071787243e-01
2.165217103683315658e-01
-3.692499003083243858e-03
4.363427710690663264e-01
1.545626538734798106e-01
-2.438565262015209567e-01
-1.212306088405177840e-01
6.406641725133545295e-02
1.830133120090859100e-01
-2.372464704357368781e-02
-1.269948978493009029e-01
3.821054668517121500e-01
-1.038096863196476261e-02
2.002546297664788422e-01
-6.133074039016332968e-01
3.527456411590499386e-01
3.964889372853080407e-01
1.418568220415062919e-01
3.104035129876391852e-01
-2.623394413730333885e-01
-2.782214757581380482e-01
1.505743717553897354e-01
2.350572957222096804e-01
5.780738803155791028e-02
-1.041260130173642939e-01
-6.181293967189996352e-02
-1.066981840610329163e-01
3.419279911297775643e-01
-1.939260500460149306e-01
4.590470365996567326e-01
-5.270298612608823596e-01
-2.950445520225748464e-01
1.870239148770105053e-01
-5.543924219926922303e-01
1.245109650183488514e-01
-3.802746495617805311e-01
-2.392860953918640454e-01
2.951900280346301253e-01
2.288204054062459858e-01
9.562434093994091888e-02
1.443834643086860103e-01
3.218094355611653135e-01
-5.226101327230576743e-01
-9.101394285645009186e-02
-3.475684100786194386e-01
2.715618343557131276e-01
2.848443944908314318e-01
1.505498010302563916e-01
-1.909281632924060557e-01
3.077669177478099816e-02
2.033029519140465147e-01
2.938381831462489879e-01
-4.430374711425035805e-01
1.333886177527588424e-01
4.401026161194424025e-01
-2.061246634456302962e-01
4.041582345505122520e-01
-1.498407095870266659e-01
-3.925287131960966680e-01
-1.091301378795944271e-01
3.904753222546186731e-01
4.077578607109051401e-01
-2.693187829416173185e-01
3.974676974184677136e-01
-2.577414370611583738e-01
3.170604653100337345e-01
3.326928583608313450e-01
-1.439352808016119700e-01
-3.711745485818070400e-01
-4.258807765715157956e-01
6.558065783303343443e-02
3.722417004008396479e-02
-4.335666054841735839e-01
1.165640820127812061e-01
9.102212963067135565e-02
1.710288035920750904e-01
-3.376171475898627206e-01
-1.008720474394982913e-01
4.329513655759551494e-01
1.092533619671819389e-01
1.837819303128115644e-01
-2.354072861623082991e-01
-3.286961211337018351e-01
-1.169987461162948633e-01
-1.419003455365257238e-01
-7.985838753758911501e-02
1.953349838288526152e-02
1.604692336594840674e-01
-1.684129089324598871e-01
5.518254757429313928e-02
1.780209682781062064e-01
-8.754821814150712811e-01
-4.205657733311364554e-02
2.657456261381023754e-01
6.705371729278951365e-02
2.491025175111947487e-01
-1.324890465570778830e-01
-2.605272809760970643e-01
6.358290873377457630e-02
-1.599316080765078585e-03
-3.632995658086203283e-01
-3.155359420671166593e-01
-1.326659789247514043e-01
-1.643057807950168425e-01
3.387613293883284249e-01
-3.173781587499808210e-01
-1.407962677974780030e-01
1.022592327822972463e-01
1.277039259093180890e-01
1.684013799136869771e-01
-1.473073196774963567e-01
3.617200561549208659e-01
1.443654993385715124e-01
1.749501166219140091e-01
-1.033296652767402013e-01
4.787666059327852497e-01
-6.632247733941590284e-02
-1.422766802266207664e-01
1.437978768421286913e-01
1.709590213947257409e-01
-3.669855291166577715e-01
-1.527289590346838921e-01
4.161374524164716815e-02
5.455552182441321396e-02
5.669431503895586699e-01
7.350650879037878838e-02
1.108106861273009669e-01
-1.785944619995705196e-02
5.765593974078878081e-02
-4.486095387002266288e-01
-3.972195899987585044e-02
-7.797216346583241142e-02
-2.270901138274031561e-01
-7.072889323454525923e-02
3.221880160659247316e-01
-1.229945511341352105e-01
-1.388114577022944163e-01
-3.300592681833575126e-01
1.144828617952174943e-01
-5.995149642084289798e-01
4.081802651914241409e-01
-2.679279997634864130e-01
1.875869105726361008e-01
2.830633066581641488e-01
1.684469054726391024e-01
5.748326433500505761e-01
-3.615248332835258038e-01
9.011714432657558227e-02
2.890754420397035895e-01
2.190904410636818345e-01
1.694731437248329087e-01
-1.117207121454609209e-01
4.961574441629050813e-01
-1.195775903862711376e-01
-1.576392813292985529e-01
3.074378331607915404e-01
-3.140928635812977321e-01
-4.572576262808574210e-01
6.788173443018929998e-02
-4.836500625900088668e-01
8.400736978316047932e-02
2.342309555427205675e-02
-2.212275799523155118e-01
-1.705964235719065747e-01
-1.281156053833052422e-01
-4.936160307751341625e-02
-1.354662071760677211e-01
-2.110240479418237780e-01
-3.341068923281984571e-01
3.914886031602372585e-01
7.695367438864175735e-02
-7.810984550487205802e-02
7.779489302705609732e-02
3.442813049596041841e-01
-6.021015338355908963e-02
4.056284885909181570e-01
1.681854370100659968e-01
-9.816205269635447372e-03
-2.799129150726334392e-01
-5.028025584661479641e-01
1.390092709108731173e-02
4.311531213201754142e-01
4.643891448162934532e-01
-1.184396073630567259e-01
2.415556835323590112e-02
1.478225410197342715e-01
3.350399477080868715e-01
-5.346558963032328471e-01
-3.260453676212958785e-01
4.077610599335443342e-01
3.183077961581681770e-03
2.116067498514246914e-01
-6.070823913705017394e-03
1.789404079784536195e-01
-2.079986395890695561e-01
3.666320207798375863e-01
3.568694482722466199e-02
1.415464044289335144e-01
2.248042985951242967e-03
4.212844500334579911e-01
-1.069454805713371814e-01
3.343892962032024574e-01
4.981572119604759652e-01
-5.191487317652214717e-01
-4.140034555640866865e-01
-3.975904347967003649e-01
-8.820708119722786567e-02
2.657926944084108567e-01
-2.054701103434534715e-01
1.576627804126909949e-01
9.907899191420117824e-02
2.604313056896335743e-01
8.185569093403488594e-02
-1.740270108922518100e-01
1.351076364576838384e-01
-1.931983326214850583e-02
1.178644925051601511e-01
7.529687602260006773e-01
4.102587866754112134e-01
-2.481558186483968087e-01
8.122851586728480067e-02
-1.147004372626553304e-01
-4.136590228645790623e-01
1.013623078766186930e-01
-2.712778474212378110e-02
2.185309260000750653e-01
3.820511581096637244e-01
1.852186418127066414e-03
6.942906698479206495e-02
5.691402686594834170e-01
4.599637397616760937e-01
2.488134874729249768e-01
-2.403759620076051373e-03
