1.213411772028723384e-01
-5.039489214474890399e-03
3.828341844696186991e-03
2.289279966747034822e-01
-2.134620348369559995e-01
5.566929312285165410e-02
-3.387836929962470545e-01
-6.018433865523267201e-01
-3.023080234843839587e-01
4.207884144720825947e-01
-4.637029619593244778e-01
-5.544240795462246352e-02
-4.157973816349498919e-01
-7.695973443704698380e-02
-2.132020210320190179e-01
7.178870629768070444e-01
3.870880574195691148e-02
-2.682637809225344450e-01
-4.404835527731557066e-01
-3.201016250377211048e-01
-4.320572011991546946e-01
5.348002316666522482e-01
-4.557651470456437481e-01
-3.590058832480811368e-01
-5.940682277288102942e-01
-4.038961981896055931e-01
4.176157332392814725e-01
-7.132194449447012974e-02
1.124395233048514908e-01
1.135235866373608404e-01
3.940391814615603616e-01
-1.188588239651562628e-01
-4.940610883443053436e-01
-6.202033770108925648e-01
5.488185128976548477e-02
1.606687009557679346e-01
-3.467771770757270278e-01
-8.430931696963572808e-05
-4.197150002998685236e-01
-4.440476236185421088e-01
6.220032705325280187e-01
-1.265570586392819608e-01
4.130555266872235620e-01
-1.284940376365691361e-01
3.433976793704630048e-01
4.534497665437763891e-01
-4.973684707127497551e-01
3.156919154949787698e-01
-4.634137803318369997e-01
2.966016761986061123e-01
-7.323171373353973279e-02
1.897848819043596036e-01
2.043732153308394084e-01
1.479130062581526794e-01
-2.217582909911497979e-01
-3.511722233173832919e-01
4.744586778711686881e-01
-1.597756575903675758e-01
-4.169221480890017428e-01
5.265287632405459828e-01
-4.438757821228461742e-02
-1.324226280539524125e-01
5.425598175413675062e-01
1.389344357744865532e-01
-4.157797348786216873e-01
-5.114589092564709727e-01
9.091419411094389669e-02
-2.134192869443447549e-01
5.322103666651452347e-02
-3.676396789151561983e-02
2.526699094403326296e-01
-3.752478538820517850e-01
-1.402544310632259372e-01
4.437250615129704756e-01
-2.770830252033895658e-03
1.065267395042723553e-01
3.034064909115278819e-01
-3.415570698282228701e-01
1.754318680770618477e-01
-8.947165497107884002e-02
-1.487949822046890636e-01
-1.749036935388512126e-02
-5.755497114901706457e-01
-2.552549302205799897e-01
1.346634051756684380e-02
4.107248241213956041e-01
8.984679056281920373e-02
-2.827017872273437371e-01
-1.616084058867930107e-01
-1.040716139319109446e-01
1.005223499453196667e-01
6.233236420428587415e-02
2.603266801294977228e-01
6.518414217850030390e-01
-4.751151908634766441e-01
5.960146650381191735e-01
-7.054496731842668789e-02
-1.334185648954305248e-01
4.766079490809443930e-01
-5.149129805989032249e-01
2.498479252079492396e-01
1.306774737032528888e-02
-2.330135913107746204e-02
1.636149171774619604e-01
-3.034836472805370611e-01
2.671540528685496518e-01
-3.736104801720369628e-01
-2.214483777328214442e-01
4.054681899852124460e-01
9.713432230516050314e-02
-2.213978082847964379e-01
2.843789635361969603e-01
-3.901433026080143862e-01
6.922307456078308219e-01
-5.960733736687764406e-01
7.998771543630932568e-01
4.469651876667860013e-02
-5.814844312102184221e-01
-4.936753596740005301e-02
2.403030235788688740e-01
4.068544832219593843e-01
-7.962288094572027575e-01
3.530612153154594757e-01
3.658514463069691969e-01
-5.114624662043322501e-02
9.657852437240870003e-02
-1.848944208397769740e-01
1.722843222033665356e-01
-5.105441766647962343e-01
-2.031213935197072329e-02
2.359972432826937805e-01
5.024755223194015130e-01
-7.299332215906235710e-01
-1.684840579136662186e-01
8.806600596217223353e-02
-3.755325241448838336e-02
-4.027563354279188323e-01
1.470419406054628009e-02
-6.383247339218076077e-02
-1.035463658763293993e-01
1.815545192193677437e-01
1.894581995696947851e-01
5.838513683189497927e-01
4.563555801113234334e-01
1.717083636683672948e-02
-4.927944703957204409e-02
-9.877051748798967856e-02
4.053279915351203078e-02
1.892253527717630834e-01
4.573367473566020136e-02
6.690654637850793063e-02
2.136746267327738757e-01
3.261558566351925592e-02
1.096027104794865259e-01
1.400237801981895625e-01
2.344827417789327462e-01
3.234317307053067303e-01
2.114765306010593093e-01
2.163565418769318183e-01
-1.444075186401889699e-01
-1.318300317218679962e-01
2.946806395128355183e-01
-2.304707544109990403e-01
-1.110911505318065706e-02
-6.163451946966935768e-02
-6.273705105520142045e-01
-4.332195965145947958e-01
7.878796417235512939e-01
-4.120927328745027651e-02
-4.190759209876524505e-01
9.400111584429278466e-03
-2.636717289188952318e-01
-1.905675318217256997e-01
1.669199478072655451e-02
1.144644221975334997e-01
-6.815661672495844092e-01
-4.844657875835770705e-02
2.147743235480995549e-01
-3.097848649100418128e-01
5.198961730045900675e-02
1.216128341528953244e-01
-9.192325452647120976e-02
9.234296587769232068e-02
3.590852992221585382e-02
3.703428515158546652e-02
3.114759691683419152e-01
1.150507399601706920e-01
1.674841639505648128e-01
-4.894241513989432829e-02
-1.907710718325814070e-01
-3.112841802284888049e-01
3.013650688641134057e-01
1.156333921449768098e-01
-5.703783454365941585e-01
-1.255988619967971232e-01
1.654896488642366992e-01
-2.288592720223246169e-01
-1.016585289316665475e-02
-2.886307001317811594e-03
3.348354569150162330e-02
-7.477185647314619210e-01
3.827854437816956279e-02
-4.036705847498026078e-01
-2.857059820467046096e-01
1.532948166777871046e-01
-1.399097339819991570e-01
1.910836705635134969e-01
-6.349004937295295026e-01
-3.233868951621530208e-01
-2.894390987250326508e-01
-1.949901911353713602e-01
-3.903916703976166858e-01
-6.892532255870319202e-02
-3.301941376499205327e-02
5.650029124992062002e-02
-2.723990723148711490e-02
2.955275578930890434e-01
5.231573700753386902e-01
4.500039249601417990e-01
3.854609717068468999e-01
2.946337288407335220e-01
4.974718086210389578e-01
-2.670565940361792068e-01
1.631467100757719724e-01
-3.776938744296785833e-02
-6.531764309868902385e-02
-2.574845045754541317e-01
1.626725586315133087e-01
5.288554124839481840e-01
-3.277143978334876029e-01
-6.981544725966181142e-01
8.455392515837931167e-02
-6.558896266004241027e-02
-9.268103424364701470e-02
1.071380560089003342e-01
-2.209160327182801420e-01
2.193184583259661091e-01
1.327740458484700237e-01
-1.376834093269986292e-01
-4.009202588653923982e-01
-1.087514634255647150e-01
5.754820043234448734e-02
9.219902432954360516e-02
2.937842336430605550e-01
1.420356318846500709e-01
-1.565067385301102953e-01
-1.060476630361138622e-01
-2.263732442741450968e-01
3.912663084476663000e-01
-3.881812681889703631e-01
-4.747162316411545069e-01
-2.477180210239997293e-02
1.701291882018852175e-01
-3.631354099093732635e-01
1.676639973088203117e-01
1.676318448132015637e-01
-4.252645003966163406e-01
4.276016941820424133e-01
2.384427281241523755e-01
1.748483744139557872e-01
-1.316626158979091743e-01
-2.061906072986254002e-01
1.987538976087411258e-01
5.180830541884401397e-02
7.300614256015491854e-01
