-2.382610313366757826e-02
6.812643893593699485e-01
-2.136003861954219318e-01
2.636660459583993754e-01
-1.861947212157356590e-01
-5.804368818641780087e-03
-1.597572286233400474e-01
-3.593124588871880049e-02
2.368029597799003183e-01
-2.402576978510282402e-01
-2.520782271421052045e-01
-1.605888787210065227e-01
-2.762168422750899133e-01
8.591759957397029912e-02
-2.390951312640340540e-02
1.841851293186179406e-01
-6.465890957471979172e-01
6.970024803382184053e-02
-2.776846514464977045e-02
1.186730314960213889e-01
-9.013601013640722137e-02
6.215324469305133492e-01
-2.215129887085307003e-01
-3.610414722891709949e-01
-4.713269295787535507e-01
1.566982468325738287e-01
-1.198882438356185520e-01
-2.614930264556039052e-01
-1.864293022333270988e-01
2.725874305245519214e-01
1.567698799203274401e-02
4.139389541466097222e-02
-5.590320835592395010e-01
-1.138848361979426238e-02
-2.873267280624169362e-01
2.925542841041344211e-01
-2.036402071906560085e-01
1.341653821807072822e-01
6.889124593316006684e-02
-2.964121752671117771e-01
1.735160517637357735e-01
-9.969839883971234190e-03
2.244807992418293430e-02
2.063603849031496740e-01
3.875823155594687597e-01
-1.847888994835905352e-01
-3.575157883649128787e-01
7.298874506254374173e-02
4.253995471468004913e-02
6.811252596574597640e-02
-1.519396060922840186e-01
-8.675948918716371028e-02
-1.173003111665924247e-01
1.017882231545594318e-01
-4.872547000631491376e-01
2.856496676717651950e-01
6.798878491449102945e-01
1.216325037613821478e-02
1.310419445922225701e-02
-3.571534069166957814e-01
-6.404743069196723593e-02
3.037110315528029902e-01
-1.752203536980791176e-01
2.558343480176111795e-01
3.183300206486935902e-02
6.292624284133621626e-02
5.621527789240385875e-01
6.907966427769909878e-02
5.381870304072304823e-01
-2.434632822497957150e-01
2.233946495647768093e-01
1.357715476721688685e-01
2.166469157360641218e-02
-1.329350255978301032e-04
1.530340028343589176e-01
-4.598037898645936927e-01
-1.898645107881767324e-01
1.040370093340684809e-01
-1.949108122618621874e-01
-1.639659102650618816e-01
-5.303341370581936970e-02
-1.449355179130066562e-01
-3.005785993812970514e-01
4.318961479433063300e-01
4.755022234358419891e-02
-1.222284292265671951e-02
-2.888597056447143596e-01
-1.956249899054224861e-01
-4.320620207408998326e-01
3.580915890834112103e-01
-2.338446012840144500e-02
-1.323562272334461720e-01
-3.982234711424277318e-01
-2.433236225758409199e-01
-3.846166191477932983e-02
1.706702553952335610e-01
-2.106779226493059043e-01
-1.922361594889624992e-01
-2.609447520665109099e-02
-5.756092891503599152e-01
4.449241572442445558e-01
1.560483791013603794e-01
-1.069487808641223919e-01
-2.421124035193977231e-01
8.224589225638531675e-02
1.815936696088336910e-02
-4.208116397661869068e-01
3.476367685636093663e-01
1.935768665583713632e-01
7.909147573887158333e-02
2.306904524125629186e-01
4.221991577806822327e-01
3.163345315234332711e-01
-8.799375269700501767e-02
4.035485278235789730e-02
2.734195440815015421e-01
-7.250622626470969168e-02
1.616427471666405380e-02
-4.863624317555625964e-01
4.993052540540616757e-01
-3.129178615565954558e-01
-5.342712270656115869e-01
-3.457606674900016303e-03
1.525653963293385762e-01
2.223420407930694065e-01
4.039102684014277966e-01
-6.060301104723104793e-01
2.801972131163708024e-01
2.979376729496200360e-01
-4.507749142040118340e-01
-5.934739782173832634e-02
2.589357470504073944e-01
-4.282415377789708932e-01
-8.394109355595393007e-02
-1.817087795904147318e-01
3.770658194289176757e-02
8.767464257829013508e-02
6.034413183197488706e-02
4.772476785443361541e-02
-6.511568379090004743e-01
1.235161247347478508e-01
4.471483881085815959e-01
-1.899534695107922833e-01
4.092702824365564152e-02
-3.030608023575031007e-01
-2.408120423621002565e-02
-8.624358058559137077e-03
-6.338344618043686984e-02
1.614731584931577424e-01
5.947335997342431679e-02
-3.333819332853010242e-01
2.654545098537800518e-01
1.796122583850107701e-01
-2.139025400876938543e-01
-3.594775478655188872e-01
-6.118028738375351494e-03
-1.729149375545881995e-01
5.875080046215972462e-01
-1.299091665159591014e-01
-2.694066546929403949e-01
2.904477344876893463e-02
-9.612184587558167403e-02
-3.507592925549897211e-01
-5.407307679043801135e-02
-5.039285763077314684e-01
2.711361713931547679e-01
-7.229884775681386100e-02
4.262184608912193695e-02
-1.989007027118767645e-01
-1.957884135239215950e-01
-1.969728510483081119e-01
-6.332119274985056889e-02
-4.514519846295826644e-02
-2.987250407266778263e-01
-7.981762115975005178e-02
-9.573429585661163976e-02
5.506387522009229540e-01
6.988956197614124011e-02
4.410248913325240938e-01
2.780418925259858787e-01
-1.343232944512961213e-01
-5.707760673130897466e-02
-3.392772645356045835e-01
1.040741648197945068e-01
-1.843777618790633233e-02
-3.259359340772961799e-02
-1.762669885478902743e-01
4.693849125065794325e-01
-1.272970250083774180e-02
1.123389105959780448e-01
1.609625692306445310e-01
-1.895307416955259727e-01
1.593210291240331478e-01
-5.460987337955086618e-02
-4.405581689916261701e-02
1.273591092828711691e-01
-4.071136246609584342e-02
-1.723062765420979026e-01
-2.336955508517279956e-01
-5.356171495959991535e-01
-4.946775959811624546e-01
-3.535327545390082316e-01
3.311368114119302986e-01
-4.505405542199620861e-01
2.010985827957574856e-01
-8.156382786490706804e-02
3.308071894290050552e-01
9.917289596636236215e-04
-1.822412502457083916e-01
-3.799742980203099640e-01
-3.150333687463551802e-01
-3.037248306029356471e-01
2.976604713642908573e-01
1.030287265960380949e-01
6.167684636033184120e-02
-5.987371234303558165e-02
9.595307192246349537e-02
2.249171732179923167e-01
4.189045283213711501e-01
1.803325991740496459e-01
-4.328481253822230590e-02
7.296329149258327096e-01
-1.516242541107900577e-01
1.345254976696202975e-01
9.821190807535913614e-02
9.696789422459295427e-02
2.294035314225826294e-01
-2.385714550275995216e-01
2.539248039846813132e-01
2.966410233620672687e-01
-5.474675221109712719e-01
-1.331925512687890389e-01
2.995677259097547784e-01
-2.497560327244104650e-01
-1.550711662439760441e-01
-2.464630139155206123e-01
-4.450281307601669512e-02
-4.245517696116631878e-01
4.055254756799212545e-01
-1.544299013223981443e-01
-1.376125142225067266e-01
-1.079581015696386842e-01
1.237991513455916903e-01
6.880904391627428174e-01
7.659778496163202610e-02
-3.568975962645070110e-01
-6.254145206155281578e-01
-1.965041845550202226e-01
-1.762106590600413802e-01
-8.520035594083762154e-02
-2.052046464905543932e-01
6.557422881494524847e-02
3.890478069057529686e-01
-2.342739720118565960e-01
-3.797304270483298216e-02
-1.775167733808814541e-01
-1.290535142239636890e-01
2.292294542294411042e-01
-1.638434557042896256e-01
8.495514570539790256e-02
-3.061726670937951478e-01
-2.181940032527616424e-01
1.203421840728114423e-01
3.133172180761231718e-01
3.963285486726195184e-02
