-7.834444178029831285e-02
2.752928364360198721e-01
3.971317384668560657e-01
-3.655712498830188117e-02
8.801236467393216412e-01
-2.464405536411617970e-01
1.536572058905438798e-02
5.618173032435509473e-01
7.795699816174561647e-03
-3.404570812439259853e-01
3.668315445172841693e-01
-3.757442098026153587e-01
4.690347728663779581e-03
-9.495760168184813610e-02
5.323645718520257919e-01
-5.303416159631393345e-01
-3.396779345244405057e-04
4.105645952060372750e-01
3.188260585843000205e-02
-1.006939360312367193e-01
1.765572502499053731e-01
-1.752561565743362415e-01
-2.999342251349325084e-01
1.205426820229036355e-01
3.346036071067164941e-01
4.896289223329102214e-01
2.014110609712588262e-02
-6.640061796704824215e-02
2.253249622163178145e-02
-2.420631854408943351e-01
5.002263001124132025e-01
1.868966918494275875e-01
1.086923733833063954e-01
-2.768627748827108270e-01
-3.925586912334655953e-01
-8.728380187234906218e-02
7.315289248216066964e-02
1.158928734129381910e-01
7.583750695286772814e-02
-7.672163585391605922e-02
-3.876666226204889543e-01
-3.850755916593950889e-02
-6.788625607891315417e-01
5.684643958638007089e-01
-6.211572939414122807e-02
-1.137724759456645862e-01
-1.499896668453825077e-01
-3.774875515212661736e-01
-5.939338422169539999e-01
-9.048636145585825519e-02
3.539710032399712158e-02
-1.975691135134163279e-01
1.206993212738105559e-02
8.504849203264014390e-02
-5.424087161162428616e-01
2.276058094342594540e-01
3.567333597719500315e-01
-1.372752816911936846e-01
3.484931537741365881e-01
5.905197878515885401e-01
4.129926058013592693e-01
1.542912988472795455e-01
2.085905886841030177e-01
5.604580788212329967e-01
5.483839060207866822e-01
1.591892513106263340e-01
-1.125048039078141437e-02
-1.846771524064577674e-02
-1.954647366490844251e-01
5.516503081765028460e-02
-5.044076176824684454e-01
1.133514985501573591e-01
-5.688153754265583562e-01
-1.019033119104545415e-01
4.780485590402107077e-01
3.152281338664199573e-01
-1.854918237329988284e-01
-6.598922289981699052e-01
-3.447357041366576613e-01
-2.139848464467271061e-01
1.657344443715910165e-01
1.402348693284536929e-01
5.766546109030485923e-01
3.744157952241720655e-01
-7.233322348304623839e-01
1.417946477990578158e-01
1.386279403593827508e-01
-1.381901504752027776e-01
5.341057596965675947e-02
4.575398072979320330e-01
-1.213980678740461672e-01
1.280962227840590495e-01
-2.559541775683427112e-01
-1.647093378959615939e-01
-4.059230793983115704e-01
-1.680114321088668206e-01
-3.083159556237526355e-01
-3.299335026696686435e-01
-5.707745831609185583e-01
2.734998053846534050e-01
-2.763644055305347624e-01
-6.077994821051230234e-02
-1.046811417191836902e-01
-1.496245620325407089e-01
-3.010516214036673688e-02
4.470203651755860763e-02
-2.921267834179915313e-01
-1.332694398082687748e-01
7.053311855218789006e-01
5.676715124435676163e-01
5.207482634957554257e-01
-8.435153821034133692e-01
-1.667233916007748729e-01
-2.042813443138418172e-01
-3.124445553490116656e-01
4.287543103828017066e-01
1.767247472204006575e-01
8.234909141822310819e-01
-2.944881665858327668e-01
2.511753248488720058e-01
-4.106680017660306325e-01
3.394355691518021745e-01
5.546774730976119505e-01
3.102444719027469544e-01
1.621811491914021963e-01
5.856249307386101055e-01
1.878238757107092982e-01
6.216261232643203183e-01
-5.022907245671310861e-01
-3.801386739440914542e-01
-8.993877509776287971e-01
-1.254350805040427841e-01
-1.361561790288294826e-01
-4.889239351259657140e-01
-8.651284727256475238e-02
3.162162077143969019e-01
3.704505890281635794e-01
-3.753491926226644182e-01
6.440810617438579300e-01
3.473651761002102267e-01
3.685011864197512699e-02
4.637306340591211828e-01
-3.859732853186694235e-01
6.295942680990701534e-02
-5.956794885321348154e-02
4.269640333803814691e-02
2.308034917313578349e-01
-4.356824335615375188e-01
-3.840236379299649672e-02
-5.696390261304812297e-01
-4.291620666085311786e-01
-3.562298068787698724e-01
-2.845660714071282515e-01
7.115448109286950373e-01
1.629513163389936792e-01
-4.538013965362026059e-01
-2.568535511809638128e-01
2.346306745840953667e-02
4.455569090213736816e-01
-7.700301846521123705e-02
3.216073947537866351e-01
-6.732336698718061063e-02
-6.118819790679483894e-01
2.600053883626494700e-01
1.730589658321480262e-01
1.550622260377548245e-01
4.467569055048575821e-01
2.013574831604830750e-01
-2.444796042412161197e-01
1.416569569055092792e-02
-4.529859141788072918e-02
-3.299387716465513876e-01
-5.343264334588055942e-01
4.072232271934587700e-01
7.362144977479839758e-01
2.971039153621823359e-01
2.538031503475690620e-01
-7.298578525042354048e-02
3.677268840514436032e-01
-5.956886186384169335e-01
3.505429765687633759e-01
-5.487448618642405407e-01
3.891945445363457212e-01
-3.552484548634426975e-02
-2.439685388081775375e-01
-3.661965321149524000e-01
-2.188804531529237596e-01
-2.144511801707681964e-01
-2.355653588701566159e-01
-8.627686863771282244e-01
1.902740653112384994e-02
2.719529169928461276e-01
5.477453065412474231e-01
1.049070832156954736e-01
-5.912909360055940144e-02
-2.055037791240722500e-01
-1.095189361105419756e-03
3.481814936157484608e-01
8.108514293926932792e-02
6.201948036580842150e-01
5.287486052920192803e-02
-1.513675515156245877e-02
-6.324984161670961225e-01
4.018531650014789403e-02
-3.157113615895035252e-01
-1.535344207137758210e-01
-5.195406886308604477e-01
3.232518984196449674e-01
6.878416871379472441e-02
-6.739508927641499891e-01
-5.555394167627913937e-01
3.473928435547831151e-01
4.325299469156492771e-01
-1.594192904444013958e-03
1.756102681369371976e-01
-2.487525773182422406e-01
-1.367068885983567794e-01
2.714570951186788261e-01
-1.401372184757090356e-01
4.323105597630719221e-01
5.408881959993339095e-01
-9.108797538026353058e-02
-5.107484229783777474e-01
3.219785888534236751e-01
-2.358267443123890916e-01
5.777290888436698024e-02
1.058014743940545177e-01
6.569514807845766580e-02
-1.330824533626658868e-01
-4.180998822804281034e-01
-6.951482256554508687e-02
4.497459577955263410e-01
-1.381897273933442305e-01
2.594914840290417635e-01
1.523241831419475112e-01
-7.161691248662471754e-01
-4.429512054870010651e-01
3.629735911515798441e-01
3.004084419350042667e-01
1.712685642127229624e-01
-6.182067507800523831e-01
3.706273748916565913e-01
-2.433587091163833538e-01
2.294670297135215087e-01
6.137113490813373984e-01
-1.819836009811128807e-01
-5.624403232440386979e-01
-4.670372685117537004e-01
-3.648154844492598192e-01
4.368098922948802088e-01
-1.449318550699572050e-01
-8.028588339907649640e-01
1.865753720106330116e-01
6.517646984415216282e-01
3.883830863429899583e-01
2.109154004450919384e-01
9.102150803566294579e-02
6.418058411632358018e-01
3.114876796669052705e-02
7.100195976906378270e-01
4.702180608420986063e-01
-8.515515542648777192e-02
-2.395096275935212904e-01
-1.246753741428709428e-01
-2.268927145828437686e-01
