-2.723781271683775040e-01
3.589755115399783092e-01
-3.355760141862494939e-01
1.608121149683038875e-01
-2.796289488605227525e-01
-3.977721107573553572e-02
-1.680261209971221914e-01
-1.520661396243435659e-01
3.608782767817277359e-01
-2.538805443540673723e-01
4.405207226061105125e-02
-4.651564236624760040e-01
-1.848430612126535366e-01
-1.845441907285058913e-01
1.908361688670860701e-02
-1.138905111692796734e-01
-7.189864538580706954e-01
1.522785066527518327e-01
2.488388896928823146e-01
2.544805676976565345e-01
4.201947992869173309e-02
4.550314610745096466e-01
-6.128325744161179645e-02
-2.494282617077563380e-01
-1.066486026695873945e-01
3.117281607849101688e-01
-2.768975914406555106e-01
-4.204554660169596558e-01
-1.611870676359392351e-01
3.965802626580057222e-01
-2.234005515112211793e-01
3.584075831959128156e-01
-5.194910933259676566e-01
-1.041030419449868877e-01
-4.325767056492470508e-01
-1.179834584576741341e-01
-1.196758289454570162e-01
1.516881284080322523e-01
2.607101974945619238e-01
-5.571566491526935838e-01
3.496575242023030466e-02
-1.327829874227556828e-01
-3.054486503105678930e-01
6.155112492421634107e-02
5.123006479852661998e-01
-3.345291517280852278e-01
-1.732248229295081376e-01
1.242737157199740039e-01
-5.281317963693418771e-02
-1.520131613746857902e-01
-3.987296849176786839e-01
-3.662284784061048959e-01
-2.396241797533910922e-01
-3.266471898264913798e-03
-4.888343916296979397e-01
-3.399476686299307548e-03
6.208913354522507255e-01
9.549406917898517477e-03
1.325276641869748417e-01
-3.282496162881861634e-01
-9.668892974171172661e-04
2.950705101788723139e-01
-1.949615131405141311e-01
4.046834301154039748e-01
1.524686018321464998e-01
2.055766259022198117e-01
3.402563000283304051e-01
6.959265327415012359e-02
4.043502090918527081e-04
-4.896438427305804808e-01
6.177050063030617988e-01
1.572067644697954236e-01
-1.900782812841023128e-01
-1.169847203033486521e-01
1.422840633922757281e-01
-5.988084230225794169e-01
-2.599571931412436587e-01
3.930830790423524568e-01
-6.942798392861957435e-01
-4.688078070306248013e-02
2.241183353756283914e-01
-1.992263720259752346e-01
-2.795321651293357634e-01
4.542348433530711826e-01
-2.276660536829603065e-01
-6.484158028512579386e-02
-3.380647201585259554e-01
2.082473300966127816e-01
-1.489437240389516748e-01
3.798477422296954176e-01
1.112920634861253172e-01
-1.943824933252152054e-01
-1.674354313024766228e-01
-5.184168427427345849e-01
2.518942381035850220e-01
-2.447405127281391257e-01
-1.950315128915563467e-01
-3.485914677278546536e-01
-2.039620119555324573e-01
-1.299158646188698363e-01
4.213473271933576014e-01
3.422903750457260141e-01
-2.725422777107245342e-01
-4.785949918971287298e-01
4.891939574326793078e-02
8.169669334702492347e-02
-1.793936629232698032e-01
4.253525820056131557e-01
8.400764781480946075e-02
2.786810896741478416e-01
1.568957558546958120e-01
1.406742441498148311e-01
4.594996385563903107e-01
2.054719600244542255e-01
9.204594276350586135e-02
4.320235201148728277e-02
-1.489554770610801715e-01
1.820599214376584229e-01
-5.941356801633069784e-01
3.049821459884645147e-01
-4.806604663988329751e-01
-4.106420507834886990e-01
1.303959102335548736e-01
3.931908214475103858e-01
1.210621446427827680e-01
3.998184270658267647e-01
-4.142065070618154987e-01
3.757893723515784989e-01
6.306692803325296692e-01
-4.093440689628637941e-01
7.151717565557436096e-03
-4.819436069982280246e-03
-2.078394179141460074e-01
-1.427868660244835108e-01
2.793383563533607394e-01
1.823755166135894723e-01
3.286285032722062738e-01
-2.794074838798870641e-01
7.171407387401625144e-02
-7.342907152639546187e-01
3.811137248445239933e-01
4.724612154695437827e-01
-4.457176805262591524e-01
-1.142166448926789091e-01
-4.918521334307946469e-01
6.804644967679625289e-02
-1.764970924737989388e-01
-2.169250345811324643e-01
-2.280940876553816943e-01
-1.705362593023616591e-01
-2.862758036570406395e-02
1.904715700020731817e-01
-4.382567472813314602e-02
-6.178639164509240611e-02
-3.273230508599255240e-01
-1.217312814994304937e-02
1.031665652392897009e-01
4.492934947777165178e-01
-3.763496063934582692e-01
-1.120060881214754306e-01
2.220771840173173806e-01
-2.728487138266948442e-01
-5.465881494933469975e-01
-9.206373079583143881e-02
-6.470495085950893621e-01
5.988565841784960764e-01
3.311648273181963531e-03
-2.174583930094637907e-01
-2.921938868172669346e-01
-2.755640307973459824e-01
-3.457696232398495551e-01
1.436776669389548955e-01
1.050125729057291846e-01
-9.626493311247569240e-02
2.323103290075557437e-01
-3.942614248503660823e-01
6.457257211225801985e-01
-1.517986382558794145e-01
6.110778130263758712e-01
-8.670605917174878385e-02
-1.770127061914495703e-01
1.059617650064550026e-01
-2.414152990467808568e-01
6.530174693361895377e-03
-3.410228617656336225e-01
-1.296443221713813043e-01
-3.403526713110771595e-01
3.618941553055209787e-03
4.109366982149569025e-02
-2.907689633499040832e-02
3.808953526758711017e-01
-3.883547322281202807e-01
2.916940566209255681e-01
2.442704189014571758e-01
9.212735017619544386e-02
-9.333114736256531430e-03
-1.402171685826506531e-01
1.593886463160135158e-02
-3.749661668624342248e-01
-3.490278079318715476e-01
-4.049823192378645964e-01
-3.217745026422473287e-01
6.376315526228972796e-01
-6.711099188054139297e-01
3.447232599167658895e-01
-3.380305592312229379e-01
2.709460098601595979e-01
2.256690357447670159e-01
-7.157332595296578281e-02
-2.228246447514934947e-01
-3.194297818589504345e-01
-3.126773444334780550e-01
5.857421274132443845e-01
2.927076402626941146e-02
2.806678972540281869e-01
-1.384719093908329257e-02
1.014352932158982534e-01
2.502808097110430507e-01
2.253799769702914957e-01
2.754855299321123940e-03
-3.008734355055865950e-01
7.237874918142322977e-01
1.815413743934563007e-01
4.476685555652703541e-01
2.745726045375873614e-01
-8.941469481138768216e-03
2.513544590813061586e-01
-4.980208178452594225e-01
2.533597536384645799e-01
1.440415172519398102e-01
-5.757868663511352958e-01
-6.010615349253145556e-02
1.559020183118645098e-01
-4.544388022142585859e-01
-2.372032001756591568e-01
-1.910421967684012845e-01
1.010724583473624621e-02
-5.867904574568896248e-01
4.503014368726039329e-01
4.301615701458805230e-02
-3.495052788658291609e-01
-3.357473876950466812e-02
3.835239001539724746e-01
6.230317558254772070e-01
-1.265740215958821857e-01
-4.884242166106509964e-01
-5.388280989203237947e-01
-2.884625211349770568e-01
-1.146411257600871980e-01
7.469906011354819630e-02
2.819135367492351385e-01
6.456927582546735656e-02
4.170969263861495357e-01
-1.477169271306318921e-01
1.635088871963837065e-02
-1.425636183368623189e-01
-1.975932954402703223e-01
4.373890289376217155e-02
-2.220640649531457067e-01
-1.850630331938127870e-01
-2.734815522696290024e-01
-4.678852112899493099e-01
1.885673887699362283e-01
3.650626170164177342e-01
2.742603726894925209e-02
