1.335038188576003204e-01
-3.342976488764002330e-01
7.865791979518522714e-01
-3.039941882552743557e-03
-5.278457898574827611e-01
2.792026431489778027e-01
2.735985644675243966e-01
-1.795241062606652838e-01
1.124362998756289755e-02
-9.331724286424591952e-03
-3.544314010275205762e-01
2.235351172594827185e-01
-3.938441197904530844e-01
2.960919718196921568e-01
-6.024002264716251664e-01
9.304500667514724599e-01
-8.218516901009662590e-01
4.239976932853589675e-01
-8.751052502223521934e-02
-4.060522278290582543e-01
2.252216395469800458e-01
4.575082368672245270e-01
6.866809507484351593e-01
-3.392059178579791556e-01
-8.450147049406419031e-01
-1.078298745933482516e-01
5.316586255997486354e-01
2.673801595911154960e-01
-3.735406974731532159e-01
1.322804423291659148e-01
4.884975536138858043e-02
5.372867957800575578e-02
-4.637493004506740846e-01
-6.815215786034691803e-01
5.174681599661478115e-01
1.547994606369318404e-02
4.015751417721175054e-01
-3.287311167484017194e-01
-4.234634196983384502e-01
-5.615372796067494843e-01
3.012588814707438667e-01
-2.569971564211511739e-01
4.401894582275823753e-01
-1.399008448543537231e-02
-1.619505149314298675e-02
6.647304628301519136e-01
-4.973089723420442976e-01
-3.983410212534455042e-03
-7.697160256100799014e-02
3.578046899045458362e-01
-3.550840256167488995e-01
1.809396484864503885e-01
-3.315195161929167522e-01
-5.247096995487147142e-01
1.154609785319693493e-02
-7.387268917811897762e-01
-5.611818450024962379e-01
6.390018139653607099e-01
-5.547953716221755149e-01
5.695412958751842059e-01
5.668119091700515311e-01
4.480677086025591782e-01
2.556539037876944809e-01
7.169793432835583902e-01
6.673777388327684079e-01
3.223688428696583896e-01
3.017890133177854040e-01
-5.378776330705714592e-03
-2.613742608973931292e-01
-7.732798827232921779e-01
5.798893878055485507e-01
5.279152704330536405e-02
-5.876669828658913630e-01
-8.747129205320236522e-02
-2.003035116147103833e-01
-2.010481302472373333e-01
4.935836530974599956e-01
1.918334294635450910e-01
2.789468581574476858e-01
-3.405312238395115099e-01
2.000569795948536900e-03
-6.303984568582862158e-01
2.340206010247346535e-01
-2.819784911119402881e-01
2.561253026614345174e-01
-6.701575733433828841e-02
6.101467635049933058e-01
-2.465911265718574441e-01
1.143841127752510678e-01
-3.993674730563734343e-02
2.425300749811691858e-01
1.079004718006557617e-01
2.071188806122086223e-01
4.475212488742269512e-01
-2.944367398878661168e-01
3.699976394645716482e-01
-6.786596695120317158e-02
-6.861387762485460229e-02
-1.038088706714399567e-01
-3.777567366328435927e-01
-3.680020521280243928e-01
4.155216229282171492e-02
-7.795844208057819413e-01
3.722100561476258118e-01
3.532998784051646357e-01
2.882515283470118428e-01
8.560311935901721014e-02
7.375803732302622651e-01
-5.083719259675565372e-01
-6.720046146833090761e-01
-9.746761444947815711e-02
-3.439058386678486290e-01
-8.174086958254223045e-02
1.683142828698036553e-02
1.316109207801255954e-01
-1.451297123355929086e-01
3.264194847583805625e-01
-1.861365295586397961e-01
-2.542711590778530262e-01
5.472322560075386644e-01
-2.153724130268517278e-01
-5.309284034146806164e-01
1.796247317523728126e-01
2.326695363736275279e-02
-1.650666262513149629e-01
-3.864852392084393573e-01
4.799268132061869085e-01
-1.571684814884392045e-01
1.529384881831796772e-02
-5.683932521684572636e-01
-5.493601872888158599e-01
-1.956510294728981414e-01
-6.946350337730164970e-01
3.011714980330350011e-01
1.725960111158039156e-01
-5.852715656656428678e-01
-1.276633685805943497e-01
-2.806735551762272740e-01
-1.616634718024930195e-01
-6.525966236050252389e-01
4.446024301531448231e-02
5.328121221826827014e-01
1.607410814374766739e-01
1.415123086402731989e-01
6.156699156955836028e-02
7.938539146563496907e-01
1.881593558799484756e-01
-5.627926466921953086e-01
3.096009094416871665e-01
-1.260000061285101447e-01
-5.696841982288067818e-01
-1.160447588014041909e-01
4.412536855701987282e-02
-5.975491133053704162e-01
2.017332669932270228e-01
-2.643963308107972754e-01
1.929952565657748753e-01
-1.921174136660799281e-01
8.879075597942709397e-02
2.760593571876523988e-03
7.912120733008146667e-01
1.879760743099784248e-01
8.047444275662050117e-01
1.977928080636357500e-01
-2.242451224293610101e-01
4.900412924567276729e-02
-4.315979377065038980e-01
2.241691498233741031e-01
-4.591877877503796057e-01
2.079525831495371291e-01
-7.631805481254327894e-01
2.503284108080437997e-01
4.998724447942204385e-02
2.901898809782660349e-01
-7.471758593434529860e-02
-7.727806263129777253e-02
1.966181434888787383e-01
8.665283274953367032e-02
-7.763992986065072488e-01
-2.424745776872971881e-02
-7.718388794245811813e-01
3.611077399279979394e-01
7.928203160492641732e-02
6.481412592013907625e-01
-7.173436840450309049e-01
-7.194137345514650672e-01
-6.785657007450834888e-01
-2.349001747883051605e-01
-3.758372402588078254e-01
2.925039277934702309e-01
-5.743342729839370220e-01
-1.658540220936586262e-01
-5.325086939640333306e-01
-2.752258696173917052e-01
7.928520560712915000e-02
1.696583042805882569e-01
-1.354689267669288988e-01
6.709796741064467662e-01
3.884428826669065193e-01
3.889648124005020691e-01
-1.266610561382358613e-01
-2.571153087433296625e-01
5.601556096591152611e-01
-3.759778042350209182e-01
-1.082203973509809902e-01
-3.107498480002723884e-02
1.176131433930783787e-01
-2.581328550834522950e-01
-3.363212937424062687e-01
-8.186298045539259771e-01
3.234844813692257515e-01
-2.503138665224358128e-02
1.505773561155235862e-01
2.028017555776647773e-01
1.312566099764560512e-01
-7.632235496226329463e-01
-3.784362504643035141e-02
2.670876259706571609e-01
-2.448925778690682620e-01
-5.250282860688704201e-01
-3.868403402160647264e-01
9.738283306377254478e-02
-2.443462465021989383e-01
-5.525507658751172002e-02
7.064453489737489988e-01
6.449642636636371273e-01
2.522515256260766670e-01
1.465418599920745302e-01
-2.134450856898539861e-02
-4.599210671821171159e-01
-2.198079785088358218e-01
-1.909996001592572101e-01
-1.708335729657459723e-01
2.672966080423921920e-02
-5.748565288351391578e-01
2.426397877600153796e-01
-1.046500623389230444e-01
8.502364726303287545e-01
-4.943643546234504083e-01
7.780056201392426818e-01
8.739452489648563693e-02
2.857691200318385194e-01
2.248691672147981047e-01
-6.688946919876959107e-02
-1.133235716543702365e-01
-5.217656838458473167e-01
-7.130753031122971652e-02
4.278795154304940729e-01
4.873020521325605037e-01
-3.120868070922415694e-01
-3.051965750384167952e-01
1.352182033922013638e-01
-7.844363671340726096e-02
6.688883865963524133e-02
1.763402673873696314e-01
1.491034235095941574e-01
-5.666298606983906083e-01
-2.143732037048131644e-01
-6.424680415948891277e-02
9.233446315447336739e-01
4.345982371308442227e-01
-5.397405586916630416e-01
3.143863150631995840e-01
-2.312378451880927610e-01
1.382700817024784534e-02
