-3.024309499271711221e-01
5.090975202630821927e-01
-3.553657165734665502e-01
2.669749135028585130e-01
-3.894894811789275657e-01
1.692166741192117907e-02
-2.598793654001659292e-01
1.557152893237909522e-02
3.044739111958513211e-01
-3.100788225021351985e-01
9.183153505953223217e-03
-4.988589531741307037e-01
-3.255327832320967785e-01
-2.345194715646445882e-01
6.337548423433322919e-02
1.727533237407571920e-02
-4.961991477545995011e-01
1.837651547764435622e-01
3.012120589941540416e-01
3.689205475758257080e-01
-2.584013462677715589e-01
5.836495096170645214e-01
-1.315237058275876558e-01
-3.696313708146506394e-01
1.989716450647044388e-02
2.277220112530011220e-01
-2.752922707111217226e-01
-2.548836938727354617e-01
-4.690308952740294135e-01
4.195250108507797560e-01
-2.442062410869537126e-01
4.472083987717440090e-01
-4.793654542939670415e-01
4.209499902142511962e-04
-2.677587023328935056e-01
4.519482326487841983e-01
-2.497956596194604306e-01
1.479753208619296462e-02
2.758727365239955764e-01
-5.228243475050895483e-01
6.675525180130198466e-02
2.537632959531122695e-02
-1.718546969581404849e-01
3.451287630588865118e-01
5.706472958653214800e-01
-5.380598701635483927e-01
-2.141601031776669828e-01
2.488364112344348122e-01
8.046639771036996625e-02
-1.768431628396448518e-01
-3.966225924393566582e-01
-1.995192936936929229e-01
5.087636693959687179e-02
-2.593873630332580449e-01
-6.396381553942006581e-01
-3.729328803704540229e-02
7.249127532760257786e-01
-8.694428045362007085e-02
1.833171550163963659e-01
-4.633117139305444887e-01
-1.797459742647272707e-02
2.850055216171633599e-01
-2.862584164427088296e-01
5.595977534124266795e-01
3.390124213886702154e-01
2.814803034222216338e-01
4.825090201597463935e-01
1.940868322127740631e-01
1.591470933796757664e-02
-3.443535516470673241e-01
8.145934881925469551e-01
1.479069362820957800e-01
-2.808330315477999828e-01
-1.743011680335779801e-01
1.125383383527252118e-01
-6.666668793433891960e-01
-3.244553145919800707e-01
5.007251590137455910e-01
-6.987479105894908171e-01
-2.035415364655019932e-01
1.532116824348258577e-01
-1.820764761670647935e-01
-2.857987139328350690e-01
4.307455953764065537e-01
-2.844160826613154058e-01
1.415017638638149111e-01
-5.158472754295853058e-01
2.167656128809110627e-01
-1.600868688883194946e-01
5.386682447248087868e-01
3.585950965328293938e-01
-2.633006481839402779e-01
-9.836460470642957588e-02
-5.568115660709010983e-01
4.392373923881567332e-01
-3.379041587820255654e-01
-4.611764101487547673e-01
-2.793138331528836060e-01
-2.228081076868934918e-01
-4.872763055120189063e-02
5.642334830699776704e-01
4.111292037993285464e-01
-5.091645201683339117e-01
-2.229093896951958864e-01
1.125390212872652146e-01
-1.068889291646939188e-01
-4.420784242976471545e-01
8.043333079402781305e-01
9.872675856540744088e-02
3.194203273952800348e-01
4.357618727143652837e-01
2.120338403772554781e-01
6.663175185659400146e-01
1.280989616651008745e-01
2.308031705308911594e-02
5.981289147573611714e-02
7.671385339675215742e-02
-1.051313198256365045e-01
-6.538556880313175501e-01
4.897937373454019916e-01
-5.794288624940502341e-01
-4.939042806733106583e-01
1.504166265857780904e-01
4.575176725478724560e-01
2.251429139270763602e-01
5.188807543133759914e-01
-6.243768047857445325e-01
5.623684537647146708e-01
6.563243112953259795e-01
-6.356524102487732808e-01
-1.988798792887690736e-01
5.866941976441288065e-02
-5.343409888370993510e-01
-4.187941307268275848e-01
2.527269274133793209e-01
3.936127332439582349e-01
5.320467546416065563e-01
-1.923140191313167935e-01
3.816376943639941954e-01
-9.104487003504154741e-01
2.919126284193231946e-01
5.421107707347136984e-01
-4.483121021568222675e-01
-7.023772678238759948e-02
-5.534271164148301114e-01
1.001215777141546831e-01
-6.813905765785789603e-02
-1.354005008605737026e-01
-1.176357317979913192e-01
-2.262893815287853050e-02
-3.652808854040525688e-01
3.069758918586221186e-01
3.121332607718702717e-03
-5.527155722284584488e-02
-3.559792184563584372e-01
-1.568361122726225632e-01
1.254349809143400774e-01
6.021421713331708281e-01
-5.293748852546498185e-01
-1.838342248129720691e-01
1.660684716252143756e-01
-3.228806673879452971e-01
-6.694448527655687542e-01
-1.961210377753839773e-01
-7.946609984055474918e-01
5.701206616059891763e-01
2.781923142905731727e-01
7.834128593548275732e-02
-3.030112151058969028e-01
-2.947186706690210212e-01
-4.197985717559445940e-01
3.932706919777392840e-01
3.758260158746977719e-01
3.433008206937529505e-02
1.125032361520108548e-01
-3.349385367720204565e-01
5.626236899256802371e-01
-2.059223289298018345e-01
7.892714596024645868e-01
6.928507213872373005e-02
-1.014786655871185994e-01
1.457794460773269574e-01
-3.113214804090902454e-01
-1.082207375509427194e-01
-3.673278950774225837e-01
-3.671079834972793554e-01
-3.787496581343401392e-01
-6.620923041954442090e-02
1.794235200413589748e-01
-2.197286908866895594e-01
2.018899407622224418e-01
-4.118968083519903289e-01
3.248179493784252303e-01
2.957182051295750291e-01
2.978608024692356859e-01
-5.691614260308668072e-02
-2.221069932924704671e-01
8.055025204293260466e-02
-4.616350818176701010e-01
-7.066265116260106449e-01
-6.580021944422189684e-01
-5.468078919771144353e-01
7.134026320169988278e-01
-8.458694764713845515e-01
4.487043521981612937e-01
-5.319665433270097665e-01
5.581140741557963914e-01
3.400232937040321701e-01
-5.094180585334220912e-02
-3.248941076800070937e-01
-2.865788299747996093e-01
-3.480123702837130129e-01
6.247513116917483567e-01
3.012372498573397464e-02
1.308339653766160127e-01
-2.072950902477347923e-01
2.185913550239105274e-01
4.406130330234914183e-02
-7.245330030533946031e-02
3.254690688261377418e-02
-4.078010478165038366e-01
6.865945630266794275e-01
1.645604828534915076e-01
5.278039969229033623e-01
2.081230924062882626e-01
6.107202799807430471e-02
4.918112345759984017e-01
-4.045964902039480005e-01
4.446467418304262953e-01
6.405694789688144708e-02
-6.303738677963939274e-01
-1.748628030103281938e-01
1.267252379560115938e-03
-4.949990503927194085e-01
-4.774325034498199671e-01
-3.726880216147505642e-01
1.195564533829392498e-02
-3.602951817037446380e-01
4.960843878043952326e-01
-1.683930467651036100e-03
-2.033206225418635604e-01
-6.938133870109371160e-02
7.758906546603354659e-01
6.830445560881746037e-01
-7.151678828246799124e-02
-8.523474779506939880e-01
-7.306964122703508702e-01
-5.591827931221723946e-02
-2.612246529954257573e-02
4.951344298784784992e-03
2.039504539437849151e-01
1.160085196293404730e-01
4.321805992484352155e-01
-6.517596017081576931e-02
1.765933794111208266e-01
-4.258527207783153190e-01
-3.538964693605166634e-01
-3.969740432675090969e-02
-3.370592935218444941e-01
-2.607293708731835968e-01
-4.056866427666582786e-01
-5.556265856059392494e-01
5.164561219379304458e-01
5.161155492784773591e-01
9.564940377191649690e-02
