1.383491177396322103e-01
9.297634221033046487e-02
-3.845932840177377354e-01
2.591717906179785702e-01
-1.353269956225749970e-01
-4.741562182089287258e-02
-5.191082103062391040e-01
-5.908071542292188116e-01
-4.351612486092280019e-01
6.025008659070796302e-01
-5.734839126722002245e-01
-3.031542706558224554e-01
-6.306827093844008525e-01
-3.463195776561636130e-01
-2.554073838092298931e-01
6.783391971480229321e-01
1.745127121921400404e-01
-4.559815983554226237e-01
-4.434709179704036108e-01
-3.065882341330924410e-01
-5.080646818684509958e-01
6.708027463056654982e-01
-4.377103134452288158e-01
-5.520794204723018517e-01
-6.742050569548528882e-01
-2.974028418106873239e-01
3.033417747251533347e-01
1.594231377375321390e-02
2.049491674365588878e-01
1.071625008483308994e-01
5.352674058953634795e-01
-9.799425492853486297e-02
-5.136551542438646534e-01
-7.385874310389838326e-01
-1.030628054724109788e-01
2.190290638043118632e-01
-5.586529173379904956e-01
-2.068068789442067956e-02
-5.348758112465248349e-01
-2.314140194800273775e-01
6.766748068040265851e-01
1.346161135703627387e-02
4.953058355806121416e-01
-1.982574289258449696e-01
4.505453227674137695e-01
3.524062305928822303e-01
-5.327696833433339663e-01
3.389730525524340399e-01
-3.098658575883056487e-01
8.503765198930857139e-02
-2.166733712448221105e-02
1.881123438744958243e-01
4.010733051137755911e-01
1.861772721492442884e-01
-5.223165314423783290e-02
-4.462026521743166496e-01
6.398510507065813258e-01
-2.583903461636818388e-01
-2.885362125795416510e-01
3.567993690895751024e-01
-7.657121440411979174e-02
-1.832466173206430682e-01
5.453966514170651703e-01
1.750012643257164990e-01
-6.327747648715781326e-01
-6.761931759933786923e-01
6.239625195065490182e-02
-1.725036910033121984e-01
2.089961608384534042e-01
1.234441737187341737e-02
1.336998522664613054e-01
-5.676832640424301912e-01
-8.743180996947541583e-02
6.346746493676590495e-01
2.221528730664967810e-02
3.490373085024156552e-01
2.284163259295957094e-01
-4.142054764255080901e-01
-6.045529004048866284e-03
-7.310506312388764805e-02
-2.156635396405665039e-01
5.769005123417114689e-02
-7.324053575460465204e-01
-2.451953082643735238e-01
-2.305651722883639287e-02
5.880735499402012234e-01
-3.636895014301000373e-02
-3.293660394491737531e-01
-3.748765053523553936e-01
-2.106248535750514517e-01
6.921114396375349642e-02
3.956741459467727484e-02
2.053457876496976864e-01
8.003199220660017765e-01
-5.809303112449163420e-01
5.857306118359839608e-01
-3.365031206114155182e-02
-2.412055156724264293e-01
7.673596392162098656e-01
-9.395698534456237150e-01
5.275307628567433849e-01
-2.215968174453952777e-02
6.737403368742289622e-02
7.448013062296165998e-02
-4.144173877561799779e-01
3.954598523727369530e-01
-4.349161647671107023e-01
-4.786544660248392979e-01
5.513014890114422695e-01
1.983728724642216390e-01
-3.294530888605802232e-01
3.350549963361569850e-01
-4.848831358562279426e-01
7.705508449980105201e-01
-4.023144990353643147e-01
9.650036028701500790e-01
2.373358110088463757e-02
-3.189717927762198979e-01
3.260541126284477453e-02
3.124183317602140519e-01
5.951442544467564488e-01
-7.597540127710342706e-01
3.169086731163091031e-01
3.761667313614076580e-01
3.407013387957780193e-02
1.534388880573211988e-01
-2.533695009513933227e-01
3.251698108142200283e-01
-5.376541224658520912e-01
1.645285890026105813e-01
3.940803169191766653e-01
8.045232946797200579e-01
-8.377152285007765098e-01
-3.170904624526031945e-01
1.455935289815839528e-01
-5.853103748382215699e-04
-4.119975928780073016e-01
1.130284759833194430e-01
-5.769542031244523361e-02
2.371646363971224858e-02
2.669095507058665273e-01
4.475422043339816192e-02
7.374393587759350277e-01
5.444106418854199880e-01
9.292405456716201773e-02
7.566963321097974760e-02
-7.385020656114993365e-02
2.030811263673192313e-01
1.515772933745619389e-01
-5.660839399697392693e-02
2.320369023851680534e-01
1.923596000390662697e-01
3.939741088767090282e-02
2.220566738540753482e-01
-9.201345736398225394e-02
3.003809406446634744e-01
2.387772133006668129e-01
9.132231665726109338e-02
2.653465307410385332e-01
-1.904173480979620692e-01
-3.085034531377855993e-01
4.057271193815689125e-01
-4.059789479929354350e-01
-1.137086011093798588e-01
-3.337705335350926728e-02
-7.147875007595835273e-01
-5.896689312378664560e-01
8.960297817556650557e-01
8.896505365097817641e-02
-4.342610131115114402e-01
-2.599078634288154444e-02
-4.190862044363654615e-01
-2.142659512455873383e-01
2.597100471785265263e-01
1.853492903381104284e-02
-7.096652417457336437e-01
-1.316655103147748029e-01
4.547990443806361194e-01
-2.068115866573059236e-01
2.938363633485885362e-02
3.560038504520370295e-01
-1.805623881078589621e-01
1.959032444318855593e-01
-4.528005688931968642e-03
2.414302876416483112e-01
4.299114058066095811e-01
1.681047979270299253e-01
3.394016787647075595e-01
-8.577902361266032116e-02
-2.926129964742245626e-01
1.327355080542419463e-01
3.479680503954755144e-01
-7.626728704009344550e-02
-5.602718913440460913e-01
-7.674741223581449390e-02
1.273595110093229676e-01
-2.252729165870042127e-01
-3.896398568603341994e-01
-1.370041716997345005e-01
-9.346150939608255381e-02
-9.220392475196210746e-01
1.066697242629748299e-01
-7.043980763714565718e-01
-7.960548986746190936e-02
5.976310203027124235e-02
-4.329315832324365232e-01
2.646369632392006066e-01
-7.033989210764004518e-01
-4.227111150707710818e-01
-1.354905053255796576e-01
-3.258451993659445822e-01
-4.971834494185395359e-01
-1.442071769792288016e-01
-2.422565749590988027e-03
-2.367168819740095298e-01
9.262062193378639563e-02
4.863305106719493232e-01
5.324167334141775010e-01
6.474614972977321692e-01
5.260589563574569194e-01
4.439399875770930759e-01
5.931167093295539594e-01
-3.267623286441194708e-01
1.663431634520651237e-01
-1.250675449957562302e-01
-1.143445852640153637e-01
-3.910231522877367638e-01
1.705776113929571292e-01
5.809067008121800990e-01
-2.904150502800696421e-01
-6.221431957020865378e-01
1.274558292688661165e-01
-1.219305620308079874e-01
-1.348165055982203375e-02
1.741148105045293715e-01
-3.421334450190712806e-01
2.707958696933637777e-01
8.109545221609315568e-02
-2.089591829308035109e-02
-2.642013523821014065e-01
-2.020649363703026502e-01
-1.897594693181136050e-01
1.959655192262783618e-01
4.103483686936246766e-01
1.071687058369729106e-01
-1.256344347656398464e-01
-1.118655201063462057e-01
-3.364369696480328242e-01
3.689967157908945472e-01
-5.206640265663111666e-01
-6.647596868077390031e-01
3.051734161421282288e-02
9.248654910861320300e-02
-4.747670004131431254e-01
1.297624357109655735e-01
2.809483609384579861e-01
-4.053560806293076135e-01
4.923040925247575972e-01
3.433233096314369792e-01
1.250235839432400908e-01
-1.678831657312466197e-01
-8.378175701188050883e-02
1.381684606796635961e-01
-5.328044888609595464e-02
9.733260438220840971e-01
