5.563874255285723436e-01
-2.748407414000948457e-01
-4.053130569880032952e-01
-1.122425455498610170e+00
8.605865568907189456e-01
5.041129084329170063e-01
3.430661370811530220e-01
2.996732871665920839e-01
-8.298847163026783491e-01
3.969301105816337993e-01
-5.489784800550303601e-01
-1.659391054352601369e-01
9.841240904168109260e-01
1.432161104446810773e-02
-7.588247786373749637e-01
-4.969642208253873261e-01
3.200991780084817551e-01
3.555647380656173917e-01
-1.263023670391482778e+00
-9.187962733555901096e-01
-6.637905257585439145e-01
1.605027032158513611e-01
1.205813721750893075e+00
1.108885699505368638e+00
-8.068276525077944239e-02
1.221192939166029889e+00
-2.531443470147434205e-01
9.265711330346122487e-01
-9.558639168352658366e-01
4.586654266123806889e-01
-1.341065579017490794e-01
-6.328114067592169878e-01
-1.694257562454515309e-01
7.990973951260760266e-02
-7.997648194807236433e-01
5.428467755046468834e-01
-1.428919330409851862e-01
2.507352056409640206e-01
2.051357967843188135e-01
-3.236262312418112796e-01
-6.309474665886094513e-01
1.561170692432514162e-01
-5.538032740085979677e-02
8.317841269899756140e-01
-2.155398158716050894e-01
1.108399771257584820e+00
7.333919820482653895e-02
9.336417349369794394e-01
1.999386564781579501e-01
1.200894011960480956e+00
1.995684611727545077e-01
-2.349438116567014734e-01
9.457379877583715899e-03
3.725304971610989835e-01
7.573521771533727742e-01
-4.700621045419151600e-01
1.121272313284225275e+00
-5.448400030822297957e-01
-2.612817978811587949e-01
1.896892899341123817e-01
1.041554378094322608e+00
6.753902171364023488e-02
-3.739541391902744816e-01
1.138091124351961581e+00
5.287518067391914212e-01
7.355482939732806980e-01
1.587098686247205293e-01
-7.448739262850172516e-01
3.827646742306171079e-01
-4.336992243836621519e-01
-3.421533822085570664e-02
3.467433914923047644e-01
-7.849429651008916764e-01
1.943194624125956782e-01
7.524161531940887215e-01
1.489202523909268772e-01
-3.637594620436998549e-01
7.085447759201674023e-02
2.706010856503910933e-01
4.367340547922464733e-01
-5.127683316309195050e-03
9.328237390273930174e-02
-1.617066503281053169e+00
-7.797255170057555418e-01
-8.270963168746037208e-01
-7.565135005600520657e-04
4.902116085811472068e-01
-1.137113447400750488e-01
3.532144175284523957e-01
1.978972307784723217e-01
-2.913320955842220727e-01
1.309350994463928330e+00
-1.240371966186277763e+00
1.355413315815212183e+00
-9.338478357575474842e-02
-1.095580341233683086e+00
-7.425346641248991020e-01
4.057491770055955405e-01
2.348613233159239089e-01
1.021197399968361230e+00
5.748745402458144138e-01
1.173370716571081829e+00
-1.042050606042291383e+00
2.425134369552988112e-01
8.666394842966183010e-01
9.104430027125773872e-01
6.274675968583147689e-01
4.443182465010844240e-01
9.387035272627488602e-01
-4.269017082356001414e-01
3.402857914996619826e-01
9.232645976401674393e-01
-8.969213807746283518e-01
3.442088700247880606e-01
2.704662615774209300e-01
1.404619963467110599e+00
4.764085242542808185e-01
-1.804388252554078864e-02
-1.049145792936425625e+00
8.568728322403036390e-01
3.258493301673806020e-01
1.167816141736087276e+00
8.824816513607047774e-01
2.723059675726959283e-01
-2.025268645364467490e-01
6.479468908090475487e-01
8.662308590643954531e-01
5.942017849465781598e-01
-3.893862841199497993e-01
2.218029640882336340e-01
-4.822702131231322298e-01
9.227169143429241327e-01
8.549671752815681813e-01
-1.128264973482999145e-01
-5.983189118709821841e-01
-3.678820551361923208e-01
7.620970503754648240e-02
1.413774082615903538e+00
-1.337637669996559975e+00
3.888198243925661268e-02
1.283489296142638736e+00
-5.682978123921145208e-01
-2.260329419162770970e-02
-6.038210794018483707e-01
2.072258076065613408e-01
3.249039381964477502e-01
4.437884109704334779e-01
8.619818864130264213e-01
5.778897408574629191e-02
5.052532494671408969e-01
3.802130129240283152e-02
3.797345550129763159e-01
-1.559363948550627210e-01
-5.418851546860710133e-01
-2.195866415363894597e-01
8.330852045207237655e-01
6.453390011032067441e-02
-5.294449396084381920e-01
4.455068010949552182e-01
-5.258647452917681875e-01
4.854512784872031528e-01
-7.277940812037386742e-01
-1.662950816797636122e+00
-1.995350018100927603e-01
-7.141281560888746993e-01
3.786185353999576009e-01
-4.737094097056411268e-01
1.009843640324425973e-02
-1.067559329820829017e+00
-1.041851174455894924e+00
-1.209445209886732542e+00
3.607782431422861813e-01
-2.566625527664547213e-01
-3.693800955558893540e-01
5.349823884187121514e-01
9.148229606851459028e-01
6.090780410164354786e-01
9.984290445021613003e-01
-5.947628768429324975e-01
8.174513662022218075e-01
-7.943781184667544348e-01
-4.182452793931886736e-01
4.633775571816871608e-01
-5.394374164545432393e-01
7.200465212526183656e-01
2.923081921701461416e-01
-1.597446277409506621e-01
1.582014174836698928e-01
2.649356338411736345e-01
3.296333001317299782e-01
8.379334000799329996e-01
8.416508114911072092e-01
-3.393838083741949063e-01
-1.128959544815359983e+00
2.477538724071961518e-01
2.266433042509766183e-01
-1.360834460343351537e+00
1.432074781140503794e-01
5.222099925803385112e-01
-1.215056104780055213e+00
-4.027353915741528900e-01
1.384523010642736418e-01
5.780556302034538518e-01
4.252298059126141672e-02
-1.074973504121279788e+00
-5.764478565627245699e-02
-9.543263297357600372e-01
7.684943175303169394e-01
3.100692041543705590e-01
-7.662670298873881514e-01
-2.331366511512139583e-02
-1.096210189870399754e+00
1.155627400136031602e+00
3.399887517983961049e-01
6.395929963082602754e-01
-1.024557769755218395e+00
-2.730739938482933948e-01
1.004677529652379775e+00
9.658318134695351720e-01
9.395882338437384629e-01
-8.880242922649848047e-01
-1.699158954208467853e-01
8.619619474721010866e-01
-5.161249636394302787e-01
4.508200443804203927e-01
-7.388556786115585417e-02
5.357565942800870396e-01
6.153614088743397659e-02
-1.596511775909792430e-02
-4.553765284556111070e-01
-7.038156654613583196e-01
2.470310274567940612e-01
-8.926041689085193465e-01
-2.369221133905310417e-01
-9.807114589534313698e-01
-3.624535108222696755e-01
-2.102955880815121081e-01
-7.173478651049242094e-01
1.334767081441599612e-01
1.923107425860499653e-01
-2.599873868396423426e-01
4.273632960953933080e-01
7.933721073877536556e-01
7.085594855061019270e-01
-6.457254474347768891e-01
3.106347980202188719e-01
-3.168854364884143848e-02
-1.097773216606572344e+00
1.049231020684539661e+00
-3.551731427880349679e-01
3.084806534170690950e-01
2.593176247738457896e-01
1.600420800836417135e+00
-6.471570066246175035e-01
3.108151014788537725e-01
8.473398696099354588e-02
-3.499895870564734279e-02
1.051369452026239104e+00
-5.164970659900958161e-02
-2.622431914258252506e-01
-6.398707331289692490e-01
-7.402767039078494982e-02
7.747095822194982606e-01
8.920196469516683546e-01
-7.832407556279380456e-01
