-8.117023508842051704e-01
6.419023162907300240e-01
7.710404183205210593e-01
-1.209821896600387303e+00
6.818076449055222588e-01
1.119298580695239131e+00
4.539966774347115042e-02
-1.406224336610851777e-01
-7.189371240105679739e-02
5.147041031891192997e-01
-4.410650521336992314e-02
-2.783953277426589046e-01
-2.655576076277754716e-02
-8.216132896410377473e-01
-6.010743977795999227e-01
-2.206012705974348953e-01
2.035263195770501410e-01
7.737789892641355749e-01
7.071408560747201033e-01
-1.264256233334713375e+00
-4.068095014654468100e-01
7.337771619017730007e-01
3.175232330183655471e-02
-2.559505181699884613e+00
-9.212004161133824365e-01
1.582139188391945561e-01
6.199781560302861649e-01
8.132351956905685686e-01
6.019658559149174692e-01
-3.544396703792485059e-02
8.933022935534071785e-01
-3.807967286223137293e-01
-1.558928845896295767e-02
-3.440005335803781872e-01
5.747243605442005077e-01
1.379359255561501130e-01
1.250100394717026941e-02
-6.706101574357936634e-01
1.290202919686580518e+00
-1.143122513811413388e+00
2.516537220099074879e-01
9.404759567589699998e-01
2.562461454400015715e-01
-8.102640589865061083e-01
4.481506752143863404e-01
4.192310179173494022e-01
4.642623468002905485e-01
-1.940464778418693470e-01
-2.919168534992976349e-01
7.579977664216897004e-02
-5.413461811457399575e-01
-7.406150177359200892e-01
1.405241001811197821e+00
-8.609963595526451963e-01
-2.156760316077233064e-02
-6.368841356966221667e-01
-4.618742355385579978e-02
-9.574665259246921689e-01
-3.602914047045749912e-01
9.601353404325810859e-01
5.529687821805238102e-01
8.785540449319264589e-01
8.541919834853932691e-01
3.680408193137537087e-01
-6.167100956534514733e-01
1.669732674245938853e+00
6.431847152602487849e-01
3.491598534055442848e-02
4.395098655239675911e-01
-3.564332839871606762e-01
-8.502369937096743158e-02
-5.817510443197906334e-01
5.422060519284926938e-01
6.316333847750530417e-01
-6.351025214983343492e-01
2.127957316740813898e-01
4.261459044522709627e-01
-8.212794648443109136e-01
1.247960146963533301e+00
-4.319954440176596577e-01
8.399686056318192984e-01
-3.776934415462408490e-01
-5.556252126087148913e-01
7.762285556198960101e-01
4.669052877276739233e-01
4.557766265881592060e-01
-4.302607318234540346e-01
1.188262095738313873e+00
5.880583662693936731e-01
-1.260003152992254627e+00
5.497351456099583977e-01
-1.293292461909805735e-01
-2.783459730861467252e-01
5.613800658527832166e-01
1.941298726200344216e-01
1.720250467317930188e+00
-2.421006000881881226e-01
-2.535821881467577033e-01
9.747008184417549348e-01
-4.230880863126259550e-01
6.602902615103541928e-01
-1.933282626697542805e-01
4.141182468692722329e-01
-9.063545291557175698e-01
-3.979861768653982779e-01
-3.099333922982013267e-01
-5.346132691881040344e-01
-6.584844270339371697e-01
4.328240827711825611e-01
-4.393272559944665923e-01
-4.756339035162032713e-01
5.747089392039519407e-01
-5.900970780573486785e-01
7.903241442045390031e-01
5.540151826653365585e-01
9.337481341067546681e-02
-7.213514352201563784e-03
6.574025650581867275e-01
-2.811791244193449502e-01
-5.172597074410665297e-01
3.796008324088481212e-01
7.559937950953785624e-01
-2.770071294086312585e-02
-1.371468646354206733e+00
1.255862871841690875e+00
-6.613385893826092543e-01
-1.044632309279577731e+00
1.112355391562274698e-01
8.793907384259208593e-02
-7.306210439568039394e-02
-3.275618860299074342e-01
-2.986591722025178086e-01
-7.912065960789063657e-02
5.999684468410217963e-01
1.615016629648361457e-01
-2.749220925044350006e-01
-1.476588254586934934e-01
-3.447562762102763800e-01
1.229851430790946276e+00
-1.576296785099811082e-01
-4.039621872632542243e-01
1.042454067008377061e+00
-2.304207718187885057e-01
2.007620504518625448e-01
-1.543490149224835961e-01
4.001492787254807837e-01
6.074515820057586613e-01
-8.098213866674490724e-01
-1.186120687513458893e-02
-5.826471621076360075e-01
-4.035092784381436593e-01
8.860051372641140066e-01
-6.241834491227009618e-01
2.397075240753402392e-01
-1.320330054691316035e-01
-3.330084519645851171e-01
-3.062571282718879462e-01
7.259849016265553789e-01
4.681765086460408232e-01
1.815034745469812916e-01
1.062510602844235708e+00
7.697842039414412030e-01
-2.270062969213837711e-01
-9.283710195471792659e-01
-7.578750917444352364e-01
7.555273328702902802e-01
7.906118666398045391e-01
-3.545636422186785874e-01
3.129445158346146338e-01
8.930556479676015069e-01
7.738876137804051591e-02
2.247743676556000769e-01
4.334348624766743430e-01
-1.236443154624358165e+00
-4.109968495494307206e-01
-1.299926125330054472e+00
1.086836777648766850e+00
-2.411193264871502318e-01
-5.911329415494390727e-01
2.820058102483822271e-01
-6.076422234886844631e-01
-4.730293944172208609e-01
4.115772498187998951e-01
4.013044092865569179e-01
-1.319808260334535133e-01
7.438863739348040571e-01
3.399762635242028486e-01
9.158694771095632348e-01
-9.296275257591596342e-02
-5.044380601967339839e-01
7.455693951842969902e-01
-1.775783903226527405e-01
-7.089621786790779590e-01
8.576829595859039035e-01
1.289949316268683255e+00
3.307001581666815238e-01
-8.390740216741967572e-01
1.161107473631778575e+00
-5.411014823829620735e-01
-1.632812724142443717e+00
-2.919132755896943765e-01
-3.689320630624300934e-01
-1.014586403331972919e+00
-7.083940865377057472e-01
1.516769129995721721e-01
-7.226325385730638651e-01
7.325126665782866198e-01
9.388652285210060677e-01
-7.707186738190195952e-01
7.636760643445827945e-01
6.563191146672596732e-01
-5.338235597447774650e-01
8.251908889362253863e-01
4.507496272892894673e-01
-1.347214111041009077e-02
-5.011192346925607000e-01
-6.646935074663105070e-01
9.180347297603446144e-01
5.962338026832053606e-02
1.241460685440724188e+00
-3.080982336704052860e-01
-1.057384073037618721e+00
1.515948691660806702e-02
-2.462085685482340303e-03
4.454577989769416546e-01
9.786898474233224343e-03
1.037569877640106553e-01
1.714001399696419847e-01
1.448065363589249532e+00
-1.148524682144067111e+00
4.856465531379897671e-01
-5.998720034636768617e-01
1.681480057627405378e+00
3.278265520590255555e-01
-1.037126869261128626e+00
-6.101343561422114536e-01
3.063897797775709808e-01
3.935144520264211576e-01
1.168508150320749062e+00
1.251344379579126809e+00
-9.216383921491444475e-01
-1.397136652724106698e+00
-7.109464250118238127e-01
-6.088442483298122099e-01
4.395295535647778529e-01
-9.019081111860003386e-01
5.475393594560914456e-01
3.210941202233850711e-01
-2.246675956903027571e-01
-1.375936240064470129e+00
-4.686938737189461079e-01
5.143627130297506733e-02
-1.246655686615255387e+00
2.885606862882919010e-01
-1.391904358180653112e-01
-7.364706118235111454e-01
-1.272203426500539525e+00
2.301712701445007281e-01
-3.871470627401133457e-01
-7.452250631519322654e-01
9.609745997303638099e-01
7.761528508725981101e-01
-1.041854488058648665e+00
-1.060885395798775388e+00
-4.314441213944600340e-01
