-6.805907307959908614e-01
6.414067311489330958e-01
7.202298940773672609e-01
-3.003641142152670418e-01
-5.506054855716751018e-01
-1.635483921009607822e-01
2.350499838424732202e-01
-7.326982391572913755e-01
-3.814760499358227364e-01
-4.682805413298830599e-01
-3.182085947587257047e-01
7.145809917347620832e-01
-7.749014925172630353e-01
6.893055075902354556e-01
1.522120030251898903e-01
-7.366696278705886503e-02
1.056249272240773251e+00
-1.240302063173026603e-01
8.536708631968707994e-01
-2.029953706050948714e-01
8.399236022536371582e-01
4.756343379434792573e-01
-2.527080424613585841e-01
-1.228650573688888636e+00
1.811953681302094221e-01
9.600037085823442951e-01
-1.837187349101679246e+00
6.612727056984356588e-01
7.548235950325254962e-01
-8.339107629497725105e-01
3.839367468676870843e-01
7.090226952852882736e-01
5.889354559413693124e-01
1.971899991670320595e-01
-1.332963026145035368e+00
6.719048445243541723e-01
3.709651266766175182e-01
1.343064005037684083e-01
5.638401822782055373e-01
1.250300092386436912e+00
-7.741010372769816517e-01
-8.002713681132010981e-01
3.765527635217473246e-01
-6.290330633712428732e-01
-5.517671693356032137e-01
7.361335865150052671e-01
9.775100041800459660e-01
7.697103239639629946e-02
8.214719389024318641e-01
1.578815009936197500e-01
-5.204519877422437713e-01
3.464148721127903174e-01
-1.383819617189107731e+00
-2.521251881034322073e-01
-1.269356516200248475e-02
5.081978822216554059e-02
8.290946132865359974e-01
2.760959250259465980e-01
-7.538803100524811285e-01
3.544881825810011766e-01
-9.405169948434148885e-01
2.192537120746325119e-01
9.319865145942239915e-01
5.614867297781872546e-01
1.156987502006144863e+00
2.857324439150619177e-01
1.976696919050197065e-02
-1.763704965503333888e+00
-7.757902292296948721e-01
-2.257315523503655719e-01
-7.777991099418033460e-01
7.599603679972176673e-01
-1.015713610036031556e+00
-9.495167075418580183e-01
-4.796427213167892001e-01
-2.693857213735246225e-01
-2.258481094090697416e-01
-1.203251053168147067e+00
1.064502158910415330e-01
-7.980340945138004738e-01
6.937330956855578545e-01
5.205280158847285232e-01
7.010467502900643577e-01
6.822615526902298111e-02
1.154991472471265546e+00
-2.233620608430599841e-01
-4.855745057932328579e-01
8.902530583813146325e-01
8.880442716077822096e-01
-7.940171201089603059e-01
1.252341962226752869e-01
3.392752712896062728e-01
8.668577400851835701e-01
5.189650669221794743e-01
9.281282948896673046e-01
-4.162346395685636025e-01
4.789676525566747278e-01
6.809378463959995242e-01
8.262142334003680366e-01
1.343951497898466574e+00
-6.641984466662183006e-01
3.704920191548323194e-01
6.973327956431574215e-03
2.792190345000681861e-01
6.309945136310473046e-01
-4.177045993588901496e-02
2.467653205577223785e-01
6.744356222368690368e-01
-2.442867441860335220e-01
-4.431989338802939660e-01
-1.015647075528175458e-02
-7.446510519946503148e-01
-6.761477838242481164e-01
-1.057730830929617394e+00
1.675905068518224184e-03
-3.951283919017882784e-01
1.213082124602081313e+00
1.335943955382490889e-01
-8.114468591397416830e-03
-5.117275931923189747e-01
-5.970827187320140172e-01
-1.348373480047603268e-01
2.651924513171859399e-01
8.286814169040304101e-01
-6.478318008515984161e-01
1.819261682833324678e-01
-1.244229778289468458e-01
-2.228408847631674350e-02
-4.682786290067021406e-01
9.773898743123260457e-01
-4.052803843926473526e-01
-2.560866128277525244e-01
-1.470605862287081678e+00
-5.856952707143382453e-01
2.911300693545470497e-01
7.257835198961990475e-01
-4.019316489556389316e-01
-1.138915044294584344e+00
-1.380577241807201094e+00
-5.175594394695843814e-01
1.250132120409868319e+00
-8.933348965555454324e-01
7.340211966382641506e-01
5.276814558683706746e-01
1.541229948058860710e+00
-1.604231996608600497e-01
-1.158253278803689668e+00
2.621676688122203114e-01
7.307479482635117485e-01
6.806495223556670027e-01
4.504025792430585429e-01
6.565127804553367863e-01
-4.040614916282283531e-01
1.441067733878671264e+00
2.032090676041575783e-02
-3.802150960653411516e-01
1.504532311036261172e+00
1.015550967564731177e+00
1.141437826428407298e+00
-6.631475410141352000e-01
-2.299012451356703957e-01
4.270801717870492120e-01
5.647475087717539477e-01
1.149373121807062414e+00
-2.418361703617344927e-01
1.877461770041626288e-01
2.358244261730294000e-01
-1.008265407630902777e+00
1.281355604315533303e-01
-1.176912430818913613e+00
5.741013396096583676e-01
-7.155569195878217492e-01
-5.167610404335605256e-01
-1.107379286377009109e+00
-1.868086015568146685e-01
-3.568367287961073941e-01
-1.326601344082642076e+00
5.116334219096428937e-01
-4.353546757317063309e-01
-4.595767478144228146e-01
1.131750927375014815e-01
-7.396536257416130855e-01
-4.770342954647858180e-01
4.468008228750590671e-01
-5.208011056605845734e-01
-1.061273413525383624e+00
6.554507530077974264e-01
3.853589271329371790e-01
1.189457496912128986e+00
-1.473178563394161311e-01
7.538325165092633062e-01
-6.530942865407454168e-01
6.544407045003036716e-02
2.234920607199556652e+00
5.250816074807479472e-01
5.127257944275903645e-01
-5.774665341277497310e-01
-1.607754343873391556e-01
1.142451897120513760e+00
3.979255690187493144e-01
-5.731648493015752965e-01
-6.838508671802545624e-02
6.330997263327193814e-01
7.868425162604394396e-01
-1.104841922580651836e+00
-3.496547995008861820e-01
-9.557540303967944073e-01
7.170171777601974661e-01
-1.140585275592124415e+00
7.726325204766607557e-01
-2.014689094414328641e-01
-8.477577373693241380e-01
1.454025875160404713e+00
6.190546371314510354e-01
1.228347791089017260e+00
7.671140984884345926e-01
6.543705702966806648e-02
5.751567748484642806e-02
7.688388904550249592e-01
-4.918845942215644418e-01
-7.768073243564428410e-01
9.572209414016858986e-01
-3.681889105836468334e-01
-3.698261985489708081e-01
-1.316415395065822391e+00
-1.033997528275371280e+00
1.324487605030937987e+00
1.116322622188861691e-01
5.287215598127040783e-01
4.338673836976134623e-01
-1.586456164880420738e+00
-9.135876521427093166e-01
1.712352847268987954e+00
5.339698831956454228e-01
3.471187385607649167e-02
2.949405959650698850e-01
1.014415639980654982e+00
-8.627041289899282095e-01
-5.274921642126653154e-01
-6.217948216260481553e-01
-6.583153902361074117e-01
-2.014342247483669190e+00
6.493156643375517234e-01
-1.690789428684525419e-01
-2.303282276028784104e-01
4.711694415997396135e-01
1.459280412012420314e-02
3.115900811623305566e-01
6.639907790929828746e-01
-2.461177267994048012e-01
5.530234841716725747e-01
-4.803266328104265903e-01
1.995400057426139351e-01
-7.157856428782831681e-01
-6.201426455504901458e-01
-3.666177424048373545e-01
-2.040006626514598298e-01
2.713989761928978783e-01
5.248436939670408918e-01
5.407808334619803592e-01
8.112352788751775456e-02
-4.504907981093422831e-01
1.144297062489977979e+00
-1.164625226560997984e-01
-9.421052851538119777e-02
