5.375310534279934549e-01
-1.063971560612960054e+00
-2.474962872142905113e-01
6.628843363068078753e-01
7.702176850641104799e-01
-6.728874663154689184e-01
6.709274707070664867e-01
6.270470506603132987e-01
-1.130813411464994256e-01
2.350482922882518588e-01
3.004392088313593279e-01
5.908441152036429944e-01
7.618661600438889625e-01
1.190768813445782559e+00
-4.591756640201898887e-01
-9.050169047730429739e-01
6.322543458591238785e-01
-9.511624886594116646e-02
-7.327835463531973126e-01
-6.660778962882825116e-01
6.818959991340081128e-01
7.850304905973062852e-02
8.838039785630835699e-01
-1.021510959806920110e-01
3.138456851085225097e-02
-1.038109677272754938e+00
3.076387977441608079e-02
1.126705120615856481e+00
5.535925741972144154e-01
-5.102394126900497984e-01
2.967934218960022186e-03
-2.472598941293029928e-01
5.369263669345212264e-01
1.113982159823557749e+00
-3.408169663664037952e-01
2.111697216407886768e-01
-4.257176248857066359e-01
-3.346660153439247332e-02
-3.321397258659671836e-01
-3.562509326631135842e-01
1.845235051579509622e-01
-3.303218049452615879e-01
-8.478067024833267906e-01
1.362713517283659637e-01
-1.274124325114900924e-01
1.053032765487316169e+00
-4.467862507289087626e-01
7.233020802737190058e-01
-4.084575475579946269e-02
-3.676980656380550716e-01
-6.072218014926182850e-01
5.971415739493887154e-01
-3.772040016642530524e-02
1.368575600525536284e+00
-5.858375881961906950e-01
8.918717568566164600e-01
-1.454578542525222506e-01
1.427191914146135332e-01
-1.184738700842622450e-01
-6.101280186713964326e-01
-4.721808663797161243e-01
-1.922752765615774351e+00
-1.503580970485610679e-01
-7.205877231829618257e-01
-8.952933656795361017e-01
4.195459713403516533e-01
-9.546647630796760708e-01
-1.286174325975022681e+00
-9.240071174361476070e-01
-7.928121998720910613e-01
7.453451659222731784e-01
7.800739232996263262e-01
-1.288955870743826893e+00
3.755481051665467973e-01
4.046995882136528166e-01
-2.827177010214605990e-01
1.339483948415413961e+00
9.823120957084570115e-01
9.553833984691562087e-03
-7.037811282163676241e-01
1.262654415066200020e-02
8.019252267952886593e-02
1.579890163869542286e-01
-3.677328899600833534e-01
-8.918546503761899391e-01
7.475237847568292349e-01
-5.131310353576683525e-01
-2.214555510792963755e-01
4.547642817109234237e-01
3.045329650883553674e-01
-4.940374476359626899e-02
5.644227926740577050e-01
5.085783272297503821e-01
-3.926818314618054639e-01
2.171719671658102202e-01
9.591742150767398334e-01
4.681731816627386911e-01
7.486232503911873781e-01
-1.504865243405294706e+00
9.698915847347606700e-01
-9.142784818820213211e-01
-6.909806481089558750e-02
2.376888435359109097e-02
-7.001509683380447990e-01
1.252644466940842527e+00
8.885918839104227640e-01
7.036607036524706871e-01
-9.018268897940595608e-01
-1.212039805714010265e+00
-2.711669319127259503e-01
-7.066653259807705867e-01
-8.767659108593062189e-02
7.555306199929507915e-01
-5.521050554023089196e-01
-1.310710736700670953e+00
-2.377774873303667436e-02
3.682133846470018734e-01
-5.637667965819925797e-01
-5.741373273122136744e-01
7.429799855156935529e-01
-7.488205956823992260e-01
6.496180060390016608e-02
-3.568634176160696003e-01
-1.080941658338090000e-01
-1.784422856156488713e-01
5.471965249064598968e-02
5.160104142049112275e-01
-1.387848814974279144e+00
1.396968129256410673e-01
-7.808383548846890010e-01
-5.204490107338037852e-01
1.042144796561548903e+00
-4.234183281596270998e-01
5.412547910276774843e-01
9.364207797959809287e-01
7.235257160101761231e-01
2.066839925530555289e-01
1.556647513733451671e+00
9.841237675805281082e-01
8.933942103276593105e-01
-3.970132982396616939e-01
-3.627735626070430763e-01
-6.264297013018829130e-01
-1.210439623930564146e+00
5.542070011885986691e-01
4.045087133192544204e-01
1.707398631982104953e-01
-5.868146455237864823e-01
-2.952455558126775292e-01
1.142787790964189920e+00
1.619138760598397342e+00
-9.262027944817859959e-01
-1.022253555737633990e+00
5.747767146138982319e-01
7.770123622436719835e-01
-8.291183229964372847e-01
-4.583687288630133305e-01
9.016339190083340061e-01
-3.068471304562937485e-01
3.959680962653912006e-01
1.937122094585809196e-01
-1.207496825259581907e-01
5.242573887600523452e-01
-8.917243081384129688e-02
-4.843126316927597319e-01
6.045809071198062767e-01
-2.830123720863785275e-01
1.870031812918400427e-02
-1.051621988245314832e-01
-3.421001741669872920e-01
-9.757610573808663812e-01
4.001386826410299746e-01
-6.054178145415041179e-01
-1.157458212047034474e-01
-5.649809917236485735e-01
-1.276478013348284757e-01
-2.252506668965411629e-01
-3.627938275050044403e-01
2.499956712047290974e-01
1.413491551497584098e+00
4.992894236638043548e-01
-8.861947207159309725e-01
9.081667139888720541e-01
-9.897246386066780310e-01
2.801061171605733202e-01
-1.339357910836258547e-01
-7.572691498417700728e-01
-3.374222752515645407e-01
-6.693194925998054989e-01
4.083032259675547504e-01
-4.197274953185082813e-01
-5.947137303601088831e-01
-1.234347699117990249e+00
-4.286923819886048204e-01
1.138134307739503637e+00
-2.371088321045591862e-01
-2.261428054839056401e-01
-1.994239635094657626e+00
-1.371475166623011166e+00
2.736967334407228725e-01
-1.131419225584550659e-01
-3.562247800869691172e-01
2.745941652934210109e-01
-8.995890793009156949e-01
-4.952742773321860970e-03
-1.464183797247778918e-01
-2.475781466195604297e-01
-6.849063312241041590e-01
2.032205105854484328e-02
4.159450863071623150e-01
-4.144800854664181244e-01
-4.629290254127347293e-01
-2.170675260295895637e-01
8.509607782452806024e-01
2.758632502066020176e-01
1.192814892631485879e+00
7.808376710512615615e-02
-2.348713753757250555e-01
-7.350043422839330765e-01
-8.167280739404703116e-01
1.513269809321557968e-01
-1.780835927502740779e+00
4.584119621384152854e-01
-2.951721466471139976e-01
-1.731791664588637203e-01
1.380234254595878729e-01
-4.983293608514145767e-02
8.259463312593580131e-01
6.273109943959431778e-01
-3.617144615023311638e-01
4.993099042111949215e-01
-1.012506037431979422e+00
-1.044383994452065201e+00
4.052539329788538147e-01
-5.501945309545818175e-01
6.426366738972643100e-01
9.639930174506023963e-01
-6.325039833098118347e-01
-2.159158010802430527e-01
1.657038522067191266e-01
-9.586561771567289059e-01
3.139419352007911113e-01
4.610838709011622072e-01
2.602150671033240381e-01
-6.396327848051913678e-02
4.339871350704876396e-01
-7.691090501810036173e-01
1.235655296541144921e+00
-3.669690056799110867e-01
-3.172333116633881955e-01
2.578369264229358748e-01
-3.738741574834549275e-01
1.445083428625330291e-01
-2.390946099598278973e-04
-5.789466348723328881e-01
5.338645500396992372e-01
8.736944619791536804e-01
2.728274494087503665e-01
4.139873059285343326e-01
7.409703183966409590e-01
-5.785562556775298848e-01
7.924129778802415647e-01
7.521040565866010663e-01
1.147641089751638976e-01
-2.288936986024265874e-01
