-8.873323454752693462e-02
3.835748368429581223e-01
-1.019361873779753624e+00
3.981231008476416311e-01
6.643817043527601163e-01
-2.627599761532208311e-01
1.328386116927723570e+00
1.045743177139133007e+00
1.401416413846230669e-01
4.947873835447581525e-01
8.171583082795000341e-02
-8.234061172869993062e-01
-2.098863696989191618e-01
1.447746573037622220e+00
-8.606282511175150640e-01
-1.979051040754235546e-01
-5.785576794555401525e-01
-4.068906460495114175e-01
-6.069726795794566643e-01
-1.790763623174937980e-01
-3.458356762812266338e-01
6.188796409061547710e-01
1.167041982534476052e-01
1.315588210337809427e-01
-7.183025356165515518e-01
-3.878666028126458443e-01
2.041555479739766366e+00
-2.415803195809725357e-01
-6.731525063327814529e-01
-8.957888838168515111e-01
-3.138050317290075886e-01
2.973153064223907904e-01
1.020549537783321359e+00
-1.673225756083083215e-01
-5.410152879546075155e-01
8.347246812387821846e-01
4.669474132626688090e-01
-1.640431245379170011e-01
-1.548390853507502607e+00
8.005245708010610972e-01
-2.781009535833966484e-01
-3.653421675381413047e-01
1.025302862573975737e+00
-7.910806049048110800e-02
1.432835724859341520e-01
5.579282332218279961e-02
-1.056191852819326205e-01
1.652667097928495421e+00
6.013285835271600099e-01
2.735151029492767227e-01
-2.352017198755699035e+00
-4.070162786018328704e-01
7.111923536378488286e-01
1.172189276086347265e+00
5.196997164571659500e-01
-6.871288460888778094e-01
-5.776625541172658584e-02
8.098217391114110875e-01
2.116248826798200477e-01
-1.498455990610614519e+00
-7.919311399238904148e-01
5.977990046496843846e-01
-1.061481796542215417e+00
-5.594726104746479134e-01
-3.930884267430252987e-01
5.928248017482662391e-02
-6.285475612510036392e-01
3.171564945303523286e-02
-1.150311382027147999e+00
6.887925296860089031e-01
-1.319796104660051039e+00
-1.599816075599324039e-01
2.604084482960176139e-01
5.286946154243344909e-01
5.239847289930219532e-01
6.002140876012695969e-02
-4.903993396674051208e-01
-4.834988424464773393e-01
9.819349832833627056e-01
4.015425251479555202e-01
-7.883377328664664674e-01
6.273309107304478882e-01
-3.703268794183384172e-01
3.998308530006361439e-01
-4.693985435210781265e-01
-4.223837765848842407e-01
-1.042998928225453925e+00
6.396564925152696812e-01
-5.087653221377885782e-01
1.405507907646417198e+00
9.196706274164097028e-01
1.214165515443812682e+00
5.943522002691495887e-01
9.258387609444207467e-02
-4.948107178002103534e-02
-5.430703119108631904e-02
-1.352966414506278747e+00
-2.893663466383676885e-01
-3.532418857923768085e-01
-1.044870643566420343e+00
-3.574947731421205255e-01
2.678137108442695258e-01
8.907373229591029062e-01
-6.171172693755291871e-02
-6.200269848134357664e-01
1.017147044762006125e+00
7.151042005819615577e-01
-5.825520155052716920e-01
-4.432775038132792389e-01
3.435146058085291054e-01
-4.650635984619772012e-02
-1.478301304395083893e+00
6.836987060358635793e-01
4.769040785376615910e-02
-1.091399845878989472e-01
8.524062541693996353e-01
1.202959412522857985e+00
8.315374800166179803e-01
5.251052701417857627e-01
-3.325741189937673759e-01
-2.733631246646283097e-01
1.602403307434074886e-02
8.304049712860828159e-01
-1.184783948093937944e+00
-5.562792260790836441e-01
1.563401980149515258e-01
-5.386048330336983270e-01
6.328112733884621033e-01
-5.003575474663640721e-01
1.075729058410723304e+00
1.083734678941068175e-01
-8.518021505461964571e-02
-7.558548265102452701e-01
6.653671456910035253e-01
-5.959198567932466606e-02
-1.473480648829816664e+00
1.665459201552597635e-01
-4.119201512630155104e-01
-2.068977533803710855e-01
1.812627634639751295e-01
2.362364315445762142e-01
3.977520507440782116e-01
-5.756734256188716925e-02
1.596351449086373941e-01
-1.363910010400450457e+00
-5.498134642050095389e-02
-5.554454130888104579e-01
1.460069263077376500e-02
-1.524724318264952805e-02
7.967697089043492831e-01
5.579561258913048327e-01
8.036092129674756723e-01
7.092625124969562656e-01
-4.864007246955224240e-01
1.603967980722187159e+00
-1.619290960398565848e-01
1.933778143938392480e-01
-1.916416453675222342e-01
1.099561784827005839e+00
-8.146048711995129699e-02
-6.412024563273017730e-01
8.208740376984497988e-01
3.451975706583743086e-02
-5.037057078907682950e-01
-2.672196570909656232e-01
2.493214700140902740e-01
-5.898613717141595325e-01
2.576753602984160896e-01
9.338411269843641671e-01
-2.703818438696322657e-01
7.498436667068658634e-01
-7.734098844074319135e-02
-7.518359604175318678e-01
-5.978283429277051475e-01
1.180639132978768213e+00
-7.980842625394368728e-01
3.310697077545831091e-01
7.172053858967752937e-01
4.519790080317018788e-01
1.136585689031719859e+00
7.643182216285897557e-01
-1.172765217167239582e+00
5.387605632794618682e-01
-2.193255811159557922e-01
-1.639272762068987532e+00
3.677738452977081796e-01
6.490275162206299298e-01
-1.594331413279531096e-01
-6.484715144515945662e-02
-6.608853390734228395e-01
-8.083399805234910973e-01
-1.282933434403373540e-01
-7.274454923977754506e-01
-3.853288412366073779e-01
6.582656540911415721e-01
-6.923987122773260783e-01
-3.293239843723739790e-01
-1.022424823104226554e+00
1.039222237754582112e+00
-6.216061178357361605e-01
9.045768123758372026e-01
5.311467292486116154e-01
8.085776799617795385e-01
-3.368372352531131542e-01
-5.705136228157688949e-01
-8.675636753702449244e-01
1.763441311048203231e+00
7.374576819088400903e-01
1.378315074249048811e-01
9.268605336717528065e-01
-1.328319967960212455e+00
-9.406604557231137420e-01
2.194557477083505237e-01
8.461172501789231415e-01
3.423759540347102170e-01
-9.926925773642366613e-01
-7.798328809369604597e-01
6.346975902603064768e-01
1.164433091200939518e+00
3.322915082613841498e-01
-5.254497595907304808e-01
3.499347808919192615e-01
1.364180952642826128e-01
5.701292363382425288e-01
1.336549033271377418e+00
-1.412277815976228146e+00
7.661814021863968538e-01
6.853840997869139473e-01
-2.179051549064212612e-01
9.410582368004898335e-01
4.754267931940839853e-01
-3.207691133293298913e-01
1.621002941247947859e+00
8.128860653336019704e-01
-1.301148376842937715e+00
5.373427457698189968e-01
-1.207327347473689416e+00
-6.184683814084386277e-01
3.111983612715643055e-01
-1.717045701610865338e-01
-6.601122446289525714e-01
4.970826531221175792e-01
5.311519071326358254e-01
3.670739927570849659e-01
2.499817043937797023e-01
-2.240889989271035165e-01
1.455415758671122939e+00
7.964217003038978615e-02
-1.214104667593015052e-01
5.155759355280740142e-01
-4.178278576175055159e-01
-1.290367563416044305e+00
4.435064686443627724e-01
8.038980796240806637e-01
-7.194610409459367695e-01
3.444135426130920941e-01
-1.268677970043726067e+00
7.383039655993932637e-01
9.228367766209836232e-01
-1.522749083523929903e-01
-5.158222281142201826e-01
7.978562070968457931e-01
1.689939628541709538e-01
-5.110561532705672205e-02
3.647681661090709238e-01
