-3.714404674463943623e-01
7.918992455260073227e-01
2.846772538503316574e-01
2.620680620185645293e-01
-6.680282520748760389e-01
-4.738565999020730724e-01
2.242501110654600560e-01
1.709904594794445787e+00
-1.151818931798480050e-01
-2.787267858226871731e-02
-2.928885204437536860e-01
-8.363348574007325453e-01
1.248363284922848537e+00
9.746669327433421515e-02
-2.379177302712445763e-01
-1.891999528991920476e+00
-4.972012969910217239e-01
9.201029091269531390e-01
-8.767850625519677532e-01
4.095603154669797963e-01
1.806444901925238433e+00
6.294852256818931346e-01
-7.014961063645934747e-01
6.022541969833582476e-01
7.862964858123118184e-01
1.852047719842482065e+00
-1.433159101408059133e+00
3.857431888217022209e-01
3.295685877818477216e-01
-5.399375835618301922e-01
-4.111823274711791099e-01
1.661947706629340660e+00
-3.210282901686542512e-01
-9.233851746073252764e-01
1.098416962648554263e+00
3.834349813307579291e-01
-2.554076253930452900e-01
-5.047081642365668364e-01
-2.251657028180042985e+00
-1.085564496104813426e+00
-1.735794788112463349e+00
-1.137284737027811077e-01
-1.037828576078247300e+00
-1.774903048319411702e-01
-1.443059328848624201e+00
4.740767023783742928e-01
-5.760517065464278996e-01
-1.977487722042621243e-01
-4.151067411896006698e-01
-5.037252641594158753e-01
-2.210745644654205089e-02
1.100897882116790738e+00
-4.038646537606516707e-01
7.233116629051317137e-01
-2.403137541132633892e-01
-1.618620169614312987e+00
9.739726457160328144e-01
7.040229540799205488e-01
-4.666096091247812772e-01
1.950159967218227930e+00
-4.972542633572039072e-01
-1.626307364715359194e+00
4.695175281515019394e-01
-9.906126236391770146e-01
1.108952129414452425e+00
2.179237246640477910e+00
-7.489517143888057005e-01
1.225488802868368587e+00
2.469841095780306306e-01
5.281221254361019302e-01
4.352503678182578772e-01
-8.746021380518166355e-01
-7.203954276864014128e-01
9.554366977857494669e-01
-7.413014544012053175e-01
-1.610832862705038337e+00
-2.640580008842108306e-01
1.817803983293606596e+00
-1.310052905736392770e+00
-6.030061745322998767e-01
4.409095289529224582e-02
2.660752464014618512e-01
6.050936661360334368e-02
-4.288432023549217931e-01
2.062474875633907967e+00
-3.342357635117551573e-01
-3.368540947108741301e-01
-7.518743270466854423e-01
2.045404592720219572e+00
5.114798313383277506e-01
1.112871836640556555e+00
7.572663197837997684e-01
-3.272740693398075162e-01
9.379217374322050826e-01
-9.389916570710872268e-01
8.678491465099280600e-01
7.647276940482811147e-01
7.873156977620371366e-02
-7.067275339673650958e-01
4.757177792496352642e-01
7.940257010105453706e-01
6.051662985600569922e-01
-1.911003198718904450e+00
-1.690028512960855656e+00
8.968583901578544015e-01
1.487681944208780194e-01
1.339912644568582056e+00
-1.373248642504381500e+00
-1.124979706256389544e+00
-2.411867821690374947e-01
-9.665792391879740597e-02
-3.169165412405373083e-01
1.341151565383916777e+00
-3.948555472459765459e-01
1.782222270925911456e+00
3.698863142311463736e-01
6.575806037042346563e-01
-1.327278195134005578e+00
-1.134267072521333852e-01
8.816601731325646174e-02
3.987472116731035632e-01
9.563113719065735596e-02
5.404644945294473368e-02
-6.774183069921119182e-02
-4.241305258734156536e-01
-8.668896925111424512e-02
-1.007607299895743935e+00
-6.022726541004361778e-01
-3.119217255667658395e-01
7.057673108327774392e-01
1.277492787021292098e-01
7.010747378067672120e-02
-2.915339295647750850e-01
-5.403720184335738530e-01
1.204849140018375397e+00
2.037465393560206062e-02
7.654533179021352218e-01
7.305050833317547898e-01
-1.198808994643665859e-01
-1.212785004671562694e+00
2.068237747297931861e-01
-1.225249818283782544e+00
2.959858486143541523e+00
9.459407203813283704e-01
2.458221114351535896e-01
-1.326237531447458928e-01
-5.859238070154987321e-01
-6.870715000210296797e-01
8.731615758957765872e-01
3.324876089611207286e-01
3.114411333989409170e-01
-8.920293349934902416e-01
4.010581478545011125e-02
-6.142335376800354130e-01
-1.827166233569634812e-01
1.248998440971414325e+00
-1.357488236825829531e-01
6.052492494741239515e-01
1.199294520184431834e-01
1.199658131222946178e+00
1.304843171809375035e-01
-1.078838177269056064e+00
-2.332751495740812975e-01
-1.047286179146305951e+00
-6.413529892674907362e-02
1.552903974863574010e+00
-1.604301200184179654e+00
1.988785882712116315e-01
5.874937579152625933e-01
1.458372147326997048e+00
-1.074684929714606829e+00
-7.568905606388385277e-01
-8.841915566045682739e-02
5.152404991372383503e-02
-2.714248463979357373e-03
1.917948951897390675e+00
3.787130477918132510e-02
-1.416795770985662895e+00
1.271992806242097651e-01
9.717484560692928319e-01
-3.566518221470150740e-01
-3.608176117712675324e-01
-4.927458648415711240e-02
1.933468044674928388e+00
2.196130226735172553e+00
7.281768320395558547e-01
-9.274014809773043488e-01
8.109061394181710236e-02
5.879437590846405826e-01
-3.593406492315201484e-01
7.193590521861259468e-02
-2.094545326289855014e-01
2.050796436718424154e+00
-2.191121747875941494e-01
-9.704827716423213291e-01
-1.125529361439080445e-01
-7.589924922567556909e-01
2.203877634533651375e-01
-4.411649811006841393e-01
-5.434830410129689593e-01
2.491280071192354950e-01
-2.037523540243050491e+00
4.742066237308396603e-01
-7.360160359021951093e-01
-4.837736214517445177e-01
4.895069965093672426e-01
4.586140184685484344e-01
4.382507651343965360e-01
7.209669083358170028e-01
1.496144620484912702e-01
-8.400208985589011634e-01
-2.330563842355787285e-01
7.412696574819371831e-02
1.224077513619603153e+00
1.419335218856927483e+00
-7.953190083629294582e-01
-2.859408948577689680e-01
1.329755395018804798e+00
1.031594027175885220e+00
-1.554287084957210130e+00
-2.814525709133564035e-02
-3.390585999689858521e-01
1.398594963761586429e+00
-2.692771890858758344e-03
-7.558847768700319714e-01
-1.512505405729411834e-01
-7.317226367454465752e-01
1.307125892704900760e+00
2.101822080462112385e-02
7.209601831828519325e-01
-1.553069735282865071e+00
6.929853827508850594e-01
3.473584972275081117e-01
1.642004075774767369e+00
-1.214209192867132581e+00
-8.206922462811561125e-01
1.397611410005542343e+00
1.131436403212374930e+00
-9.502950673474995780e-01
2.142526122072545558e-01
-2.340882934085362077e-01
-5.003647008270806218e-02
8.398080905958527076e-01
9.773524491920375645e-01
2.303133641888185368e-01
7.356913620446827728e-01
1.275821241659526040e-01
-1.898090626142446613e+00
6.182260984039589236e-01
4.965230664049501419e-01
-4.992920495220390942e-01
-8.957150874089518933e-01
-1.315585403484184734e+00
2.146822697497080545e-01
-9.153648352449048620e-01
6.298086995915599395e-01
-4.423548231272860232e-01
-2.175902721344174395e+00
3.403593274128723367e-01
-7.482152058872182376e-02
-1.260709596506118579e+00
-2.289486360991919711e-01
1.247791958482194818e+00
8.520069053541479143e-01
-2.915968783912348261e-01
