5.891797986496563055e-01
1.034466115647602047e-01
2.865713619560715242e-01
-6.594845501795709719e-01
7.680042674941255365e-01
1.417269013136581490e+00
-7.039420976786836537e-02
2.892227911614781433e-01
4.736834884543841273e-01
9.292379075972218017e-01
-9.020739901911550840e-02
6.261619939508300536e-01
2.774899076905635309e-01
-1.033533859992478376e+00
-2.631722903049960038e-02
-4.436030405009966371e-01
6.739481129718932761e-02
-2.654627171198517543e-01
-3.930063981248906324e-01
3.062102508194166073e-01
-1.713355511296561495e+00
4.628041630865141198e-01
1.455799494303058883e-01
-2.643155014497859390e-01
7.550303072860405917e-01
1.339066877784089171e-01
9.109889122831029695e-01
-1.886175934320902803e-01
6.876272977287829491e-01
-6.505619096593785455e-01
5.150932888730006542e-01
-2.697624421684147178e-02
-6.449346741021172447e-02
3.742982319160824689e-01
1.092151381149182754e+00
-6.071801202060129743e-01
4.572665296303957128e-01
-1.484363112082222491e+00
-8.965343979848452438e-01
3.475457437489404833e-01
1.212691944786149723e+00
-1.899601364845237561e-01
1.988402861838755586e-01
8.563280442221075095e-01
3.643592989788934089e-01
-3.203789329155394272e-01
-1.420096299600022594e+00
-4.231013785218154521e-01
-1.600099016425520770e-01
3.236656520574683893e-01
1.743340863800450169e+00
1.173803305268065200e+00
-2.329090002599927822e-01
-4.043805125381110255e-01
-3.139219554734574702e-01
1.602395466420530656e+00
5.511222893229754671e-01
4.044696256122739531e-01
-2.333075036980624128e-01
-2.372005391409692798e-01
1.885298892313629904e-01
1.451008208802712973e+00
-2.288234940914358084e+00
-3.226390764408353373e-01
4.121771675898818765e-01
9.248120609467356257e-01
1.270523422581021911e-01
7.037033115465433086e-01
-9.524003812943832026e-01
1.157548415101120054e-01
4.704886197125071612e-01
1.104775828592042597e+00
-8.061572414768896078e-01
-9.591222223961408666e-01
-1.247528435895102872e+00
-1.120339764892937851e+00
5.473965695473651527e-01
-3.573719913546543614e-01
1.476861997062474785e+00
-1.437624423832934095e+00
-1.637206074133747968e-01
-1.051118955191976845e+00
-1.215725101296515565e+00
2.760062880568014965e-03
-9.727666536967218835e-01
-2.795534801430596406e-01
1.485518054040803726e+00
1.077577158682383018e+00
1.558945693522826748e+00
7.366435732246550128e-01
-4.313838426324425601e-01
-1.131885222933503909e+00
1.109986331829823980e+00
-1.628746298047511476e-01
2.294936179099351214e+00
1.101303899083556193e+00
-4.899696916895621701e-01
7.827791206511139910e-01
-2.565072538801057345e+00
-2.221136271701480980e-01
2.139303393985305113e-01
-2.070201876140652431e+00
-6.414252914825879781e-02
7.469974638375292963e-01
2.171409550661084209e-01
7.625032390288932760e-01
-8.028201788878752687e-01
1.912087809318303577e-01
6.812248028125493793e-01
-6.799194385405042951e-01
3.487099022163206996e-01
4.392279611971097175e-01
-2.021457342016734327e+00
2.476335175699238000e+00
2.046774673524232591e-01
6.339617748265120589e-01
2.977936226205789016e-01
1.246381564480306681e-01
-7.924303394080467466e-01
4.025022601337204242e-01
-6.494785695014450022e-01
-9.040276084126759315e-01
1.151000784811913258e+00
6.492983436171018141e-01
-7.743880706112027390e-01
-1.960285091705271876e+00
-5.262527229593549905e-01
1.136099165539231626e+00
7.172910411215003279e-01
-8.088828972966863873e-01
-6.418797522453785209e-01
3.362437564018224689e-01
3.171270838012200666e-01
3.071865531302533370e-01
1.981575847872522722e+00
-6.647151157114838949e-01
-2.794058203834640652e-01
7.116913000824446334e-01
-1.137950895087850745e+00
-7.575802635701626153e-01
-1.202484863053578490e+00
1.082512976802715521e+00
-6.079381595155955997e-01
-1.794732551877817883e-01
-5.308274987732528594e-01
-4.250362787916489027e-01
-1.040603013726334458e-01
-4.877542663920111932e-01
1.326608980237862667e+00
8.596859040635322913e-01
-2.129968255584134273e-01
1.204170344308822749e+00
8.517697460357063211e-01
-1.381434129980168457e+00
-9.120193048361435739e-01
-1.786799758890770473e+00
-2.283244912479495681e-01
-1.827503524555018632e+00
1.211654507277022397e+00
1.006136890889355762e+00
-5.164947027084021425e-01
-4.426695910838915893e-01
6.724252215082935358e-01
-1.002625667124633857e+00
1.520051305008689901e+00
-8.606712972347457802e-02
-1.435636070153757937e-01
-1.079989686508467273e+00
9.865718139370441842e-01
1.742714239619056471e-01
6.154856904475684010e-01
2.726947723157019943e-01
-1.505079746209774250e+00
-5.102924313978403070e-01
7.804592903309663932e-01
4.005064358319204154e-01
-8.682778553603163196e-01
-8.127760352521163911e-01
1.587336282358784656e+00
-8.145160481619058146e-01
-7.371655931656556637e-02
-1.237024566806237402e+00
5.509463502094702481e-01
5.292483910497456367e-01
-2.452257918911903700e-01
9.517029125671763179e-01
-8.245828142194213672e-01
6.030117182610463811e-01
-1.908708949465298677e+00
2.046789610311470220e-01
3.466684072606690536e-01
-8.354756903575276672e-01
-4.651221641725060696e-01
-8.099935598783265522e-01
1.463629420822215810e+00
8.065108854337406097e-01
5.086688170089185279e-01
2.528724574246931645e-01
-1.431601031550853609e+00
6.324237038916660225e-01
4.453179343626886277e-01
-2.939702028928597777e+00
8.324965834214055338e-01
1.727888605946192868e-02
-1.696334229736268795e-01
-2.728899057518300308e-01
2.268947412174724843e+00
1.213770673395827338e+00
-3.426737273415086937e-01
-1.433060214483261041e-01
-1.558611280043124214e+00
9.983920584194697634e-01
1.110770077462992056e+00
1.048144888275411635e+00
7.328464537713812454e-01
-7.055351621024237296e-01
-1.441466399255082909e+00
4.235945057925526447e-01
1.802955547063321839e+00
7.072116846580085436e-01
-5.698038877540607672e-01
-1.537219596957619450e+00
9.965906768025466489e-01
3.213156802065586515e-02
-3.479538060285631840e-01
7.175116523249815970e-01
-1.616157885635195690e+00
-2.988857904439748414e-01
2.155243050947866390e+00
4.843588289465503571e-01
-8.731572102714002526e-02
2.138066346145905960e-02
5.696963827301905203e-01
5.651857724052603560e-01
-1.751820412623290579e+00
-1.254203136504070226e+00
-1.654588441890615380e-01
-1.263855036831355583e-01
7.604105302914989650e-01
-1.591896429522276613e+00
-6.020198141869517183e-01
-1.185952015971137308e-01
1.388468939983225514e+00
9.641100911819787678e-01
7.468946220216702292e-01
6.071212163811545715e-01
-2.832535962562995335e-01
1.115673728415942811e+00
8.957843278723325309e-01
1.068052152438087599e-01
-4.059158007984633443e-01
-5.086225220355300447e-02
7.540717899998437002e-01
-8.460385824147564904e-02
1.362408897387519247e+00
-1.004691963756902506e+00
1.885403561781830328e+00
-9.564952381646804058e-01
3.461737685624605709e-01
5.252647774809466874e-01
-2.427990520241559924e+00
-6.726145695412870662e-01
-9.939178428845393265e-01
3.465321350314726212e-02
5.958689341810925466e-01
