9.166660812814606540e-01
9.865358848221056354e-02
5.884926579103433308e-01
-4.001643884819128805e-01
1.343591771158736126e-01
-9.599538269376580724e-01
1.225083704722869093e-01
9.929683620002172084e-01
-3.800574683199979265e-01
-4.476098958279352558e-01
4.229887299141405488e-01
-3.834825251880857877e-01
-9.176129337615807069e-02
-8.242489214530572816e-01
-1.400514882457676968e+00
1.221518055724328589e+00
-9.498882407114417337e-02
-5.404805360856250740e-01
-8.119032925914981824e-03
-3.543034852604280971e-01
-5.817930368051760226e-02
-1.250686888170517319e+00
-8.621673120125961098e-02
-7.591010120140267992e-01
1.015228063539259651e-01
9.259218210375358415e-01
-1.150863843322128321e+00
6.050302973330675682e-01
9.696043730633032709e-01
3.510278306958817818e-01
-6.924920568487360484e-01
6.578751547294928725e-01
7.866783803109456130e-01
-9.878645747667103016e-01
5.876005564093086386e-01
-5.145577064251569688e-01
-2.195277641961489445e-01
3.021740202671741038e-02
1.828114220147221136e-01
-7.044029447534685406e-01
-8.766094152252630334e-01
-1.749294017797892176e-01
2.039600032967095466e-01
-1.067006951420054417e+00
-1.358409655753387124e+00
-8.517825100697096197e-02
-4.643504185584723665e-02
1.549330481131301562e+00
2.977724468344408737e-01
-6.063270381995699010e-01
-6.802964533878010922e-01
4.214413005813277824e-01
-9.718851835054352906e-01
1.160585789260556666e+00
-4.533041994715741874e-01
-1.624831179684285143e-01
6.839844319634771352e-01
-4.319217872999183694e-01
5.802018007078877382e-01
-9.285389912636758947e-01
1.014467149493787135e+00
-1.155919068695031582e-01
9.418583867485003092e-02
-7.667623069953031223e-01
4.017220860950539429e-01
-7.601133609306103267e-01
1.116203892751126414e+00
-3.096446200407161897e-01
9.132240240265403486e-01
-1.906929557727015667e-01
-4.420354828407184189e-01
-3.274276384705695486e-01
4.466589015451136735e-01
-6.296373326074938825e-02
1.259883435142453045e+00
7.944653221806730059e-01
1.539487337262432920e-01
-6.059920136940069035e-01
-1.674470528334652819e-01
1.359750646017396036e+00
-5.413127311576690914e-01
-6.326986007493539121e-01
7.222844498931675350e-01
-8.085199187277269939e-01
-8.391703181149735569e-01
8.894726897993803227e-01
4.501357821819942373e-01
3.063348517224040446e-01
6.736217625991102187e-01
-7.048637351991084987e-01
-9.491163386301736393e-01
-4.534032450591887198e-01
-7.954101975145165815e-01
2.261400336866603578e-01
-6.169614055060146374e-01
-4.921224847224497934e-01
9.397996259951622022e-01
2.220935337719300295e-01
-4.296408470567794069e-01
7.217927277729340174e-01
-7.490070083587405669e-01
7.115388572389120814e-01
-4.960577776849781628e-01
-5.141036706513788523e-01
-4.771020492161903714e-01
-3.362924818694597029e-01
1.033272309148298151e-01
1.076005955944614900e+00
1.812644484090679686e-01
1.023292620403443598e+00
-1.043430829344604183e+00
1.063489688341538342e+00
7.805193546148198047e-02
-1.299990198746609149e+00
4.096016082757151233e-01
-2.256813448702498226e-01
-1.252075825877379867e+00
8.643729996861588827e-01
-4.439515289072262227e-01
-1.053572040680802013e+00
-2.555056973293934330e-01
-4.609286042529587291e-01
7.496492865494714941e-01
3.887866058359018551e-01
3.414730360666098918e-01
3.332444684463433671e-01
1.314983822891084286e-01
9.315583908142255343e-01
3.524658028492760886e-02
-1.048817049367996024e-01
5.202448177076159919e-01
-1.404035434509237623e-01
5.850671799106963444e-01
-8.857625130163654381e-02
-9.292984450111674288e-01
-3.168642381477844716e-01
-1.835960088223236863e-01
-7.373383055765412308e-01
1.676815992186375670e-02
-6.234738369144032788e-02
-1.291767023922419710e+00
-9.196436813641359898e-01
-4.472548213382664395e-01
-1.365987387794033836e+00
-1.044475373832264742e+00
-2.816097671282845050e-01
-5.289164737131177851e-01
1.938498113121278621e-02
9.354975712869592064e-01
1.187764025275428015e+00
8.844290296962513676e-01
-4.854721780239854567e-01
5.953937401811552066e-01
-4.455671475818023808e-02
-5.895913950800983905e-01
6.028217476433640476e-01
8.905911550723608627e-01
6.158371893690821608e-01
-5.293382454882968879e-01
-5.934686202444114933e-01
1.053115910191789184e-01
-8.776666599766256294e-01
-5.253823619258364275e-01
8.493043619223022977e-01
3.140549282153627941e-01
-9.849783240966352160e-01
-2.718538283383573617e-01
-1.226640833126941277e-01
-6.984496794598502589e-01
7.350024713911569307e-01
-2.339048975453058010e-01
6.672438293293379008e-01
-2.524750555315382061e-01
1.188879698445961530e+00
1.091586552829821199e+00
-3.600697410509737795e-01
-7.659583503773143009e-01
-1.209771540191489914e-02
-1.038938793575947539e-01
1.287080191150440589e+00
9.638237103942681738e-03
-8.873571123939427707e-02
-7.527839525884220118e-01
1.012814968494206713e+00
-8.552087701554633714e-01
3.456658955499286590e-01
-9.810459489141905021e-01
-1.802726160120971199e+00
-4.276543572798678916e-01
-2.662366174602359692e-02
-5.728640114588461341e-01
4.055043444022511379e-01
2.955596078719150421e-01
-6.953817376399967776e-02
-7.118976963944997349e-01
-2.848710318008782494e-01
2.537190373333552129e-01
7.119349620486046248e-01
8.718684094920531313e-01
1.426521569709532367e-02
1.964597168183407350e-01
3.326338693543373637e-01
-6.790230874130918082e-01
3.644510308851673930e-01
-8.350517358403982682e-01
-1.345801112798881705e-01
3.421309131240846679e-01
-9.540063178932327581e-01
-1.649549924003131718e+00
-4.982711217382755908e-01
-3.617537011314393425e-01
6.533960372330838151e-03
4.821233534614753902e-01
7.396571764423860440e-01
7.254409094312066486e-01
-8.155819921576938913e-01
-1.282922399826795123e+00
7.783607543510978610e-02
-2.234079150204741349e-01
-3.738940239834466217e-01
-8.787541587424744227e-01
-9.393373888634248825e-01
1.798437058479565032e-01
5.333827390591285855e-01
9.297620809683417864e-01
4.347430730871362226e-01
5.644695039003810866e-02
2.279632303824299377e-01
1.137959064531832043e+00
1.353368939692388140e-01
-2.148575068358812290e-01
-1.293012279087030203e-01
-7.249329870724952052e-02
-3.722571763529062272e-01
-2.451294534037101736e-02
1.034626182348886703e-01
-1.018102988483154725e+00
1.225106079518667013e+00
9.552911407373424479e-01
-1.886501606287199762e-02
-7.475633976094953059e-01
5.967433384622391479e-01
-6.032210939333666477e-01
1.068296900814940553e+00
-8.825189234201558097e-02
-5.151037678547598642e-01
-7.435575958544802244e-01
1.208707628436106463e-01
-2.549524996554702883e-01
-9.736168286064742494e-01
-5.531198302024883384e-01
5.120113116206475024e-01
1.341945965218199754e-01
1.512135025255247456e+00
4.898510332799765887e-01
-7.730633382876366255e-01
6.051414791099982704e-01
2.995778175693453171e-02
-2.819531933235536192e-01
6.041240697085354938e-01
-6.095781446416359550e-01
-6.280985650224477634e-01
8.471044708777134558e-01
4.374954150292426069e-01
-8.280230593402835293e-01
